# NaN NaN NaN ;Mean Elev.(m), Avg Gradient(m/km), RMS Gradient(m/km)
   2    43.149 54670.88227522 20.83 202.971312  64.771903  6.564 -100.00 -100.00 -100.00
   2    42.395 54670.88227581 23.29 202.977130  64.772760  8.981 -100.00 -100.00 -100.00
   2    39.047 54670.88227640 31.65 202.982949  64.773617 31.262 -100.00 -100.00 -100.00
   2    39.079 54670.88227699 30.74 202.988768  64.774473 27.393 -100.00 -100.00 -100.00
   3    83.258 54680.79792050 13.24 202.984484  64.774980   -100 -100.00 -100.00 -100.00
   3    83.421 54680.79792109 13.53 202.990304  64.775836 21.730 -100.00 -100.00 -100.00
   4    42.721 54690.71356183 23.17 202.970434  64.773631  7.678 -100.00 -100.00 -100.00
   4    39.509 54690.71356242 25.45 202.976253  64.774488 10.629 -100.00 -100.00 -100.00
   4    39.111 54690.71356301 31.55 202.982072  64.775344 24.383 -100.00 -100.00 -100.00
   4    39.621 54690.71356360 31.85 202.987891  64.776200 16.305 -100.00 -100.00 -100.00
   5   109.154 54700.62920331  0.21 202.981291  64.774814 10.067 -100.00 -100.00 -100.00
   5    82.805 54700.62920390 12.66 202.987110  64.775671 14.636 -100.00 -100.00 -100.00
   6    37.824 54710.54484843 24.08 202.973686  64.772268 11.133 -100.00 -100.00 -100.00
   6    37.915 54710.54484902 30.83 202.979503  64.773124 30.580 -100.00 -100.00 -100.00
   6    38.225 54710.54484961 31.18 202.985322  64.773981 27.620 -100.00 -100.00 -100.00
   6    38.236 54710.54485020 33.31 202.991140  64.774837   -100 -100.00 -100.00 -100.00
   7   108.742 54720.46049931  1.33 202.971167  64.770724  2.626 -100.00 -100.00 -100.00
   7   108.517 54720.46049990  4.79 202.976984  64.771580  4.292 -100.00 -100.00 -100.00
   7    81.494 54720.46050049 11.97 202.982802  64.772437 10.504 -100.00 -100.00 -100.00
   7    83.051 54720.46050108 13.01 202.988620  64.773293  7.158 -100.00 -100.00 -100.00
   8    38.160 54730.37614810 41.97 202.973225  64.770287 18.631 -100.00 -100.00 -100.00
   8    38.106 54730.37614869 41.79 202.979042  64.771144   -100 -100.00 -100.00 -100.00
   8    37.980 54730.37614928 37.34 202.984860  64.772000 27.101 -100.00 -100.00 -100.00
   8    38.749 54730.37614987 35.90 202.990679  64.772856 21.236 -100.00 -100.00 -100.00
  10    37.440 54750.20744207 41.87 202.970596  64.770947 18.338 -100.00 -100.00 -100.00
  10    36.574 54750.20744266 45.15 202.976414  64.771803   -100 -100.00 -100.00 -100.00
  10    36.428 54750.20744325 51.21 202.982232  64.772659 16.684 -100.00 -100.00 -100.00
  10    36.483 54750.20744384 36.04 202.988051  64.773515 31.475 -100.00 -100.00 -100.00
  11    85.052 54760.12308911 22.00 202.971442  64.771485 11.792 -100.00 -100.00 -100.00
  11    82.771 54760.12308970 13.04 202.977261  64.772341   -100 -100.00 -100.00 -100.00
  11   101.755 54760.12309029  5.62 202.983079  64.773198   -100 -100.00 -100.00 -100.00
  11    84.029 54760.12309088  3.54 202.988899  64.774054 14.769 -100.00 -100.00 -100.00
  12    35.468 54770.03873369 26.30 202.971978  64.771081 18.589 -100.00 -100.00 -100.00
  12    35.870 54770.03873428 23.65 202.977796  64.771938 12.048 -100.00 -100.00 -100.00
  12    36.047 54770.03873487 21.66 202.983615  64.772794  8.477 -100.00 -100.00 -100.00
  12    36.326 54770.03873546 20.17 202.989435  64.773650  6.335 -100.00 -100.00 -100.00
  14    35.937 54789.87001324 21.67 202.970007  64.768787 10.101 -100.00 -100.00 -100.00
  14    36.092 54789.87001383 21.86 202.975825  64.769644 10.098 -100.00 -100.00 -100.00
  14    36.442 54789.87001442 19.93 202.981644  64.770501  6.845 -100.00 -100.00 -100.00
  14    36.250 54789.87001502 21.18 202.987463  64.771357  8.790 -100.00 -100.00 -100.00
  15    36.041 54799.78565099 22.46 202.972002  64.769142 11.050 -100.00 -100.00 -100.00
  15    36.577 54799.78565158 20.55 202.977820  64.769999  8.008 -100.00 -100.00 -100.00
  15    36.745 54799.78565217 21.10 202.983639  64.770856  9.383 -100.00 -100.00 -100.00
  15    36.576 54799.78565276 20.42 202.989458  64.771712  7.590 -100.00 -100.00 -100.00
  17    36.347 54819.61692697 17.81 202.971803  64.770675  7.134 -100.00 -100.00 -100.00
  17    36.275 54819.61692756 18.33 202.977621  64.771532  7.446 -100.00 -100.00 -100.00
  17    35.892 54819.61692815 21.24 202.983440  64.772389 13.961 -100.00 -100.00 -100.00
  17    36.304 54819.61692874 17.23 202.989258  64.773245  6.223 -100.00 -100.00 -100.00
  18    36.138 54829.53257959 16.35 202.975237  64.771948  6.134 -100.00 -100.00 -100.00
  18    36.671 54829.53258018 16.00 202.981056  64.772805  5.006 -100.00 -100.00 -100.00
  18    36.065 54829.53258077 15.87 202.986875  64.773662  5.426 -100.00 -100.00 -100.00
  19    36.564 54839.44821844 14.77 202.975602  64.772708  4.523 -100.00 -100.00 -100.00
  19    36.377 54839.44821903 14.98 202.981421  64.773565  4.860 -100.00 -100.00 -100.00
  19    36.228 54839.44821962 14.69 202.987240  64.774421  5.014 -100.00 -100.00 -100.00
  20    35.785 54849.36386724 19.30 202.972171  64.773372 16.013 -100.00 -100.00 -100.00
  20    35.865 54849.36386783 18.86 202.977990  64.774229 15.716 -100.00 -100.00 -100.00
  20    35.816 54849.36386843 16.63 202.983809  64.775085 12.080 -100.00 -100.00 -100.00
  20    35.667 54849.36386902 17.39 202.989629  64.775941 12.258 -100.00 -100.00 -100.00
  21    39.127 54859.27951612  9.86 202.973708  64.774943  3.114 -100.00 -100.00 -100.00
  21    38.877 54859.27951671 10.11 202.979527  64.775799  3.227 -100.00 -100.00 -100.00
  21    39.018 54859.27951730 10.20 202.985347  64.776655  3.027 -100.00 -100.00 -100.00
  21    39.099 54859.27951789 10.57 202.991167  64.777511  3.913 -100.00 -100.00 -100.00
  22    38.771 54869.19516473 10.50 202.971547  64.775436  3.039 -100.00 -100.00 -100.00
  22    38.728 54869.19516532 10.61 202.977366  64.776293  3.113 -100.00 -100.00 -100.00
  22    38.981 54869.19516591 10.51 202.983186  64.777149  2.793 -100.00 -100.00 -100.00
  22    38.761 54869.19516650 10.95 202.989006  64.778005  3.723 -100.00 -100.00 -100.00
  23    38.290 54879.11081280 12.51 202.974800  64.775068  5.907 -100.00 -100.00 -100.00
  23    37.576 54879.11081339 12.49 202.980620  64.775925  5.178 -100.00 -100.00 -100.00
  23    35.302 54879.11081398 14.53 202.986440  64.776781  7.719 -100.00 -100.00 -100.00
  24    39.188 54889.02645686 10.61 202.970431  64.772278  3.517 -100.00 -100.00 -100.00
  24    38.850 54889.02645745 11.84 202.976250  64.773135  4.945 -100.00 -100.00 -100.00
  24    38.862 54889.02645804 10.40 202.982070  64.773991  3.098 -100.00 -100.00 -100.00
  24    38.742 54889.02645863 11.34 202.987890  64.774847  4.011 -100.00 -100.00 -100.00
  25    39.291 54898.94209827  9.36 202.971604  64.770533  4.061 -100.00 -100.00 -100.00
  25    38.782 54898.94209887  9.56 202.977423  64.771389  3.963 -100.00 -100.00 -100.00
  25    38.257 54898.94209946 11.45 202.983242  64.772245  6.835 -100.00 -100.00 -100.00
  25    38.972 54898.94210005  9.57 202.989062  64.773101  4.126 -100.00 -100.00 -100.00
  26    39.238 54908.85773732  8.87 202.972331  64.770464  3.284 -100.00 -100.00 -100.00
  26    39.540 54908.85773791  8.75 202.978150  64.771320  2.745 -100.00 -100.00 -100.00
  26    38.969 54908.85773850  9.25 202.983970  64.772176  3.570 -100.00 -100.00 -100.00
  26    39.197 54908.85773909  9.07 202.989789  64.773032  3.237 -100.00 -100.00 -100.00
  27    39.342 54918.77337520  7.80 202.973722  64.771590  2.822 -100.00 -100.00 -100.00
  27    38.965 54918.77337579  8.02 202.979541  64.772446  3.127 -100.00 -100.00 -100.00
  27    38.862 54918.77337638  7.87 202.985360  64.773302  2.852 -100.00 -100.00 -100.00
  27    39.653 54918.77337697  8.01 202.991180  64.774158  3.367 -100.00 -100.00 -100.00
  28    39.206 54928.68901245  8.38 202.971558  64.771687  3.107 -100.00 -100.00 -100.00
  28    38.653 54928.68901304  8.76 202.977377  64.772544  3.874 -100.00 -100.00 -100.00
  28    38.782 54928.68901363  8.41 202.983196  64.773400  3.021 -100.00 -100.00 -100.00
  28    38.868 54928.68901422  9.19 202.989015  64.774256  3.933 -100.00 -100.00 -100.00
  29    39.930 54938.60464895 10.19 202.970802  64.770439  2.675 -100.00 -100.00 -100.00
  29    39.072 54938.60464954 10.31 202.976620  64.771296  3.088 -100.00 -100.00 -100.00
  29    39.364 54938.60465013 10.54 202.982438  64.772152  3.171 -100.00 -100.00 -100.00
  29    39.235 54938.60465072 10.46 202.988257  64.773008  3.058 -100.00 -100.00 -100.00
  30    35.649 54948.52028425 33.02 202.975362  64.769231   -100 -100.00 -100.00 -100.00
  30    36.005 54948.52028484 34.20 202.981180  64.770088 31.962 -100.00 -100.00 -100.00
  30    36.101 54948.52028543 34.64 202.986997  64.770944   -100 -100.00 -100.00 -100.00
  32    42.115 54968.35156964 56.78 202.980552  64.769387 16.671 -100.00 -100.00 -100.00
  32    42.339 54968.35157023 57.39 202.986369  64.770243   -100 -100.00 -100.00 -100.00
  32    42.081 54968.35157082 53.63 202.992187  64.771100 31.103 -100.00 -100.00 -100.00
  34    84.982 54988.18286509 13.05 202.983911  64.772703 18.347 -100.00 -100.00 -100.00
  34    91.034 54988.18286568 13.41 202.989730  64.773559 12.352 -100.00 -100.00 -100.00
  35    39.939 54998.09851158 36.45 202.972514  64.771418   -100 -100.00 -100.00 -100.00
  35    39.815 54998.09851217 37.32 202.978332  64.772275   -100 -100.00 -100.00 -100.00
  35    40.127 54998.09851276 43.22 202.984151  64.773131   -100 -100.00 -100.00 -100.00
  35    40.227 54998.09851335 42.16 202.989970  64.773987   -100 -100.00 -100.00 -100.00
  36    39.929 55008.01415728 36.14 202.971096  64.771379   -100 -100.00 -100.00 -100.00
  36    39.734 55008.01415787 32.07 202.976914  64.772236 29.907 -100.00 -100.00 -100.00
  36    39.888 55008.01415846 33.35 202.982733  64.773092   -100 -100.00 -100.00 -100.00
  36    40.007 55008.01415905 40.03 202.988552  64.773948   -100 -100.00 -100.00 -100.00
  37    42.849 55017.92980108 29.18 202.970303  64.771689 13.241 -100.00 -100.00 -100.00
  37    39.020 55017.92980167 32.04 202.976121  64.772546 19.709 -100.00 -100.00 -100.00
  37    39.167 55017.92980226 35.78 202.981940  64.773402   -100 -100.00 -100.00 -100.00
  37    39.388 55017.92980285 39.12 202.987759  64.774258   -100 -100.00 -100.00 -100.00
  38    42.580 55027.84544401 24.09 202.974536  64.773472 11.332 -100.00 -100.00 -100.00
  38    38.188 55027.84544460 26.95 202.980355  64.774329 18.370 -100.00 -100.00 -100.00
  38    38.057 55027.84544519 34.41 202.986174  64.775185   -100 -100.00 -100.00 -100.00
  41    37.061 55057.59236556 44.06 202.975162  64.773129  6.245 -100.00 -100.00 -100.00
  41    36.997 55057.59236615 48.43 202.980981  64.773985   -100 -100.00 -100.00 -100.00
  41    37.015 55057.59236674 44.23 202.986799  64.774842 24.101 -100.00 -100.00 -100.00
  42    38.012 55067.50800257 41.07 202.972716  64.769918 18.998 -100.00 -100.00 -100.00
  42    36.953 55067.50800317 47.03 202.978533  64.770775 27.484 -100.00 -100.00 -100.00
  42    37.445 55067.50800376 38.78 202.984351  64.771631   -100 -100.00 -100.00 -100.00
  42    37.500 55067.50800435 41.09 202.990169  64.772488   -100 -100.00 -100.00 -100.00
  43    37.114 55077.42365294 27.00 202.975125  64.768946 20.084 -100.00 -100.00 -100.00
  43    37.181 55077.42365353 30.59 202.980942  64.769803 31.362 -100.00 -100.00 -100.00
  43    37.525 55077.42365412 34.27 202.986760  64.770659   -100 -100.00 -100.00 -100.00
  43    37.422 55077.42365471 35.30 202.992578  64.771515   -100 -100.00 -100.00 -100.00
  44    37.255 55087.33930069 26.31 202.974389  64.769546 21.714 -100.00 -100.00 -100.00
  44    37.435 55087.33930128 28.53 202.980206  64.770402 28.886 -100.00 -100.00 -100.00
  44    37.591 55087.33930187 31.00 202.986024  64.771258   -100 -100.00 -100.00 -100.00
  44    37.512 55087.33930246 31.03 202.991842  64.772114   -100 -100.00 -100.00 -100.00
  45    42.426 55097.25494662 24.42 202.970509  64.770811 12.405 -100.00 -100.00 -100.00
  45    36.993 55097.25494721 25.30 202.976327  64.771667 14.387 -100.00 -100.00 -100.00
  45    37.266 55097.25494780 28.77 202.982145  64.772524 21.759 -100.00 -100.00 -100.00
  45    37.275 55097.25494839 32.02 202.987964  64.773380   -100 -100.00 -100.00 -100.00
  46    41.668 55107.17059276 24.43 202.973054  64.772351 15.221 -100.00 -100.00 -100.00
  46    37.068 55107.17059335 24.26 202.978873  64.773208 13.485 -100.00 -100.00 -100.00
  46    37.317 55107.17059394 27.47 202.984692  64.774064 18.862 -100.00 -100.00 -100.00
  46    37.287 55107.17059453 30.37 202.990511  64.774920 32.488 -100.00 -100.00 -100.00
  47    36.578 55117.08623786 39.84 202.972370  64.771537 20.463 -100.00 -100.00 -100.00
  47    36.539 55117.08623845 45.38 202.978189  64.772394 30.280 -100.00 -100.00 -100.00
  47    36.469 55117.08623904 49.17 202.984008  64.773250   -100 -100.00 -100.00 -100.00
  47    36.860 55117.08623963 33.96 202.989827  64.774106 17.548 -100.00 -100.00 -100.00
  48    35.951 55127.00188045 39.86 202.970719  64.769339 28.715 -100.00 -100.00 -100.00
  48    35.482 55127.00188104 41.97 202.976537  64.770196   -100 -100.00 -100.00 -100.00
  48    35.367 55127.00188163 45.51 202.982356  64.771052 20.117 -100.00 -100.00 -100.00
  48    35.320 55127.00188222 36.96 202.988175  64.771908   -100 -100.00 -100.00 -100.00
  49    35.871 55136.91752135 38.86 202.975008  64.768595   -100 -100.00 -100.00 -100.00
  49    35.736 55136.91752195 43.01 202.980826  64.769451 14.732 -100.00 -100.00 -100.00
  49    35.884 55136.91752254 37.38 202.986645  64.770308   -100 -100.00 -100.00 -100.00
  49    35.640 55136.91752313 35.52 202.992464  64.771164   -100 -100.00 -100.00 -100.00
  50    36.118 55146.83315976 22.82 202.972838  64.768596  9.736 -100.00 -100.00 -100.00
  50    36.973 55146.83316035 20.12 202.978656  64.769453  6.153 -100.00 -100.00 -100.00
  50    37.482 55146.83316094 19.80 202.984475  64.770309  5.869 -100.00 -100.00 -100.00
  50    38.085 55146.83316153 18.74 202.990294  64.771165  5.115 -100.00 -100.00 -100.00
  51    35.978 55156.74879765 17.88 202.971848  64.770208  4.030 -100.00 -100.00 -100.00
  51    36.792 55156.74879824 17.76 202.977666  64.771064  4.102 -100.00 -100.00 -100.00
  51    37.620 55156.74879883 17.94 202.983485  64.771921  4.364 -100.00 -100.00 -100.00
  51    37.997 55156.74879942 18.25 202.989304  64.772777  5.128 -100.00 -100.00 -100.00
  52    35.931 55166.66443563 17.07 202.972198  64.771586  3.868 -100.00 -100.00 -100.00
  52    36.453 55166.66443622 17.30 202.978016  64.772443  4.893 -100.00 -100.00 -100.00
  52    34.963 55166.66443681 17.57 202.983835  64.773299  4.585 -100.00 -100.00 -100.00
  52    37.384 55166.66443740 17.79 202.989654  64.774155  5.332 -100.00 -100.00 -100.00
  53    35.729 55176.58007307 17.48 202.971590  64.771686  4.620 -100.00 -100.00 -100.00
  53    35.819 55176.58007366 16.59 202.977408  64.772543  4.191 -100.00 -100.00 -100.00
  53    37.763 55176.58007425 16.11 202.983227  64.773400  3.588 -100.00 -100.00 -100.00
  53    34.910 55176.58007484 16.25 202.989046  64.774256  3.786 -100.00 -100.00 -100.00
  54    36.093 55186.49571542 15.87 202.969949  64.770645  3.544 -100.00 -100.00 -100.00
  54    36.427 55186.49571601 15.84 202.975767  64.771502  3.580 -100.00 -100.00 -100.00
  54    36.690 55186.49571660 16.02 202.981585  64.772358  3.246 -100.00 -100.00 -100.00
  54    37.841 55186.49571719 16.13 202.987403  64.773215  3.748 -100.00 -100.00 -100.00
  55    36.494 55196.41136663 15.29 202.972024  64.771292  3.697 -100.00 -100.00 -100.00
  55    37.012 55196.41136722 14.73 202.977842  64.772149  2.946 -100.00 -100.00 -100.00
  55    37.331 55196.41136781 14.60 202.983660  64.773005  3.430 -100.00 -100.00 -100.00
  55    37.818 55196.41136840 14.20 202.989479  64.773862  2.662 -100.00 -100.00 -100.00
  56    36.487 55206.32701679 14.53 202.974601  64.773244  2.776 -100.00 -100.00 -100.00
  56    37.133 55206.32701738 14.74 202.980419  64.774101  3.400 -100.00 -100.00 -100.00
  56    37.050 55206.32701797 14.56 202.986239  64.774957  3.492 -100.00 -100.00 -100.00
  57    35.704 55216.24266608 14.04 202.974002  64.775067  3.328 -100.00 -100.00 -100.00
  57    35.586 55216.24266667 13.95 202.979821  64.775924  3.250 -100.00 -100.00 -100.00
  57    37.614 55216.24266726 13.88 202.985641  64.776780  2.587 -100.00 -100.00 -100.00
  58    35.921 55226.15831464 13.99 202.972757  64.775429  3.305 -100.00 -100.00 -100.00
  58    36.923 55226.15831523 13.77 202.978577  64.776285  2.751 -100.00 -100.00 -100.00
  58    37.138 55226.15831582 13.54 202.984397  64.777142  2.956 -100.00 -100.00 -100.00
  58    36.868 55226.15831641 13.52 202.990217  64.777998  2.718 -100.00 -100.00 -100.00
  59    35.869 55236.07396086 13.17 202.973481  64.773778  3.020 -100.00 -100.00 -100.00
  59    35.897 55236.07396145 12.79 202.979301  64.774634  2.803 -100.00 -100.00 -100.00
  59    37.240 55236.07396204 12.62 202.985121  64.775490  2.571 -100.00 -100.00 -100.00
  59    37.095 55236.07396263 13.11 202.990941  64.776346  2.957 -100.00 -100.00 -100.00
  60    36.351 55245.98960372 12.81 202.975308  64.770994  2.598 -100.00 -100.00 -100.00
  60    36.902 55245.98960431 12.50 202.981127  64.771851  2.798 -100.00 -100.00 -100.00
  60    37.075 55245.98960490 12.26 202.986946  64.772707  2.567 -100.00 -100.00 -100.00
  61    36.696 55255.90524366 12.76 202.974464  64.768875  2.639 -100.00 -100.00 -100.00
  61    37.041 55255.90524425 12.55 202.980282  64.769731  2.889 -100.00 -100.00 -100.00
  61    36.920 55255.90524484 12.57 202.986101  64.770588  2.791 -100.00 -100.00 -100.00
  61    37.244 55255.90524543 12.98 202.991920  64.771444  3.287 -100.00 -100.00 -100.00
  62    36.577 55265.82088253 11.67 202.974603  64.769549  2.511 -100.00 -100.00 -100.00
  62    36.850 55265.82088312 11.76 202.980422  64.770406  2.415 -100.00 -100.00 -100.00
  62    36.933 55265.82088371 11.68 202.986241  64.771262  2.215 -100.00 -100.00 -100.00
  62    37.627 55265.82088430 11.48 202.992060  64.772118  2.783 -100.00 -100.00 -100.00
  63    36.506 55275.73652066 12.31 202.974280  64.771638  2.656 -100.00 -100.00 -100.00
  63    37.043 55275.73652125 11.79 202.980099  64.772494  2.371 -100.00 -100.00 -100.00
  63    37.210 55275.73652184 12.32 202.985918  64.773351  2.796 -100.00 -100.00 -100.00
  63    37.478 55275.73652243 11.98 202.991737  64.774206  2.533 -100.00 -100.00 -100.00
  64    36.559 55285.65215745 10.99 202.970593  64.771965  3.073 -100.00 -100.00 -100.00
  64    37.014 55285.65215804 11.05 202.976412  64.772821  3.413 -100.00 -100.00 -100.00
  64    37.228 55285.65215864 10.91 202.982230  64.773678  2.933 -100.00 -100.00 -100.00
  64    37.425 55285.65215923 11.14 202.988050  64.774534  3.588 -100.00 -100.00 -100.00
  65    36.277 55295.56779255 10.21 202.971248  64.770456  2.758 -100.00 -100.00 -100.00
  65    34.942 55295.56779314 11.23 202.977066  64.771313  3.884 -100.00 -100.00 -100.00
  65    36.360 55295.56779373 11.46 202.982884  64.772169  4.718 -100.00 -100.00 -100.00
  65    36.111 55295.56779432 10.90 202.988702  64.773026  3.561 -100.00 -100.00 -100.00
  66    35.898 55305.48343196 11.31 202.974441  64.768296 11.764 -100.00 -100.00 -100.00
  66    37.270 55305.48343255 10.14 202.980258  64.769153  7.879 -100.00 -100.00 -100.00
  66    40.196 55305.48343314 10.28 202.986076  64.770010  8.555 -100.00 -100.00 -100.00
  66    38.000 55305.48343373 13.59 202.991894  64.770866 14.834 -100.00 -100.00 -100.00
  67    34.744 55315.39907886 38.83 202.973836  64.767138   -100 -100.00 -100.00 -100.00
  67    39.962 55315.39907946 34.29 202.979653  64.767994 24.724 -100.00 -100.00 -100.00
  67    39.628 55315.39908005 38.75 202.985470  64.768851 31.256 -100.00 -100.00 -100.00
  67    39.954 55315.39908064 36.43 202.991288  64.769707 28.645 -100.00 -100.00 -100.00
  68   101.996 55325.31472426  7.03 202.972009  64.768092  7.726 -100.00 -100.00 -100.00
  68    96.349 55325.31472485  9.97 202.977826  64.768949 10.084 -100.00 -100.00 -100.00
  68    97.284 55325.31472544 14.28 202.983643  64.769805 12.592 -100.00 -100.00 -100.00
  68    98.610 55325.31472603 15.93 202.989461  64.770661 18.930 -100.00 -100.00 -100.00
  69   103.135 55335.23036935  0.07 202.977933  64.771402  5.422 -100.00 -100.00 -100.00
  69    94.926 55335.23036994  8.04 202.983751  64.772258 12.454 -100.00 -100.00 -100.00
  69    95.836 55335.23037053  7.65 202.989570  64.773114 10.782 -100.00 -100.00 -100.00
  71    43.633 55355.06165615 22.37 202.974565  64.772838  8.977 -100.00 -100.00 -100.00
  71    42.578 55355.06165674 22.47 202.980383  64.773695 10.137 -100.00 -100.00 -100.00
  71    40.937 55355.06165733 25.72 202.986202  64.774551 15.879 -100.00 -100.00 -100.00
  72    43.056 55364.97729663 24.37 202.969930  64.771539 12.727 -100.00 -100.00 -100.00
  72    42.310 55364.97729722 26.00 202.975748  64.772396 20.141 -100.00 -100.00 -100.00
  72    39.011 55364.97729781 23.99 202.981566  64.773253 13.938 -100.00 -100.00 -100.00
  72    37.716 55364.97729840 31.41 202.987385  64.774109   -100 -100.00 -100.00 -100.00
  73    37.735 55374.89293606 43.24 202.970640  64.771257   -100 -100.00 -100.00 -100.00
  73    37.746 55374.89293665 47.53 202.976458  64.772114   -100 -100.00 -100.00 -100.00
  73    37.410 55374.89293724 47.34 202.982277  64.772971 19.951 -100.00 -100.00 -100.00
  73    37.640 55374.89293783 40.36 202.988096  64.773827   -100 -100.00 -100.00 -100.00
  74    38.434 55384.80857468 47.46 202.973951  64.772329   -100 -100.00 -100.00 -100.00
  74    38.627 55384.80857527 49.98 202.979769  64.773185   -100 -100.00 -100.00 -100.00
  74    38.534 55384.80857586 51.03 202.985588  64.774042   -100 -100.00 -100.00 -100.00
  74    38.400 55384.80857645 43.77 202.991407  64.774898   -100 -100.00 -100.00 -100.00
  75    38.268 55394.72421206 29.50 202.973617  64.773047   -100 -100.00 -100.00 -100.00
  75    38.172 55394.72421265 33.77 202.979436  64.773903 10.257 -100.00 -100.00 -100.00
  75    38.272 55394.72421324 33.56 202.985255  64.774760   -100 -100.00 -100.00 -100.00
  75    38.785 55394.72421383 34.55 202.991074  64.775616   -100 -100.00 -100.00 -100.00
  76    38.568 55404.63985049 46.01 202.970480  64.772596   -100 -100.00 -100.00 -100.00
  76    38.772 55404.63985108 49.45 202.976298  64.773453   -100 -100.00 -100.00 -100.00
  76    38.636 55404.63985167 52.58 202.982117  64.774309   -100 -100.00 -100.00 -100.00
  76    38.476 55404.63985226 45.32 202.987935  64.775166   -100 -100.00 -100.00 -100.00
  77    39.325 55414.55550215 45.46 202.972694  64.771810   -100 -100.00 -100.00 -100.00
  77    39.440 55414.55550274 49.32 202.978512  64.772667   -100 -100.00 -100.00 -100.00
  77    39.231 55414.55550334 50.39 202.984330  64.773523   -100 -100.00 -100.00 -100.00
  77    39.135 55414.55550393 48.32 202.990148  64.774379 18.413 -100.00 -100.00 -100.00
  78    39.300 55424.47115021 30.72 202.970206  64.769228 21.471 -100.00 -100.00 -100.00
  78    39.306 55424.47115080 33.70 202.976023  64.770084 32.453 -100.00 -100.00 -100.00
  78    39.626 55424.47115139 35.24 202.981840  64.770941   -100 -100.00 -100.00 -100.00
  78    39.876 55424.47115198 36.06 202.987658  64.771797   -100 -100.00 -100.00 -100.00
  79    38.376 55434.38679610 34.53 202.971554  64.767773   -100 -100.00 -100.00 -100.00
  79    38.325 55434.38679669 37.97 202.977371  64.768630   -100 -100.00 -100.00 -100.00
  79    39.052 55434.38679728 38.99 202.983188  64.769486 29.663 -100.00 -100.00 -100.00
  79    39.172 55434.38679787 39.93 202.989006  64.770342 27.082 -100.00 -100.00 -100.00
  80    38.007 55444.30244095 36.69 202.975492  64.768992   -100 -100.00 -100.00 -100.00
  80    38.185 55444.30244154 31.23 202.981310  64.769848 16.281 -100.00 -100.00 -100.00
  80    38.292 55444.30244213 33.20 202.987128  64.770704 23.159 -100.00 -100.00 -100.00
  81    37.449 55454.21808408 33.75 202.972721  64.770553 12.366 -100.00 -100.00 -100.00
  81    37.532 55454.21808467 37.12 202.978539  64.771409 21.682 -100.00 -100.00 -100.00
  81    37.667 55454.21808526 40.90 202.984357  64.772266   -100 -100.00 -100.00 -100.00
  81    37.763 55454.21808585 42.01 202.990176  64.773121   -100 -100.00 -100.00 -100.00
  82    43.831 55464.13372651 22.20 202.970926  64.771882 11.898 -100.00 -100.00 -100.00
  82    37.848 55464.13372710 26.89 202.976744  64.772739 20.735 -100.00 -100.00 -100.00
  82    37.956 55464.13372769 27.87 202.982563  64.773595 23.450 -100.00 -100.00 -100.00
  82    38.040 55464.13372828 30.44 202.988382  64.774451 27.234 -100.00 -100.00 -100.00
  83    36.207 55474.04936648 40.10 202.971216  64.771115 29.845 -100.00 -100.00 -100.00
  83    36.397 55474.04936707 41.45 202.977034  64.771971 24.551 -100.00 -100.00 -100.00
  83    35.914 55474.04936766 39.09 202.982853  64.772828 32.766 -100.00 -100.00 -100.00
  83    37.358 55474.04936825 38.00 202.988672  64.773684 25.043 -100.00 -100.00 -100.00
  84    35.716 55483.96500372 39.96 202.974518  64.769187 25.752 -100.00 -100.00 -100.00
  84    36.039 55483.96500431 43.26 202.980336  64.770043 24.631 -100.00 -100.00 -100.00
  84    35.677 55483.96500490 41.30 202.986155  64.770900   -100 -100.00 -100.00 -100.00
  84    35.560 55483.96500549 34.04 202.991974  64.771756 26.947 -100.00 -100.00 -100.00
  85    34.542 55493.88063810 37.88 202.970285  64.766540   -100 -100.00 -100.00 -100.00
  85    34.616 55493.88063869 40.28 202.976103  64.767397   -100 -100.00 -100.00 -100.00
  85    34.244 55493.88063928 42.22 202.981921  64.768253  8.540 -100.00 -100.00 -100.00
  85    34.390 55493.88063987 36.37 202.987739  64.769110   -100 -100.00 -100.00 -100.00
  86    36.210 55503.79627215 29.59 202.973290  64.767404 21.423 -100.00 -100.00 -100.00
  86    36.149 55503.79627274 33.45 202.979107  64.768261   -100 -100.00 -100.00 -100.00
  86    35.958 55503.79627333 32.68 202.984925  64.769118   -100 -100.00 -100.00 -100.00
  86    37.535 55503.79627392 29.12 202.990744  64.769974 25.009 -100.00 -100.00 -100.00
  87    35.747 55513.71192046 32.64 202.972473  64.770025   -100 -100.00 -100.00 -100.00
  87    35.656 55513.71192105 27.70 202.978291  64.770882 28.813 -100.00 -100.00 -100.00
  87    35.607 55513.71192164 24.65 202.984110  64.771739 15.590 -100.00 -100.00 -100.00
  87    37.604 55513.71192223 22.74 202.989929  64.772595 14.169 -100.00 -100.00 -100.00
  88    36.225 55523.62757026 35.71 202.973338  64.772606   -100 -100.00 -100.00 -100.00
  88    36.033 55523.62757085 30.89 202.979156  64.773463   -100 -100.00 -100.00 -100.00
  88    35.776 55523.62757144 29.38 202.984975  64.774319   -100 -100.00 -100.00 -100.00
  88    35.686 55523.62757203 29.24 202.990795  64.775175   -100 -100.00 -100.00 -100.00
  89    35.910 55533.54321826 30.63 202.974149  64.773513   -100 -100.00 -100.00 -100.00
  89    35.977 55533.54321885 24.97 202.979968  64.774370 27.584 -100.00 -100.00 -100.00
  89    35.552 55533.54321944 19.66 202.985787  64.775226 16.225 -100.00 -100.00 -100.00
  90    35.953 55543.45886427 15.31 202.973910  64.772858  5.630 -100.00 -100.00 -100.00
  90    35.993 55543.45886487 14.32 202.979729  64.773715  4.904 -100.00 -100.00 -100.00
  90    35.586 55543.45886546 18.20 202.985548  64.774571 10.016 -100.00 -100.00 -100.00
  90    35.112 55543.45886605 16.45 202.991367  64.775427  8.236 -100.00 -100.00 -100.00
  91    36.085 55553.37450850 12.93 202.974966  64.772593  3.660 -100.00 -100.00 -100.00
  91    36.962 55553.37450909 13.25 202.980785  64.773450  3.574 -100.00 -100.00 -100.00
  91    35.689 55553.37450968 14.91 202.986604  64.774306  6.359 -100.00 -100.00 -100.00
  92    36.362 55563.29015127 13.96 202.971970  64.772797  5.103 -100.00 -100.00 -100.00
  92    36.076 55563.29015186 16.79 202.977788  64.773654  7.273 -100.00 -100.00 -100.00
  92    35.572 55563.29015245 16.65 202.983608  64.774510  7.975 -100.00 -100.00 -100.00
  92    35.548 55563.29015304 16.20 202.989427  64.775366  6.831 -100.00 -100.00 -100.00
  93    36.168 55573.20579353 14.09 202.969912  64.773245  5.893 -100.00 -100.00 -100.00
  93    35.964 55573.20579412 15.05 202.975731  64.774102  8.110 -100.00 -100.00 -100.00
  93    35.952 55573.20579471 14.67 202.981551  64.774958  6.957 -100.00 -100.00 -100.00
  93    35.558 55573.20579530 17.86 202.987370  64.775814 12.087 -100.00 -100.00 -100.00
  94    36.639 55583.12143517 13.87 202.975444  64.773645  5.966 -100.00 -100.00 -100.00
  94    36.840 55583.12143576 13.28 202.981264  64.774501  4.806 -100.00 -100.00 -100.00
  94    35.684 55583.12143635 14.39 202.987083  64.775358  6.923 -100.00 -100.00 -100.00
  95    36.822 55593.03707243 12.00 202.972466  64.771256  4.571 -100.00 -100.00 -100.00
  95    36.587 55593.03707302 13.25 202.978284  64.772112  5.026 -100.00 -100.00 -100.00
  95    36.689 55593.03707361 12.91 202.984104  64.772969  5.311 -100.00 -100.00 -100.00
  95    36.597 55593.03707420 14.28 202.989923  64.773825  6.234 -100.00 -100.00 -100.00
  96    36.852 55602.95270638 12.38 202.970242  64.768413  4.562 -100.00 -100.00 -100.00
  96    37.241 55602.95270697 11.87 202.976059  64.769270  4.111 -100.00 -100.00 -100.00
  96    37.071 55602.95270756 12.27 202.981878  64.770126  3.743 -100.00 -100.00 -100.00
  96    37.289 55602.95270815 12.04 202.987697  64.770983  4.054 -100.00 -100.00 -100.00
  97    37.327 55612.86833895 10.77 202.974691  64.767574  2.956 -100.00 -100.00 -100.00
  97    37.707 55612.86833954 10.81 202.980509  64.768431  3.785 -100.00 -100.00 -100.00
  97    37.778 55612.86834013 10.95 202.986327  64.769287  3.055 -100.00 -100.00 -100.00
  97    38.026 55612.86834072 11.30 202.992146  64.770144  3.528 -100.00 -100.00 -100.00
  98    37.900 55622.78397456 10.43 202.974342  64.767865  2.922 -100.00 -100.00 -100.00
  98    37.439 55622.78397515 10.35 202.980160  64.768722  2.731 -100.00 -100.00 -100.00
  98    37.932 55622.78397574 10.60 202.985978  64.769579  2.729 -100.00 -100.00 -100.00
  98    37.737 55622.78397633 11.04 202.991797  64.770435  3.295 -100.00 -100.00 -100.00
  99    36.847 55632.69962711 11.65 202.970623  64.769387  5.203 -100.00 -100.00 -100.00
  99    37.162 55632.69962770 10.97 202.976441  64.770244  3.944 -100.00 -100.00 -100.00
  99    37.187 55632.69962829 11.22 202.982260  64.771100  4.118 -100.00 -100.00 -100.00
  99    37.216 55632.69962888 11.65 202.988078  64.771957  4.801 -100.00 -100.00 -100.00
 100    37.098 55642.61527808 10.72 202.974166  64.770965  4.059 -100.00 -100.00 -100.00
 100    37.044 55642.61527867 10.47 202.979985  64.771821  3.757 -100.00 -100.00 -100.00
 100    36.773 55642.61527926 11.98 202.985803  64.772678  5.820 -100.00 -100.00 -100.00
 100    35.454 55642.61527985 13.36 202.991622  64.773534  7.116 -100.00 -100.00 -100.00
 101    36.838 55652.53092585 10.75 202.975310  64.770737  3.645 -100.00 -100.00 -100.00
 101    37.000 55652.53092644 11.37 202.981128  64.771593  4.221 -100.00 -100.00 -100.00
 101    35.964 55652.53092703 12.93 202.986946  64.772449  6.184 -100.00 -100.00 -100.00
 102    38.254 55662.44656928  9.59 202.975553  64.769191  2.832 -100.00 -100.00 -100.00
 102    38.730 55662.44656987  9.78 202.981370  64.770047  2.984 -100.00 -100.00 -100.00
 102    38.286 55662.44657046  9.86 202.987188  64.770904  3.270 -100.00 -100.00 -100.00
 103    37.566 55672.36220947 10.11 202.972998  64.768133  4.546 -100.00 -100.00 -100.00
 103    36.809 55672.36221006 10.52 202.978815  64.768990  4.626 -100.00 -100.00 -100.00
 103    37.475 55672.36221065  9.98 202.984633  64.769846  4.008 -100.00 -100.00 -100.00
 103    37.419 55672.36221124 11.13 202.990451  64.770702  5.526 -100.00 -100.00 -100.00
 104    40.724 55682.27784835 27.74 202.970960  64.768539 20.447 -100.00 -100.00 -100.00
 104    34.615 55682.27784894 30.38 202.976777  64.769396   -100 -100.00 -100.00 -100.00
 104    37.228 55682.27784954 30.71 202.982594  64.770252 31.592 -100.00 -100.00 -100.00
 104    37.788 55682.27785013 29.69 202.988412  64.771108 27.120 -100.00 -100.00 -100.00
 105   104.352 55692.19348637  0.80 202.974775  64.770751  4.448 -100.00 -100.00 -100.00
 105   101.278 55692.19348696  1.30 202.980593  64.771607  4.338 -100.00 -100.00 -100.00
 105    99.839 55692.19348755  2.82 202.986411  64.772464  5.014 -100.00 -100.00 -100.00
 105   103.143 55692.19348814  3.89 202.992230  64.773320  5.162 -100.00 -100.00 -100.00
 107    40.701 55712.02476500 43.16 202.975513  64.772530   -100 -100.00 -100.00 -100.00
 107    40.982 55712.02476559 45.68 202.981331  64.773387   -100 -100.00 -100.00 -100.00
 107    40.931 55712.02476618 45.76 202.987150  64.774244   -100 -100.00 -100.00 -100.00
 108    42.622 55721.94041422 29.16 202.971665  64.772049 17.968 -100.00 -100.00 -100.00
 108    39.760 55721.94041481 30.33 202.977483  64.772906 20.918 -100.00 -100.00 -100.00
 108    39.989 55721.94041540 34.63 202.983301  64.773762   -100 -100.00 -100.00 -100.00
 108    40.330 55721.94041599 36.53 202.989121  64.774619 27.725 -100.00 -100.00 -100.00
 109    42.735 55731.85606202 24.95 202.974010  64.772561 10.132 -100.00 -100.00 -100.00
 109    38.596 55731.85606261 27.24 202.979829  64.773418 15.385 -100.00 -100.00 -100.00
 109    38.778 55731.85606320 32.95 202.985648  64.774274   -100 -100.00 -100.00 -100.00
 109    38.834 55731.85606379 33.71 202.991467  64.775130 31.434 -100.00 -100.00 -100.00
 110    42.326 55741.77170807 27.51 202.971851  64.772501 22.469 -100.00 -100.00 -100.00
 110    39.606 55741.77170866 28.79 202.977669  64.773358 26.197 -100.00 -100.00 -100.00
 110    39.732 55741.77170925 34.15 202.983488  64.774214   -100 -100.00 -100.00 -100.00
 110    40.551 55741.77170984 33.81 202.989308  64.775070 19.382 -100.00 -100.00 -100.00
 111    39.916 55751.68735301 33.83 202.971557  64.772554   -100 -100.00 -100.00 -100.00
 111    39.807 55751.68735360 34.22 202.977375  64.773410   -100 -100.00 -100.00 -100.00
 111    39.981 55751.68735419 36.29 202.983194  64.774267   -100 -100.00 -100.00 -100.00
 111    40.457 55751.68735478 37.32 202.989013  64.775123 28.592 -100.00 -100.00 -100.00
 112    39.412 55761.60299599 48.70 202.975552  64.772360   -100 -100.00 -100.00 -100.00
 112    39.325 55761.60299658 49.51 202.981371  64.773216   -100 -100.00 -100.00 -100.00
 112    39.268 55761.60299717 51.83 202.987189  64.774072 18.542 -100.00 -100.00 -100.00
 113    39.350 55771.51863561 29.30 202.974753  64.770851 32.157 -100.00 -100.00 -100.00
 113    39.503 55771.51863620 34.06 202.980571  64.771708   -100 -100.00 -100.00 -100.00
 113    39.813 55771.51863679 34.79 202.986389  64.772564   -100 -100.00 -100.00 -100.00
 113    39.495 55771.51863738 35.62 202.992207  64.773420   -100 -100.00 -100.00 -100.00
 114    39.398 55781.43427179 28.09 202.974624  64.769083 11.664 -100.00 -100.00 -100.00
 114    39.502 55781.43427238 33.08 202.980441  64.769940 26.157 -100.00 -100.00 -100.00
 114    39.842 55781.43427297 36.61 202.986258  64.770796 26.455 -100.00 -100.00 -100.00
 114    39.986 55781.43427356 36.49 202.992076  64.771652 24.480 -100.00 -100.00 -100.00
 115    39.124 55791.34990560 43.47 202.975783  64.768418   -100 -100.00 -100.00 -100.00
 115    38.850 55791.34990619 49.95 202.981600  64.769275   -100 -100.00 -100.00 -100.00
 115    38.624 55791.34990678 51.88 202.987418  64.770131 27.650 -100.00 -100.00 -100.00
 116    40.386 55801.26553785 30.81 202.972504  64.768010   -100 -100.00 -100.00 -100.00
 116    42.399 55801.26553844 23.51 202.978321  64.768867 14.138 -100.00 -100.00 -100.00
 116    38.580 55801.26553903 31.08 202.984138  64.769724   -100 -100.00 -100.00 -100.00
 116    38.978 55801.26553962 31.76 202.989956  64.770580 31.299 -100.00 -100.00 -100.00
 117    43.938 55811.18118798 22.45 202.972934  64.769477  8.592 -100.00 -100.00 -100.00
 117    38.337 55811.18118857 30.08 202.978751  64.770333 26.275 -100.00 -100.00 -100.00
 117    38.374 55811.18118916 30.56 202.984569  64.771190 30.817 -100.00 -100.00 -100.00
 117    38.566 55811.18118975 32.91 202.990388  64.772046 32.633 -100.00 -100.00 -100.00
 118    37.513 55821.09683686 36.34 202.973494  64.770243 31.153 -100.00 -100.00 -100.00
 118    37.632 55821.09683745 42.65 202.979312  64.771100   -100 -100.00 -100.00 -100.00
 118    37.910 55821.09683804 41.72 202.985130  64.771957   -100 -100.00 -100.00 -100.00
 118    37.916 55821.09683863 43.48 202.990949  64.772813   -100 -100.00 -100.00 -100.00
 119    42.525 55831.01248092 26.42 202.974248  64.769820 14.078 -100.00 -100.00 -100.00
 119    37.673 55831.01248151 30.75 202.980066  64.770677 26.546 -100.00 -100.00 -100.00
 119    37.798 55831.01248210 32.31 202.985884  64.771533 31.299 -100.00 -100.00 -100.00
 119    38.087 55831.01248269 33.33 202.991703  64.772390 28.429 -100.00 -100.00 -100.00
 120    44.765 55840.92812024 23.32 202.973938  64.768546  6.786 -100.00 -100.00 -100.00
 120    37.586 55840.92812083 28.02 202.979756  64.769403 15.353 -100.00 -100.00 -100.00
 120    37.730 55840.92812142 33.49 202.985574  64.770259 31.949 -100.00 -100.00 -100.00
 120    37.610 55840.92812201 33.46 202.991393  64.771116 30.459 -100.00 -100.00 -100.00
 121    36.070 55850.84375664 40.37 202.974935  64.768179   -100 -100.00 -100.00 -100.00
 121    36.239 55850.84375723 52.90 202.980753  64.769036   -100 -100.00 -100.00 -100.00
 121    36.037 55850.84375783 46.49 202.986571  64.769892  8.146 -100.00 -100.00 -100.00
 121    37.400 55850.84375842 33.01 202.992390  64.770748 20.724 -100.00 -100.00 -100.00
 122    35.589 55860.75939075 41.46 202.972663  64.768769 32.019 -100.00 -100.00 -100.00
 122    35.202 55860.75939134 45.81 202.978481  64.769626  4.763 -100.00 -100.00 -100.00
 122    35.253 55860.75939193 44.52 202.984299  64.770483   -100 -100.00 -100.00 -100.00
 122    35.087 55860.75939252 41.12 202.990118  64.771339   -100 -100.00 -100.00 -100.00
 123    35.477 55870.67504304 28.62 202.973182  64.771048 30.336 -100.00 -100.00 -100.00
 123    35.588 55870.67504363 30.00 202.979000  64.771905 31.238 -100.00 -100.00 -100.00
 123    35.286 55870.67504422 29.45 202.984819  64.772762   -100 -100.00 -100.00 -100.00
 123    35.283 55870.67504481 27.53 202.990638  64.773618 29.177 -100.00 -100.00 -100.00
 133    37.795 55969.83148336 10.78 202.970957  64.769071  3.615 -100.00 -100.00 -100.00
 133    37.562 55969.83148395 10.47 202.976775  64.769927  3.016 -100.00 -100.00 -100.00
 133    37.176 55969.83148454 10.52 202.982594  64.770784  3.170 -100.00 -100.00 -100.00
 133    37.925 55969.83148513 10.24 202.988413  64.771640  2.554 -100.00 -100.00 -100.00
 134    37.821 55979.74711977 10.03 202.971629  64.770044  2.967 -100.00 -100.00 -100.00
 134    37.167 55979.74712036 10.05 202.977447  64.770901  2.878 -100.00 -100.00 -100.00
 134    37.430 55979.74712095 10.32 202.983266  64.771757  3.311 -100.00 -100.00 -100.00
 134    37.887 55979.74712154 10.16 202.989085  64.772614  3.429 -100.00 -100.00 -100.00
 135    38.265 55989.66275553 10.18 202.975095  64.770360  2.935 -100.00 -100.00 -100.00
 135    37.889 55989.66275612 10.27 202.980913  64.771217  2.823 -100.00 -100.00 -100.00
 135    38.012 55989.66275671 10.20 202.986732  64.772073  2.950 -100.00 -100.00 -100.00
 136    37.624 55999.57839833 11.53 202.973240  64.769381  4.784 -100.00 -100.00 -100.00
 136    38.773 55999.57839892 10.65 202.979058  64.770238  2.926 -100.00 -100.00 -100.00
 136    38.245 55999.57839951 10.67 202.984876  64.771095  3.138 -100.00 -100.00 -100.00
 136    38.135 55999.57840010 10.58 202.990694  64.771951  2.958 -100.00 -100.00 -100.00
 137    37.821 56009.49404908 10.79 202.973869  64.768867  3.447 -100.00 -100.00 -100.00
 137    37.646 56009.49404967 10.70 202.979686  64.769724  4.074 -100.00 -100.00 -100.00
 137    37.504 56009.49405026 10.17 202.985504  64.770581  3.486 -100.00 -100.00 -100.00
 137    37.561 56009.49405085 10.72 202.991322  64.771437  4.120 -100.00 -100.00 -100.00
 138    37.963 56019.40969571  9.88 202.973831  64.768884  3.503 -100.00 -100.00 -100.00
 138    37.626 56019.40969630  9.69 202.979649  64.769741  3.632 -100.00 -100.00 -100.00
 138    37.502 56019.40969689  9.05 202.985466  64.770597  3.156 -100.00 -100.00 -100.00
 138    37.442 56019.40969748  9.51 202.991284  64.771454  3.233 -100.00 -100.00 -100.00
 139    39.366 56029.32533932  9.94 202.972037  64.769686  2.663 -100.00 -100.00 -100.00
 139    39.220 56029.32533991 10.14 202.977854  64.770542  3.297 -100.00 -100.00 -100.00
 139    38.636 56029.32534050 10.46 202.983672  64.771399  3.539 -100.00 -100.00 -100.00
 139    39.276 56029.32534109 10.52 202.989490  64.772255  3.313 -100.00 -100.00 -100.00
 141    36.755 56049.15662127 32.12 202.971210  64.772011   -100 -100.00 -100.00 -100.00
 141    36.720 56049.15662186 33.91 202.977028  64.772867   -100 -100.00 -100.00 -100.00
 141    36.989 56049.15662245 30.79 202.982846  64.773724 26.805 -100.00 -100.00 -100.00
 141    36.770 56049.15662304 37.10 202.988665  64.774580  6.862 -100.00 -100.00 -100.00
 142    99.339 56059.07225894 19.70 202.975288  64.772745 24.562 -100.00 -100.00 -100.00
 142   103.090 56059.07225953 21.53 202.981107  64.773601 23.859 -100.00 -100.00 -100.00
 142   102.431 56059.07226012 23.18 202.986925  64.774458 31.527 -100.00 -100.00 -100.00
 144    42.898 56078.90354395 29.56 202.971613  64.771717 18.067 -100.00 -100.00 -100.00
 144    40.471 56078.90354454 30.77 202.977431  64.772574 25.436 -100.00 -100.00 -100.00
 144    40.581 56078.90354513 33.72 202.983250  64.773431   -100 -100.00 -100.00 -100.00
 144    41.667 56078.90354572 36.85 202.989069  64.774287 17.010 -100.00 -100.00 -100.00
 145    42.517 56088.81919233 30.33 202.970534  64.772368 11.846 -100.00 -100.00 -100.00
 145    40.527 56088.81919292 32.98 202.976352  64.773225 20.600 -100.00 -100.00 -100.00
 145    40.539 56088.81919351 37.07 202.982171  64.774081   -100 -100.00 -100.00 -100.00
 145    41.591 56088.81919410 38.59 202.987990  64.774937 18.095 -100.00 -100.00 -100.00
 146    40.119 56098.73483868 29.65 202.974393  64.773665 22.411 -100.00 -100.00 -100.00
 146    40.346 56098.73483927 32.30 202.980212  64.774521 31.751 -100.00 -100.00 -100.00
 146    41.210 56098.73483986 35.88 202.986031  64.775377 19.800 -100.00 -100.00 -100.00
 147    39.348 56108.65048186 34.01 202.971070  64.772529   -100 -100.00 -100.00 -100.00
 147    39.296 56108.65048245 33.58 202.976888  64.773386   -100 -100.00 -100.00 -100.00
 147    39.719 56108.65048304 37.52 202.982706  64.774242 29.342 -100.00 -100.00 -100.00
 147    39.421 56108.65048363 38.61 202.988525  64.775098   -100 -100.00 -100.00 -100.00
 148    40.133 56118.56611091 41.81 202.971748  64.770560   -100 -100.00 -100.00 -100.00
 148    40.076 56118.56611150 44.31 202.977565  64.771417   -100 -100.00 -100.00 -100.00
 148    40.026 56118.56611209 48.38 202.983383  64.772273 24.455 -100.00 -100.00 -100.00
 148    39.991 56118.56611268 45.49 202.989201  64.773129 21.214 -100.00 -100.00 -100.00
 149    39.844 56128.48174775 44.90 202.971369  64.768178 29.504 -100.00 -100.00 -100.00
 149    39.774 56128.48174834 48.92 202.977186  64.769035   -100 -100.00 -100.00 -100.00
 149    39.357 56128.48174893 52.99 202.983003  64.769892 16.222 -100.00 -100.00 -100.00
 149    39.451 56128.48174952 53.83 202.988820  64.770748   -100 -100.00 -100.00 -100.00
 150    39.946 56138.39738125 40.18 202.971287  64.767089   -100 -100.00 -100.00 -100.00
 150    39.472 56138.39738184 38.13 202.977104  64.767945 30.192 -100.00 -100.00 -100.00
 150    39.188 56138.39738243 44.45 202.982920  64.768802   -100 -100.00 -100.00 -100.00
 150    39.702 56138.39738302 44.86 202.988738  64.769658 32.494 -100.00 -100.00 -100.00
 151    38.827 56148.31302900 44.40 202.973290  64.768965   -100 -100.00 -100.00 -100.00
 151    39.015 56148.31302959 48.76 202.979107  64.769821   -100 -100.00 -100.00 -100.00
 151    38.827 56148.31303018 49.98 202.984924  64.770678   -100 -100.00 -100.00 -100.00
 151    38.421 56148.31303078 49.90 202.990742  64.771534 24.895 -100.00 -100.00 -100.00
 152    38.137 56158.22867841 25.77 202.974214  64.771085 18.742 -100.00 -100.00 -100.00
 152    38.133 56158.22867900 27.75 202.980032  64.771941 24.756 -100.00 -100.00 -100.00
 152    38.538 56158.22867960 28.22 202.985850  64.772798 25.804 -100.00 -100.00 -100.00
 152    38.597 56158.22868019 33.02 202.991669  64.773654   -100 -100.00 -100.00 -100.00
 153    37.897 56168.14432626 38.25 202.971130  64.771277   -100 -100.00 -100.00 -100.00
 153    37.567 56168.14432685 40.29 202.976948  64.772134   -100 -100.00 -100.00 -100.00
 153    37.649 56168.14432744 38.56 202.982766  64.772990   -100 -100.00 -100.00 -100.00
 153    38.279 56168.14432803 36.67 202.988585  64.773847   -100 -100.00 -100.00 -100.00
 154    38.123 56178.05997180 34.06 202.974818  64.770639 19.202 -100.00 -100.00 -100.00
 154    38.130 56178.05997239 36.90 202.980636  64.771496 31.785 -100.00 -100.00 -100.00
 154    38.107 56178.05997298 40.59 202.986454  64.772352   -100 -100.00 -100.00 -100.00
 155    44.899 56187.97561227 22.15 202.973547  64.768885  9.379 -100.00 -100.00 -100.00
 155    42.209 56187.97561286 26.44 202.979365  64.769741 22.732 -100.00 -100.00 -100.00
 155    37.765 56187.97561345 29.37 202.985183  64.770598   -100 -100.00 -100.00 -100.00
 155    38.208 56187.97561405 26.82 202.991002  64.771454 23.662 -100.00 -100.00 -100.00
 156    44.979 56197.89124920 23.21 202.971069  64.768054 10.842 -100.00 -100.00 -100.00
 156    44.647 56197.89124979 21.85 202.976886  64.768911 10.549 -100.00 -100.00 -100.00
 156    42.147 56197.89125038 25.14 202.982704  64.769767 19.843 -100.00 -100.00 -100.00
 156    42.029 56197.89125097 24.15 202.988523  64.770624 17.716 -100.00 -100.00 -100.00
 157    37.867 56207.80688382 41.91 202.973706  64.769731 28.239 -100.00 -100.00 -100.00
 157    37.753 56207.80688441 47.94 202.979524  64.770588   -100 -100.00 -100.00 -100.00
 157    37.538 56207.80688500 51.20 202.985343  64.771444   -100 -100.00 -100.00 -100.00
 157    37.659 56207.80688559 46.26 202.991162  64.772301 21.775 -100.00 -100.00 -100.00
 158    36.962 56217.72251664 43.48 202.974469  64.771679   -100 -100.00 -100.00 -100.00
 158    36.773 56217.72251723 50.18 202.980287  64.772536 19.300 -100.00 -100.00 -100.00
 158    36.799 56217.72251782 41.11 202.986106  64.773392   -100 -100.00 -100.00 -100.00
 158    36.588 56217.72251841 36.37 202.991925  64.774249 31.000 -100.00 -100.00 -100.00
 159    36.014 56227.63816075 42.69 202.975082  64.773072 31.936 -100.00 -100.00 -100.00
 159    35.569 56227.63816134 47.20 202.980900  64.773929 26.609 -100.00 -100.00 -100.00
 159    35.376 56227.63816193 43.29 202.986719  64.774785  3.028 -100.00 -100.00 -100.00
 160    35.357 56237.55381466 25.36 202.970296  64.772306 13.406 -100.00 -100.00 -100.00
 160    35.619 56237.55381525 22.68 202.976114  64.773163  8.145 -100.00 -100.00 -100.00
 160    35.336 56237.55381584 23.89 202.981933  64.774020 11.083 -100.00 -100.00 -100.00
 160    37.676 56237.55381643 22.81 202.987752  64.774877  7.789 -100.00 -100.00 -100.00
 161    35.516 56247.46946547 19.59 202.973337  64.772095  5.648 -100.00 -100.00 -100.00
 161    36.881 56247.46946606 19.13 202.979155  64.772951  5.098 -100.00 -100.00 -100.00
 161    35.082 56247.46946665 19.76 202.984973  64.773808  6.847 -100.00 -100.00 -100.00
 161    37.486 56247.46946724 19.20 202.990792  64.774664  6.097 -100.00 -100.00 -100.00
 162    36.453 56257.38511123 16.19 202.975492  64.772171  4.769 -100.00 -100.00 -100.00
 162    36.502 56257.38511182 16.81 202.981310  64.773027  5.191 -100.00 -100.00 -100.00
 162    36.224 56257.38511241 16.60 202.987129  64.773884  5.412 -100.00 -100.00 -100.00
 163    36.258 56267.30075311 15.39 202.971783  64.772515  4.362 -100.00 -100.00 -100.00
 163    36.413 56267.30075370 14.79 202.977601  64.773371  3.820 -100.00 -100.00 -100.00
 163    36.243 56267.30075429 15.70 202.983420  64.774228  5.010 -100.00 -100.00 -100.00
 163    35.917 56267.30075488 14.57 202.989239  64.775084  3.859 -100.00 -100.00 -100.00
 164    36.074 56277.21639386 15.14 202.973316  64.773435  4.435 -100.00 -100.00 -100.00
 164    35.951 56277.21639445 15.81 202.979135  64.774292  4.550 -100.00 -100.00 -100.00
 164    35.848 56277.21639504 15.60 202.984954  64.775148  5.085 -100.00 -100.00 -100.00
 164    35.528 56277.21639563 14.94 202.990773  64.776004  4.430 -100.00 -100.00 -100.00
 165    36.057 56287.13204161 14.20 202.971935  64.772958  3.498 -100.00 -100.00 -100.00
 165    36.266 56287.13204220 14.90 202.977754  64.773815  5.028 -100.00 -100.00 -100.00
 165    35.796 56287.13204279 14.04 202.983573  64.774671  4.513 -100.00 -100.00 -100.00
 165    35.697 56287.13204338 13.96 202.989392  64.775527  3.796 -100.00 -100.00 -100.00
 166    35.824 56297.04769109 13.79 202.972627  64.770989  3.521 -100.00 -100.00 -100.00
 166    35.849 56297.04769168 13.97 202.978446  64.771846  4.211 -100.00 -100.00 -100.00
 166    36.524 56297.04769227 13.24 202.984265  64.772702  3.744 -100.00 -100.00 -100.00
 166    36.032 56297.04769287 13.61 202.990084  64.773558  3.719 -100.00 -100.00 -100.00
 167    38.068 56306.96333673 12.57 202.974802  64.769079  2.437 -100.00 -100.00 -100.00
 167    37.489 56306.96333732 12.89 202.980621  64.769936  3.033 -100.00 -100.00 -100.00
 167    37.643 56306.96333791 13.06 202.986440  64.770792  3.206 -100.00 -100.00 -100.00
 167    37.453 56306.96333851 12.78 202.992259  64.771648  2.549 -100.00 -100.00 -100.00
 168    37.687 56316.87897890 13.00 202.970791  64.767944  3.639 -100.00 -100.00 -100.00
 168    37.450 56316.87897949 12.49 202.976609  64.768801  2.751 -100.00 -100.00 -100.00
 168    37.372 56316.87898008 12.29 202.982428  64.769657  2.681 -100.00 -100.00 -100.00
 168    37.203 56316.87898067 12.41 202.988247  64.770514  2.711 -100.00 -100.00 -100.00
 169    37.884 56326.79462033 12.41 202.973952  64.770178  2.797 -100.00 -100.00 -100.00
 169    37.853 56326.79462092 12.16 202.979771  64.771035  2.831 -100.00 -100.00 -100.00
 169    37.767 56326.79462151 12.26 202.985590  64.771891  2.885 -100.00 -100.00 -100.00
 169    38.485 56326.79462210 12.06 202.991409  64.772747  2.627 -100.00 -100.00 -100.00
 170    37.586 56336.71026018 11.85 202.971476  64.771629  2.673 -100.00 -100.00 -100.00
 170    38.109 56336.71026077 11.62 202.977294  64.772485  2.951 -100.00 -100.00 -100.00
 170    37.145 56336.71026136 11.85 202.983114  64.773342  2.700 -100.00 -100.00 -100.00
 170    37.952 56336.71026195 11.89 202.988933  64.774198  2.746 -100.00 -100.00 -100.00
 171    36.643 56346.62589892 12.98 202.974325  64.772109  4.096 -100.00 -100.00 -100.00
 171    37.616 56346.62589951 12.75 202.980143  64.772966  3.903 -100.00 -100.00 -100.00
 171    37.126 56346.62590010 12.38 202.985962  64.773823  3.146 -100.00 -100.00 -100.00
 171    37.212 56346.62590069 12.78 202.991782  64.774679  4.000 -100.00 -100.00 -100.00
 172    37.458 56356.54153465 11.88 202.973521  64.770052  3.314 -100.00 -100.00 -100.00
 172    37.184 56356.54153524 12.03 202.979339  64.770909  3.414 -100.00 -100.00 -100.00
 172    37.848 56356.54153583 11.89 202.985157  64.771765  3.249 -100.00 -100.00 -100.00
 172    37.957 56356.54153642 11.70 202.990975  64.772621  2.967 -100.00 -100.00 -100.00
 173    37.582 56366.45718203 10.47 202.972890  64.768498  2.401 -100.00 -100.00 -100.00
 173    37.349 56366.45718262 10.93 202.978707  64.769354  3.147 -100.00 -100.00 -100.00
 173    37.844 56366.45718321 10.73 202.984525  64.770211  2.944 -100.00 -100.00 -100.00
 173    38.101 56366.45718380 10.64 202.990343  64.771067  2.818 -100.00 -100.00 -100.00
 176    37.683 56396.20412012  9.96 202.971297  64.773379  2.884 -100.00 -100.00 -100.00
 176    36.273 56396.20412071 11.62 202.977116  64.774236  4.738 -100.00 -100.00 -100.00
 176    37.828 56396.20412130 10.48 202.982935  64.775092  3.586 -100.00 -100.00 -100.00
 176    37.689 56396.20412189 10.23 202.988754  64.775948  3.190 -100.00 -100.00 -100.00
 177    34.705 56406.11976166  8.20 202.971392  64.774356  6.640 -100.00 -100.00 -100.00
 177    34.034 56406.11976225 10.86 202.977211  64.775212 10.870 -100.00 -100.00 -100.00
 177    34.300 56406.11976285  9.96 202.983030  64.776069  9.293 -100.00 -100.00 -100.00
 177    34.173 56406.11976344 10.44 202.988850  64.776925  9.931 -100.00 -100.00 -100.00
 178    35.463 56416.03540002 10.68 202.975217  64.774042  5.681 -100.00 -100.00 -100.00
 178    36.437 56416.03540061 10.63 202.981036  64.774899  5.863 -100.00 -100.00 -100.00
 178    37.021 56416.03540120  9.63 202.986855  64.775755  4.414 -100.00 -100.00 -100.00
 179    43.224 56425.95103267 25.48 202.970911  64.771283 20.282 -100.00 -100.00 -100.00
 179    34.291 56425.95103326 27.90 202.976729  64.772140 30.335 -100.00 -100.00 -100.00
 179    39.384 56425.95103385 25.94 202.982548  64.772997 16.691 -100.00 -100.00 -100.00
 179    40.882 56425.95103444 21.51 202.988367  64.773853 10.334 -100.00 -100.00 -100.00
 180   100.579 56435.86668267  1.31 202.976350  64.771710  6.185 -100.00 -100.00 -100.00
 180   112.124 56435.86668326 12.01 202.982168  64.772566 12.100 -100.00 -100.00 -100.00
 180   121.967 56435.86668385  2.66 202.987987  64.773423  3.636 -100.00 -100.00 -100.00
 181   105.105 56445.78233445 19.22 202.975508  64.772636 18.656 -100.00 -100.00 -100.00
 181   104.669 56445.78233504 21.67 202.981326  64.773492 24.008 -100.00 -100.00 -100.00
 181   104.249 56445.78233563 25.35 202.987145  64.774348   -100 -100.00 -100.00 -100.00
 182   107.991 56455.69798339 21.42 202.969993  64.773260 16.169 -100.00 -100.00 -100.00
 182   107.719 56455.69798398 22.63 202.975812  64.774116 16.012 -100.00 -100.00 -100.00
 182   103.647 56455.69798457 26.15 202.981631  64.774973 26.882 -100.00 -100.00 -100.00
 182   103.211 56455.69798516 28.49 202.987450  64.775829   -100 -100.00 -100.00 -100.00
 184    39.751 56475.52927253 31.17 202.974061  64.771705 18.000 -100.00 -100.00 -100.00
 184    39.835 56475.52927312 31.76 202.979879  64.772562 19.624 -100.00 -100.00 -100.00
 184    39.506 56475.52927371 35.42 202.985697  64.773418   -100 -100.00 -100.00 -100.00
 184    39.489 56475.52927430 40.20 202.991516  64.774274   -100 -100.00 -100.00 -100.00
 185    39.004 56485.44491133 49.95 202.973386  64.768913   -100 -100.00 -100.00 -100.00
 185    38.897 56485.44491192 52.12 202.979203  64.769770  8.095 -100.00 -100.00 -100.00
 185    39.062 56485.44491251 52.83 202.985020  64.770626  4.733 -100.00 -100.00 -100.00
 185    38.961 56485.44491310 52.46 202.990838  64.771482 27.749 -100.00 -100.00 -100.00
 187    38.861 56505.27618202 50.05 202.973384  64.769010   -100 -100.00 -100.00 -100.00
 187    39.045 56505.27618261 51.37 202.979201  64.769867   -100 -100.00 -100.00 -100.00
 187    38.866 56505.27618320 54.33 202.985019  64.770723   -100 -100.00 -100.00 -100.00
 187    38.874 56505.27618379 51.90 202.990837  64.771579 22.454 -100.00 -100.00 -100.00
 188    42.685 56515.19181488 33.08 202.970790  64.770308 16.397 -100.00 -100.00 -100.00
 188    38.310 56515.19181547 34.14 202.976607  64.771165 22.409 -100.00 -100.00 -100.00
 188    38.478 56515.19181606 35.66 202.982425  64.772022 23.938 -100.00 -100.00 -100.00
 188    38.417 56515.19181665 40.88 202.988243  64.772878   -100 -100.00 -100.00 -100.00
 190    43.809 56535.02311939 27.38 202.969971  64.770399 13.856 -100.00 -100.00 -100.00
 190    38.156 56535.02311998 28.82 202.975789  64.771255 18.857 -100.00 -100.00 -100.00
 190    38.275 56535.02312057 34.11 202.981608  64.772112   -100 -100.00 -100.00 -100.00
 190    38.532 56535.02312116 37.52 202.987426  64.772969 29.690 -100.00 -100.00 -100.00
 192    44.241 56554.85441100 34.09 202.970750  64.769128 25.737 -100.00 -100.00 -100.00
 192    37.946 56554.85441159 34.56 202.976568  64.769985 29.403 -100.00 -100.00 -100.00
 192    38.023 56554.85441218 35.47 202.982387  64.770841 30.836 -100.00 -100.00 -100.00
 192    38.312 56554.85441277 40.59 202.988205  64.771697   -100 -100.00 -100.00 -100.00
 193    42.778 56564.77005436 25.49 202.975284  64.771728 13.897 -100.00 -100.00 -100.00
 193    39.224 56564.77005495 26.22 202.981102  64.772584 15.842 -100.00 -100.00 -100.00
 193    37.677 56564.77005554 31.16 202.986922  64.773441   -100 -100.00 -100.00 -100.00
 194    36.884 56574.68569563 47.35 202.972227  64.773655 16.264 -100.00 -100.00 -100.00
 194    37.160 56574.68569622 41.84 202.978045  64.774512   -100 -100.00 -100.00 -100.00
 194    37.937 56574.68569681 34.15 202.983865  64.775368 21.461 -100.00 -100.00 -100.00
 194    38.026 56574.68569740 46.71 202.989685  64.776224 31.111 -100.00 -100.00 -100.00
 195    43.527 56584.60133404 25.62 202.969937  64.774193  8.775 -100.00 -100.00 -100.00
 195    42.651 56584.60133463 26.34 202.975756  64.775050 10.352 -100.00 -100.00 -100.00
 195    38.639 56584.60133522 30.46 202.981575  64.775907 22.298 -100.00 -100.00 -100.00
 195    38.530 56584.60133581 32.59 202.987395  64.776763 27.733 -100.00 -100.00 -100.00
 196    36.297 56594.51696943 42.09 202.970970  64.773031  6.342 -100.00 -100.00 -100.00
 196    36.313 56594.51697002 34.21 202.976788  64.773887   -100 -100.00 -100.00 -100.00
 196    38.072 56594.51697061 28.11 202.982607  64.774744 13.949 -100.00 -100.00 -100.00
 196    37.908 56594.51697120 41.70 202.988426  64.775601 17.959 -100.00 -100.00 -100.00
 197    35.983 56604.43262263 39.56 202.973064  64.772272   -100 -100.00 -100.00 -100.00
 197    35.715 56604.43262322 42.73 202.978882  64.773129   -100 -100.00 -100.00 -100.00
 197    35.477 56604.43262381 41.03 202.984701  64.773986   -100 -100.00 -100.00 -100.00
 197    35.504 56604.43262441 37.21 202.990520  64.774842   -100 -100.00 -100.00 -100.00
 198    35.710 56614.34827056 28.03 202.969850  64.771143 17.566 -100.00 -100.00 -100.00
 198    36.398 56614.34827115 24.27 202.975668  64.771999  9.533 -100.00 -100.00 -100.00
 198    38.280 56614.34827174 24.40 202.981486  64.772856  9.591 -100.00 -100.00 -100.00
 198    38.948 56614.34827233 23.30 202.987305  64.773712  6.671 -100.00 -100.00 -100.00
 199    36.958 56624.26391541 20.68 202.973604  64.772126  7.400 -100.00 -100.00 -100.00
 199    38.042 56624.26391600 19.89 202.979423  64.772982  5.683 -100.00 -100.00 -100.00
 199    38.442 56624.26391659 19.49 202.985242  64.773839  4.920 -100.00 -100.00 -100.00
 199    38.614 56624.26391718 19.35 202.991061  64.774695  5.006 -100.00 -100.00 -100.00
 200    37.202 56634.17955714 24.58 202.974024  64.772698 10.385 -100.00 -100.00 -100.00
 200    37.599 56634.17955773 24.36 202.979843  64.773555  9.789 -100.00 -100.00 -100.00
 200    38.369 56634.17955833 22.72 202.985662  64.774411  6.660 -100.00 -100.00 -100.00
 200    39.202 56634.17955892 21.82 202.991482  64.775267  5.236 -100.00 -100.00 -100.00
 201    36.378 56644.09519381 23.43 202.972655  64.772041 10.993 -100.00 -100.00 -100.00
 201    37.807 56644.09519440 21.18 202.978474  64.772897  7.668 -100.00 -100.00 -100.00
 201    37.872 56644.09519499 20.69 202.984292  64.773754  6.728 -100.00 -100.00 -100.00
 201    39.185 56644.09519558 21.19 202.990112  64.774610  6.388 -100.00 -100.00 -100.00
 202    38.073 56654.01084631 16.90 202.970801  64.770673  3.706 -100.00 -100.00 -100.00
 202    38.351 56654.01084690 16.47 202.976620  64.771530  3.113 -100.00 -100.00 -100.00
 202    38.810 56654.01084749 16.84 202.982439  64.772387  3.109 -100.00 -100.00 -100.00
 202    39.474 56654.01084808 17.05 202.988258  64.773243  3.074 -100.00 -100.00 -100.00
 203    38.222 56663.92649509 16.30 202.971106  64.769155  3.330 -100.00 -100.00 -100.00
 203    38.486 56663.92649568 16.00 202.976924  64.770012  2.500 -100.00 -100.00 -100.00
 203    38.352 56663.92649627 16.12 202.982743  64.770868  3.048 -100.00 -100.00 -100.00
 203    38.989 56663.92649686 16.62 202.988562  64.771725  3.382 -100.00 -100.00 -100.00
 205    37.671 56683.75778598 20.95 202.970220  64.769759  6.621 -100.00 -100.00 -100.00
 205    37.803 56683.75778657 20.06 202.976038  64.770616  5.564 -100.00 -100.00 -100.00
 205    36.739 56683.75778716 21.33 202.981857  64.771472  7.736 -100.00 -100.00 -100.00
 205    38.595 56683.75778775 20.32 202.987676  64.772329  5.969 -100.00 -100.00 -100.00
 206    37.878 56693.67342898 16.46 202.972043  64.771588  3.500 -100.00 -100.00 -100.00
 206    37.927 56693.67342957 16.84 202.977861  64.772445  3.344 -100.00 -100.00 -100.00
 206    37.870 56693.67343016 17.10 202.983680  64.773301  4.265 -100.00 -100.00 -100.00
 206    37.122 56693.67343075 16.79 202.989500  64.774157  3.383 -100.00 -100.00 -100.00
 207    39.505 56703.58906748 16.11 202.972878  64.772145  3.401 -100.00 -100.00 -100.00
 207    38.427 56703.58906807 16.52 202.978697  64.773002  3.879 -100.00 -100.00 -100.00
 207    39.057 56703.58906866 16.11 202.984516  64.773858  3.416 -100.00 -100.00 -100.00
 207    38.697 56703.58906926 16.43 202.990335  64.774715  3.325 -100.00 -100.00 -100.00
 208    39.875 56713.50470028 15.50 202.970605  64.770387  3.048 -100.00 -100.00 -100.00
 208    39.133 56713.50470087 15.83 202.976423  64.771244  2.998 -100.00 -100.00 -100.00
 208    38.759 56713.50470146 16.14 202.982241  64.772101  3.413 -100.00 -100.00 -100.00
 208    38.113 56713.50470205 15.84 202.988059  64.772958  3.531 -100.00 -100.00 -100.00
 210    39.073 56733.33599968 14.45 202.970051  64.770086  2.574 -100.00 -100.00 -100.00
 210    39.019 56733.33600028 14.78 202.975869  64.770943  2.741 -100.00 -100.00 -100.00
 210    38.148 56733.33600087 14.84 202.981687  64.771799  3.129 -100.00 -100.00 -100.00
 210    38.405 56733.33600146 15.26 202.987506  64.772655  3.634 -100.00 -100.00 -100.00
 211    38.552 56743.25164720 14.03 202.971192  64.772262  2.726 -100.00 -100.00 -100.00
 211    38.562 56743.25164779 14.05 202.977010  64.773118  2.663 -100.00 -100.00 -100.00
 211    38.286 56743.25164838 14.45 202.982829  64.773974  3.062 -100.00 -100.00 -100.00
 211    38.398 56743.25164897 14.64 202.988648  64.774830  3.440 -100.00 -100.00 -100.00
 212    39.236 56753.16729051 13.39 202.973615  64.774490  2.447 -100.00 -100.00 -100.00
 212    38.255 56753.16729110 13.82 202.979434  64.775347  2.608 -100.00 -100.00 -100.00
 212    38.362 56753.16729169 13.88 202.985254  64.776203  3.235 -100.00 -100.00 -100.00
 212    37.738 56753.16729228 14.61 202.991073  64.777059  3.439 -100.00 -100.00 -100.00
 213    34.515 56763.08292776 11.45 202.970003  64.774277  8.344 -100.00 -100.00 -100.00
 213    34.421 56763.08292836 12.04 202.975822  64.775134  8.074 -100.00 -100.00 -100.00
 213    34.503 56763.08292895 10.97 202.981641  64.775990  6.565 -100.00 -100.00 -100.00
 213    34.457 56763.08292954 12.18 202.987461  64.776846  8.623 -100.00 -100.00 -100.00
 214    35.133 56772.99856074 34.11 202.974453  64.773509 26.250 -100.00 -100.00 -100.00
 214    39.178 56772.99856133 34.66 202.980272  64.774366 27.785 -100.00 -100.00 -100.00
 214    40.036 56772.99856192 32.76 202.986091  64.775222 19.336 -100.00 -100.00 -100.00
 215    37.838 56782.91421824 41.98 202.973390  64.772815   -100 -100.00 -100.00 -100.00
 215    37.678 56782.91421883 44.24 202.979209  64.773672  9.265 -100.00 -100.00 -100.00
 215    38.142 56782.91421942 44.17 202.985028  64.774528   -100 -100.00 -100.00 -100.00
 215    38.029 56782.91422001 45.03 202.990848  64.775384  2.003 -100.00 -100.00 -100.00
 216    40.107 56792.82987196 47.11 202.971328  64.772359   -100 -100.00 -100.00 -100.00
 216    40.125 56792.82987255 47.60 202.977147  64.773216   -100 -100.00 -100.00 -100.00
 216    39.995 56792.82987315 51.51 202.982966  64.774072 21.848 -100.00 -100.00 -100.00
 216    40.225 56792.82987374 50.57 202.988785  64.774928   -100 -100.00 -100.00 -100.00
 217    39.189 56802.74552302 30.90 202.970339  64.772740 16.767 -100.00 -100.00 -100.00
 217    39.173 56802.74552361 30.72 202.976158  64.773597 18.091 -100.00 -100.00 -100.00
 217    39.363 56802.74552420 30.99 202.981977  64.774453 17.664 -100.00 -100.00 -100.00
 217    39.233 56802.74552479 38.12 202.987797  64.775309   -100 -100.00 -100.00 -100.00
 218    43.627 56812.66116673 27.57 202.974805  64.773534 13.994 -100.00 -100.00 -100.00
 218    38.998 56812.66116732 30.34 202.980624  64.774390 21.290 -100.00 -100.00 -100.00
 218    38.649 56812.66116791 35.21 202.986443  64.775246   -100 -100.00 -100.00 -100.00
 219    39.381 56822.57680583 39.80 202.970517  64.772183   -100 -100.00 -100.00 -100.00
 219    39.408 56822.57680642 36.87 202.976335  64.773040   -100 -100.00 -100.00 -100.00
 219    39.479 56822.57680701 40.52 202.982154  64.773896   -100 -100.00 -100.00 -100.00
 219    39.373 56822.57680760 42.16 202.987973  64.774752  7.059 -100.00 -100.00 -100.00
 220    83.302 56832.49244163 29.03 202.975545  64.771304   -100 -100.00 -100.00 -100.00
 220    83.010 56832.49244222 32.31 202.981363  64.772160  6.245 -100.00 -100.00 -100.00
 220    82.800 56832.49244281 22.34 202.987181  64.773017  7.821 -100.00 -100.00 -100.00
 221    40.713 56842.40807297 44.01 202.970097  64.768775 31.440 -100.00 -100.00 -100.00
 221    40.369 56842.40807356 47.36 202.975913  64.769632   -100 -100.00 -100.00 -100.00
 221    40.255 56842.40807415 49.06 202.981731  64.770489   -100 -100.00 -100.00 -100.00
 221    40.258 56842.40807474 52.37 202.987548  64.771345 12.589 -100.00 -100.00 -100.00
 222    40.684 56852.32371274 29.84 202.972426  64.768846   -100 -100.00 -100.00 -100.00
 222    39.683 56852.32371333 25.79 202.978244  64.769703 19.692 -100.00 -100.00 -100.00
 222    39.658 56852.32371392 31.24 202.984061  64.770559   -100 -100.00 -100.00 -100.00
 222    39.722 56852.32371451 32.50 202.989879  64.771416   -100 -100.00 -100.00 -100.00
 223    42.576 56862.23936710 27.56 202.972597  64.770250 13.670 -100.00 -100.00 -100.00
 223    40.202 56862.23936769 29.26 202.978414  64.771106 18.667 -100.00 -100.00 -100.00
 223    40.233 56862.23936828 38.05 202.984232  64.771963   -100 -100.00 -100.00 -100.00
 223    40.252 56862.23936887 37.56 202.990051  64.772819   -100 -100.00 -100.00 -100.00
 224    39.236 56872.15502082 42.59 202.971859  64.771638   -100 -100.00 -100.00 -100.00
 224    39.138 56872.15502141 40.85 202.977677  64.772494   -100 -100.00 -100.00 -100.00
 224    39.102 56872.15502200 46.34 202.983495  64.773351   -100 -100.00 -100.00 -100.00
 224    39.128 56872.15502259 46.52 202.989314  64.774207  3.459 -100.00 -100.00 -100.00
 225    39.080 56882.07067182 38.20 202.974984  64.772655   -100 -100.00 -100.00 -100.00
 225    39.100 56882.07067241 38.02 202.980803  64.773512   -100 -100.00 -100.00 -100.00
 225    39.135 56882.07067300 39.89 202.986622  64.774368   -100 -100.00 -100.00 -100.00
 226    38.804 56891.98631828 42.69 202.969811  64.771714   -100 -100.00 -100.00 -100.00
 226    38.547 56891.98631887 45.73 202.975629  64.772571   -100 -100.00 -100.00 -100.00
 226    38.669 56891.98631946 47.47 202.981448  64.773427   -100 -100.00 -100.00 -100.00
 226    38.696 56891.98632005 48.18 202.987267  64.774283   -100 -100.00 -100.00 -100.00
 227    44.002 56901.90196248 22.94 202.972569  64.771822 11.405 -100.00 -100.00 -100.00
 227    38.484 56901.90196307 26.69 202.978388  64.772678 24.659 -100.00 -100.00 -100.00
 227    41.380 56901.90196366 24.70 202.984207  64.773535 16.940 -100.00 -100.00 -100.00
 227    38.717 56901.90196425 31.16 202.990026  64.774391   -100 -100.00 -100.00 -100.00
 228    38.933 56911.81760478 48.29 202.975283  64.773101   -100 -100.00 -100.00 -100.00
 228    38.763 56911.81760537 49.44 202.981102  64.773957   -100 -100.00 -100.00 -100.00
 228    38.573 56911.81760596 52.78 202.986922  64.774813   -100 -100.00 -100.00 -100.00
 229    37.956 56921.73324490 29.92 202.972468  64.773759 30.274 -100.00 -100.00 -100.00
 229    37.833 56921.73324549 27.37 202.978287  64.774616 25.460 -100.00 -100.00 -100.00
 229    38.042 56921.73324608 27.90 202.984106  64.775472 21.224 -100.00 -100.00 -100.00
 229    38.098 56921.73324667 33.09 202.989926  64.776328   -100 -100.00 -100.00 -100.00
 230    37.411 56931.64888318 50.51 202.973719  64.774683 14.544 -100.00 -100.00 -100.00
 230    37.486 56931.64888377 49.95 202.979539  64.775539   -100 -100.00 -100.00 -100.00
 230    37.748 56931.64888436 39.23 202.985358  64.776395   -100 -100.00 -100.00 -100.00
 230    37.980 56931.64888495 45.44 202.991178  64.777251 18.403 -100.00 -100.00 -100.00
 231    37.189 56941.56451597 29.96 202.972788  64.773921 16.059 -100.00 -100.00 -100.00
 231    38.324 56941.56451656 28.80 202.978607  64.774778 14.487 -100.00 -100.00 -100.00
 231    37.824 56941.56451715 29.10 202.984426  64.775635 13.145 -100.00 -100.00 -100.00
 231    37.892 56941.56451774 28.49 202.990245  64.776491 13.970 -100.00 -100.00 -100.00
 232    37.010 56951.48015736 45.73 202.971956  64.772822 28.545 -100.00 -100.00 -100.00
 232    36.911 56951.48015795 49.58 202.977774  64.773679 27.421 -100.00 -100.00 -100.00
 232    36.959 56951.48015854 48.65 202.983592  64.774536   -100 -100.00 -100.00 -100.00
 232    36.760 56951.48015913 38.36 202.989411  64.775392 27.720 -100.00 -100.00 -100.00
 233    35.598 56961.39580873 45.21 202.973346  64.772554   -100 -100.00 -100.00 -100.00
 233    35.507 56961.39580932 43.08 202.979164  64.773411   -100 -100.00 -100.00 -100.00
 233    35.399 56961.39580991 43.17 202.984983  64.774267  0.042 -100.00 -100.00 -100.00
 233    35.373 56961.39581050 38.46 202.990802  64.775123   -100 -100.00 -100.00 -100.00
 234    35.968 56971.31145501 33.14 202.972664  64.772420   -100 -100.00 -100.00 -100.00
 234    36.099 56971.31145560 29.87 202.978483  64.773276 22.578 -100.00 -100.00 -100.00
 234    35.932 56971.31145619 28.84 202.984301  64.774133 21.781 -100.00 -100.00 -100.00
 234    35.772 56971.31145678 27.70 202.990120  64.774989 18.956 -100.00 -100.00 -100.00
 235    36.193 56981.22709704 34.30 202.969887  64.771960   -100 -100.00 -100.00 -100.00
 235    36.225 56981.22709763 34.97 202.975705  64.772817   -100 -100.00 -100.00 -100.00
 235    36.238 56981.22709822 34.14 202.981524  64.773673   -100 -100.00 -100.00 -100.00
 235    36.335 56981.22709881 30.97 202.987343  64.774530 21.169 -100.00 -100.00 -100.00
 236    36.451 56991.14273501 28.08 202.970955  64.771501 17.585 -100.00 -100.00 -100.00
 236    36.704 56991.14273560 26.77 202.976773  64.772358 13.221 -100.00 -100.00 -100.00
 236    36.486 56991.14273620 26.53 202.982592  64.773214 14.520 -100.00 -100.00 -100.00
 236    36.321 56991.14273679 25.67 202.988411  64.774070 13.342 -100.00 -100.00 -100.00
 237    36.296 57001.05836640 23.76 202.970463  64.769775 11.340 -100.00 -100.00 -100.00
 237    36.245 57001.05836699 25.10 202.976281  64.770632 13.921 -100.00 -100.00 -100.00
 237    36.194 57001.05836758 23.92 202.982099  64.771489 11.819 -100.00 -100.00 -100.00
 237    36.168 57001.05836817 21.57 202.987918  64.772345  7.465 -100.00 -100.00 -100.00
 238    36.492 57010.97402359 22.03 202.970110  64.769413  8.188 -100.00 -100.00 -100.00
 238    36.535 57010.97402418 23.39 202.975929  64.770270 11.463 -100.00 -100.00 -100.00
 238    36.375 57010.97402477 24.38 202.981747  64.771127 14.775 -100.00 -100.00 -100.00
 238    36.187 57010.97402536 23.48 202.987566  64.771983 11.456 -100.00 -100.00 -100.00
 239    36.303 57020.88967554 20.76 202.971065  64.769395  8.880 -100.00 -100.00 -100.00
 239    36.549 57020.88967613 20.19 202.976884  64.770252  8.133 -100.00 -100.00 -100.00
 239    36.528 57020.88967672 18.87 202.982702  64.771108  6.221 -100.00 -100.00 -100.00
 239    36.429 57020.88967731 20.93 202.988522  64.771964  9.871 -100.00 -100.00 -100.00
 240    36.810 57030.80532447 19.65 202.970774  64.770176  6.651 -100.00 -100.00 -100.00
 240    36.897 57030.80532506 19.56 202.976592  64.771032  6.765 -100.00 -100.00 -100.00
 240    36.938 57030.80532565 19.51 202.982411  64.771889  6.240 -100.00 -100.00 -100.00
 240    36.699 57030.80532624 19.47 202.988231  64.772745  5.926 -100.00 -100.00 -100.00
 241    36.727 57040.72097162 19.05 202.971261  64.771203  5.610 -100.00 -100.00 -100.00
 241    36.473 57040.72097221 19.44 202.977080  64.772060  6.305 -100.00 -100.00 -100.00
 241    36.781 57040.72097280 19.65 202.982899  64.772916  7.731 -100.00 -100.00 -100.00
 241    36.407 57040.72097339 19.42 202.988718  64.773772  7.118 -100.00 -100.00 -100.00
