# NaN NaN NaN ;Mean Elev.(m), Avg Gradient(m/km), RMS Gradient(m/km)
   1    86.325 54660.11218631  2.96 200.509112  63.588774  4.528 -100.00 -100.00 -100.00
   1    85.353 54660.11218690  2.19 200.514438  63.587644  3.934 -100.00 -100.00 -100.00
   1    97.977 54660.11218749  6.02 200.519763  63.586515  8.608 -100.00 -100.00 -100.00
   2    84.592 54670.02783244 14.47 200.511731  63.587334 13.607 -100.00 -100.00 -100.00
   2   108.030 54670.02783303 17.71 200.517056  63.586205 11.333 -100.00 -100.00 -100.00
   3     7.223 54679.94347640 15.00 200.511617  63.587962  6.317 -100.00 -100.00 -100.00
   3     8.036 54679.94347699 13.08 200.516942  63.586832  5.363 -100.00 -100.00 -100.00
   4    94.129 54689.85911904 11.93 200.510362  63.589757  8.550 -100.00 -100.00 -100.00
   4    90.735 54689.85911963 18.70 200.515688  63.588627 21.526 -100.00 -100.00 -100.00
   4    87.420 54689.85912022 27.96 200.521013  63.587497   -100 -100.00 -100.00 -100.00
   5   -11.393 54699.77475979 19.56 200.511412  63.590767 12.642 -100.00 -100.00 -100.00
   5    -6.928 54699.77476038 22.85 200.516738  63.589638 15.419 -100.00 -100.00 -100.00
   5     9.213 54699.77476098 10.68 200.522063  63.588508  3.084 -100.00 -100.00 -100.00
   6    98.118 54709.69040465 11.74 200.510339  63.590109 13.445 -100.00 -100.00 -100.00
   6    83.111 54709.69040524  2.58 200.515665  63.588980  6.711 -100.00 -100.00 -100.00
   6    71.241 54709.69040583 17.66 200.520990  63.587851   -100 -100.00 -100.00 -100.00
   7    20.096 54719.60605594 20.90 200.506808  63.588372 12.341 -100.00 -100.00 -100.00
   7    20.953 54719.60605653 20.87 200.512133  63.587243 15.588 -100.00 -100.00 -100.00
   7    21.750 54719.60605712 22.66 200.517458  63.586114 18.537 -100.00 -100.00 -100.00
   8    82.511 54729.52170475 12.81 200.504843  63.586117 15.905 -100.00 -100.00 -100.00
   8    86.788 54729.52170535 13.22 200.510168  63.584987 14.985 -100.00 -100.00 -100.00
   8    87.407 54729.52170594 16.45 200.515493  63.583858 16.463 -100.00 -100.00 -100.00
  10    87.919 54749.35299949  1.77 200.508559  63.584509  2.872 -100.00 -100.00 -100.00
  10    86.018 54749.35300008  2.49 200.513883  63.583380  4.764 -100.00 -100.00 -100.00
  11    99.750 54759.26864589 16.78 200.505151  63.585979  7.858 -100.00 -100.00 -100.00
  11    99.373 54759.26864648 19.67 200.510476  63.584849  9.734 -100.00 -100.00 -100.00
  11    70.926 54759.26864707 24.92 200.515800  63.583719 13.732 -100.00 -100.00 -100.00
  12    66.961 54769.18429083 10.91 200.509035  63.585387  8.404 -100.00 -100.00 -100.00
  12    68.376 54769.18429142 13.49 200.514360  63.584257 14.249 -100.00 -100.00 -100.00
  13    91.673 54779.09993209  4.63 200.509325  63.584703  5.616 -100.00 -100.00 -100.00
  13    96.681 54779.09993269  1.71 200.514651  63.583574  3.548 -100.00 -100.00 -100.00
  14    94.503 54789.01557064  3.58 200.506878  63.584315  4.140 -100.00 -100.00 -100.00
  14    99.439 54789.01557123  2.77 200.512204  63.583186  3.884 -100.00 -100.00 -100.00
  17    24.359 54818.76248346 23.38 200.508064  63.588034 12.622 -100.00 -100.00 -100.00
  17    24.512 54818.76248405 22.44 200.513390  63.586905  9.310 -100.00 -100.00 -100.00
  17    24.572 54818.76248464 23.26 200.518716  63.585776 10.418 -100.00 -100.00 -100.00
  18    24.660 54828.67813547 22.81 200.508801  63.588430 13.388 -100.00 -100.00 -100.00
  18    24.750 54828.67813606 27.80 200.514126  63.587301 20.245 -100.00 -100.00 -100.00
  18    24.960 54828.67813665 22.30 200.519451  63.586171  9.955 -100.00 -100.00 -100.00
  19    25.576 54838.59377432 17.11 200.507620  63.588173  6.276 -100.00 -100.00 -100.00
  19    24.547 54838.59377491 18.75 200.512946  63.587043  8.581 -100.00 -100.00 -100.00
  19    24.279 54838.59377550 19.92 200.518271  63.585914 10.813 -100.00 -100.00 -100.00
  21    25.850 54858.42507229 13.77 200.508162  63.587683 10.671 -100.00 -100.00 -100.00
  21    23.896 54858.42507288 15.20 200.513487  63.586554 11.621 -100.00 -100.00 -100.00
  21    26.969 54858.42507347 11.97 200.518811  63.585424  7.362 -100.00 -100.00 -100.00
  22    24.616 54868.34072096 10.14 200.508101  63.588298  5.216 -100.00 -100.00 -100.00
  22    24.343 54868.34072155 10.52 200.513426  63.587168  5.333 -100.00 -100.00 -100.00
  22    24.457 54868.34072214 10.95 200.518751  63.586038  5.954 -100.00 -100.00 -100.00
  23    24.255 54878.25636899 13.16 200.509044  63.587843  5.508 -100.00 -100.00 -100.00
  23    24.009 54878.25636958 14.40 200.514369  63.586713  6.884 -100.00 -100.00 -100.00
  24    23.777 54888.17201366 21.95 200.506578  63.587116 18.244 -100.00 -100.00 -100.00
  24    23.974 54888.17201425 22.94 200.511904  63.585987 18.599 -100.00 -100.00 -100.00
  24    23.912 54888.17201484 22.90 200.517228  63.584857 17.328 -100.00 -100.00 -100.00
  25    26.374 54898.08765563  9.91 200.508784  63.584602  4.321 -100.00 -100.00 -100.00
  25    27.072 54898.08765622 10.09 200.514109  63.583473  3.943 -100.00 -100.00 -100.00
  26    28.184 54908.00329468  8.02 200.507969  63.583648  2.756 -100.00 -100.00 -100.00
  26    23.650 54908.00329528  8.50 200.513294  63.582519  3.157 -100.00 -100.00 -100.00
  27    26.181 54917.91893209  6.60 200.504383  63.584886  2.228 -100.00 -100.00 -100.00
  27    26.320 54917.91893268  6.75 200.509708  63.583756  1.972 -100.00 -100.00 -100.00
  27    23.791 54917.91893327  7.24 200.515032  63.582626  2.468 -100.00 -100.00 -100.00
  28    24.398 54927.83456996  7.06 200.506536  63.585617  2.269 -100.00 -100.00 -100.00
  28    26.826 54927.83457055  7.19 200.511861  63.584488  2.342 -100.00 -100.00 -100.00
  28    27.751 54927.83457114  7.64 200.517185  63.583358  2.298 -100.00 -100.00 -100.00
  29    28.208 54937.75020694  7.81 200.506240  63.586359  2.688 -100.00 -100.00 -100.00
  29    28.407 54937.75020753  8.24 200.511565  63.585230  2.692 -100.00 -100.00 -100.00
  29    28.375 54937.75020812  8.61 200.516890  63.584100  2.719 -100.00 -100.00 -100.00
  31    87.589 54957.58147736  3.26 200.506389  63.586097  3.766 -100.00 -100.00 -100.00
  31    86.673 54957.58147796  2.37 200.511714  63.584968  3.470 -100.00 -100.00 -100.00
  31    84.380 54957.58147855  1.78 200.517038  63.583838  3.331 -100.00 -100.00 -100.00
  32   104.509 54967.49712612  7.55 200.507746  63.585198  4.190 -100.00 -100.00 -100.00
  32   101.116 54967.49712671 10.10 200.513071  63.584069  7.221 -100.00 -100.00 -100.00
  33   101.630 54977.41277338 19.49 200.506146  63.585914 18.213 -100.00 -100.00 -100.00
  33   107.828 54977.41277397 19.23 200.511470  63.584785 14.482 -100.00 -100.00 -100.00
  33    97.539 54977.41277456 22.60 200.516795  63.583656 19.359 -100.00 -100.00 -100.00
  34    27.550 54987.32842096 37.84 200.507836  63.586359 28.394 -100.00 -100.00 -100.00
  34    28.114 54987.32842155 39.84 200.513161  63.585229 21.195 -100.00 -100.00 -100.00
  35    90.515 54997.24406859 14.10 200.508480  63.586835 21.634 -100.00 -100.00 -100.00
  35    86.179 54997.24406918  4.65 200.513804  63.585705  4.475 -100.00 -100.00 -100.00
  36    87.864 55007.15971425  4.35 200.506710  63.587531  4.299 -100.00 -100.00 -100.00
  36    86.474 55007.15971484  3.25 200.512035  63.586402  3.404 -100.00 -100.00 -100.00
  36    93.994 55007.15971543  2.64 200.517360  63.585272  2.993 -100.00 -100.00 -100.00
  37    87.736 55017.07535808  3.62 200.507166  63.587733  3.989  274.68  273.33  272.66
  37    85.941 55017.07535867  2.68 200.512491  63.586603  3.684  274.68  273.33  272.66
  37    83.860 55017.07535926  2.95 200.517816  63.585473  4.797  274.68  273.33  272.66
  38    27.910 55026.99100062 22.14 200.508795  63.587963  7.576 -100.00 -100.00 -100.00
  38    28.515 55026.99100121 22.12 200.514120  63.586833  8.260 -100.00 -100.00 -100.00
  38    28.504 55026.99100180 26.16 200.519445  63.585704 14.115 -100.00 -100.00 -100.00
  39    84.316 55036.90664277  3.27 200.510973  63.588521  4.964 -100.00 -100.00 -100.00
  39    84.388 55036.90664336  1.91 200.516299  63.587391  3.914 -100.00 -100.00 -100.00
  40    91.515 55046.82228361 13.64 200.509462  63.589532  9.328 -100.00 -100.00 -100.00
  40    87.949 55046.82228420 16.76 200.514787  63.588403 15.640  272.13  270.98  270.06
  40    84.763 55046.82228479 25.92 200.520112  63.587273 28.798  272.13  270.98  270.06
  41    85.241 55056.73792308  3.27 200.511457  63.588692  4.843 -100.00 -100.00 -100.00
  41    84.195 55056.73792367  2.10 200.516782  63.587563  4.188 -100.00 -100.00 -100.00
  42    93.664 55066.65355975 13.76 200.508544  63.587668  7.991 -100.00 -100.00 -100.00
  42    90.616 55066.65356034 16.85 200.513869  63.586539 11.392 -100.00 -100.00 -100.00
  42    86.926 55066.65356093 23.04 200.519194  63.585410 28.746 -100.00 -100.00 -100.00
  43    88.989 55076.56921007 17.90 200.508601  63.585329  9.214  264.82  264.19  263.42
  43    86.976 55076.56921066 22.11 200.513925  63.584200  9.709  264.82  264.19  263.42
  44    75.253 55086.48485744 14.83 200.504085  63.585308  8.530  266.28  265.51  265.12
  44    80.189 55086.48485803 17.88 200.509409  63.584179  8.431  266.28  265.51  265.12
  44    78.882 55086.48485862 24.02 200.514733  63.583049 10.745  266.28  265.51  265.12
  45    91.067 55096.40050371 15.81 200.506152  63.585353 10.717  260.39  259.28  259.52
  45    91.175 55096.40050430 19.93 200.511477  63.584224 12.216  260.39  259.28  259.52
  45    87.254 55096.40050489 27.04 200.516801  63.583094   -100  260.39  259.28  259.52
  46    72.790 55106.31614979 18.94 200.509829  63.585281  9.200  256.55  254.78  253.72
  46    87.319 55106.31615038 25.17 200.515154  63.584152 10.361  256.55  254.78  253.72
  47    93.761 55116.23179468 14.70 200.505734  63.585891 14.895 -100.00 -100.00 -100.00
  47    94.706 55116.23179527 15.80 200.511060  63.584761 15.767 -100.00 -100.00 -100.00
  47    95.309 55116.23179586 19.54 200.516384  63.583632 21.200 -100.00 -100.00 -100.00
  48    91.644 55126.14743792 15.45 200.506952  63.584465  9.053 -100.00 -100.00 -100.00
  48    88.178 55126.14743851 16.41 200.512277  63.583336 15.529 -100.00 -100.00 -100.00
  49   105.088 55136.06307828 13.58 200.504549  63.584124 12.427 -100.00 -100.00 -100.00
  49   105.715 55136.06307887 15.56 200.509874  63.582995 14.827 -100.00 -100.00 -100.00
  49    74.810 55136.06307946 18.44 200.515199  63.581865 30.984 -100.00 -100.00 -100.00
  50    23.845 55145.97871676 28.23 200.504216  63.584542 14.604 -100.00 -100.00 -100.00
  50    23.922 55145.97871735 30.58 200.509541  63.583412 16.334 -100.00 -100.00 -100.00
  50    24.092 55145.97871794 28.27 200.514866  63.582283 11.678 -100.00 -100.00 -100.00
  51    26.093 55155.89435492 22.79 200.508228  63.585468  8.145 -100.00 -100.00 -100.00
  51    26.311 55155.89435551 22.99 200.513553  63.584338  7.753 -100.00 -100.00 -100.00
  52    25.444 55165.80999273 21.04 200.507279  63.587386  6.791 -100.00 -100.00 -100.00
  52    26.028 55165.80999332 21.09 200.512604  63.586256  6.493 -100.00 -100.00 -100.00
  52    23.235 55165.80999391 23.51 200.517930  63.585127 10.984 -100.00 -100.00 -100.00
  53    23.809 55175.72563056 19.98 200.508260  63.588435  5.459 -100.00 -100.00 -100.00
  53    26.521 55175.72563115 19.71 200.513586  63.587306  5.565 -100.00 -100.00 -100.00
  53    27.426 55175.72563174 20.56 200.518911  63.586176  5.793 -100.00 -100.00 -100.00
  54    23.476 55185.64127202 20.15 200.508595  63.588340  8.994 -100.00 -100.00 -100.00
  54    23.806 55185.64127261 19.78 200.513921  63.587211  6.152 -100.00 -100.00 -100.00
  54    24.001 55185.64127320 20.34 200.519246  63.586082  6.887 -100.00 -100.00 -100.00
  55    24.422 55195.55692343 18.38 200.510523  63.587320  7.752 -100.00 -100.00 -100.00
  55    24.074 55195.55692402 18.32 200.515848  63.586190  7.704 -100.00 -100.00 -100.00
  56    24.233 55205.47257330 20.00 200.511146  63.587333 10.977 -100.00 -100.00 -100.00
  56    23.756 55205.47257389 20.18 200.516471  63.586203  9.735 -100.00 -100.00 -100.00
  57    23.701 55215.38822205 16.74 200.508477  63.588855  9.155 -100.00 -100.00 -100.00
  57    23.512 55215.38822264 19.42 200.513802  63.587726 13.538 -100.00 -100.00 -100.00
  57    26.647 55215.38822323 16.92 200.519127  63.586596  6.206 -100.00 -100.00 -100.00
  58    23.832 55225.30387097 16.03 200.511678  63.588299  7.758 -100.00 -100.00 -100.00
  58    26.416 55225.30387156 15.74 200.517003  63.587170  6.723 -100.00 -100.00 -100.00
  59    27.286 55235.21951738 12.72 200.509486  63.587090  4.751 -100.00 -100.00 -100.00
  59    25.624 55235.21951797 15.24 200.514811  63.585960  8.613 -100.00 -100.00 -100.00
  60    25.763 55245.13516039 14.69 200.505575  63.585259  7.447  254.51  249.98  235.59
  60    25.615 55245.13516098 14.50 200.510900  63.584130  7.254  254.51  249.98  235.59
  60    23.252 55245.13516157 14.54 200.516225  63.583000  6.658  254.51  249.98  235.59
  61    23.513 55255.05080075 15.25 200.503585  63.583576  4.734 -100.00 -100.00 -100.00
  61    28.163 55255.05080134 15.07 200.508909  63.582447  4.139 -100.00 -100.00 -100.00
  61    23.739 55255.05080194 15.58 200.514234  63.581317  4.442 -100.00 -100.00 -100.00
  62    25.469 55264.96643951 14.48 200.502916  63.583957  3.537 -100.00 -100.00 -100.00
  62    26.202 55264.96644010 14.84 200.508241  63.582828  3.919 -100.00 -100.00 -100.00
  62    23.482 55264.96644069 15.45 200.513565  63.581698  4.354 -100.00 -100.00 -100.00
  63    23.411 55274.88207756 14.09 200.504995  63.585727  3.656 -100.00 -100.00 -100.00
  63    23.424 55274.88207815 14.46 200.510320  63.584597  4.168 -100.00 -100.00 -100.00
  63    23.739 55274.88207874 15.14 200.515645  63.583468  4.650 -100.00 -100.00 -100.00
  64    28.099 55284.79771538 12.74 200.510785  63.586304  4.350 -100.00 -100.00 -100.00
  64    28.478 55284.79771597 13.37 200.516110  63.585175  4.240 -100.00 -100.00 -100.00
  65    27.784 55294.71335067 13.18 200.507344  63.586906  4.522 -100.00 -100.00 -100.00
  65    27.750 55294.71335126 13.46 200.512669  63.585776  4.071 -100.00 -100.00 -100.00
  65    23.451 55294.71335185 14.33 200.517994  63.584647  4.163 -100.00 -100.00 -100.00
  66    23.103 55304.62898901 10.41 200.505362  63.585534  4.520 -100.00 -100.00 -100.00
  66    23.453 55304.62898960 10.09 200.510687  63.584405  4.020 -100.00 -100.00 -100.00
  66    23.252 55304.62899019 10.59 200.516011  63.583275  4.152 -100.00 -100.00 -100.00
  68    93.240 55324.46028185  2.55 200.504309  63.584580  4.414 -100.00 -100.00 -100.00
  68    92.605 55324.46028244 11.15 200.509633  63.583451 14.251 -100.00 -100.00 -100.00
  68    96.371 55324.46028303  6.49 200.514957  63.582321  5.938 -100.00 -100.00 -100.00
  69    95.690 55334.37592600 14.99 200.506189  63.586332 11.891 -100.00 -100.00 -100.00
  69    95.376 55334.37592659  4.21 200.511513  63.585202  2.927 -100.00 -100.00 -100.00
  69    85.801 55334.37592718  4.96 200.516837  63.584073  3.911 -100.00 -100.00 -100.00
  70    87.787 55344.29157008  5.80 200.509585  63.587325  5.192 -100.00 -100.00 -100.00
  70    85.949 55344.29157067  6.34 200.514909  63.586196  5.894 -100.00 -100.00 -100.00
  71    97.042 55354.20721345  3.08 200.511219  63.587117  3.225 -100.00 -100.00 -100.00
  71    84.617 55354.20721404  3.32 200.516544  63.585988  3.761 -100.00 -100.00 -100.00
  72    87.484 55364.12285455  3.15 200.510660  63.586800  3.622  266.90  266.57  266.09
  72    91.909 55364.12285514 13.70 200.515985  63.585670 12.329  266.90  266.57  266.09
  73    87.262 55374.03849372  3.48 200.508139  63.587350  3.542 -100.00 -100.00 -100.00
  73    85.774 55374.03849431  2.27 200.513464  63.586221  2.931 -100.00 -100.00 -100.00
  73    84.025 55374.03849490  2.97 200.518789  63.585091  4.612  272.14  272.22  272.15
  74    86.910 55383.95413187  2.68 200.507920  63.588646  4.653 -100.00 -100.00 -100.00
  74    85.538 55383.95413246  2.42 200.513246  63.587517  4.852 -100.00 -100.00 -100.00
  74    83.575 55383.95413305  3.08 200.518571  63.586387  5.857  270.67  269.21  269.17
  75    85.538 55393.86976936  3.22 200.509182  63.589893  5.005  272.60  271.19  270.52
  75    83.999 55393.86976995  2.73 200.514507  63.588764  3.884  272.60  271.19  270.52
  75    83.287 55393.86977055  2.28 200.519833  63.587634  4.468  272.60  271.19  270.52
  76    94.835 55403.78540670 12.43 200.509298  63.590760  7.668 -100.00 -100.00 -100.00
  76    92.412 55403.78540729 19.24 200.514624  63.589630 19.310  268.56  267.78  267.13
  76    88.614 55403.78540788 28.08 200.519950  63.588501   -100  268.56  267.78  267.13
  77    68.132 55413.70105862 12.79 200.508253  63.588865  8.943 -100.00 -100.00 -100.00
  77    74.542 55413.70105921 18.97 200.513579  63.587736 12.408 -100.00 -100.00 -100.00
  77    73.865 55413.70105980 23.30 200.518904  63.586607 14.298 -100.00 -100.00 -100.00
  78    27.993 55423.61670779 35.32 200.508140  63.585662 13.999 -100.00 -100.00 -100.00
  78    26.521 55423.61670838 47.56 200.513465  63.584533 27.239 -100.00 -100.00 -100.00
  79    99.207 55433.53235389 13.88 200.504864  63.583864  7.987 -100.00 -100.00 -100.00
  79    96.673 55433.53235448  8.46 200.510189  63.582735  7.686 -100.00 -100.00 -100.00
  80    94.393 55443.44799834 14.14 200.504507  63.583952  9.842  266.87  267.31  265.96
  80    91.090 55443.44799893 19.15 200.509831  63.582823 14.576  266.87  267.31  265.96
  80    91.374 55443.44799952 29.44 200.515155  63.581693   -100  266.87  267.31  265.96
  81   102.740 55453.36364131 11.28 200.504999  63.585562 18.906 -100.00 -100.00 -100.00
  81   103.894 55453.36364190 13.27 200.510323  63.584433 20.111 -100.00 -100.00 -100.00
  81    97.569 55453.36364249 12.93 200.515648  63.583303 21.491 -100.00 -100.00 -100.00
  82    88.794 55463.27928360  3.80 200.507037  63.587077  5.066 -100.00 -100.00 -100.00
  82    86.956 55463.27928419  3.03 200.512362  63.585947  4.095 -100.00 -100.00 -100.00
  82    85.710 55463.27928478  3.19 200.517687  63.584817  5.856 -100.00 -100.00 -100.00
  83    88.858 55473.19492358  3.55 200.505898  63.587202  5.693 -100.00 -100.00 -100.00
  83    86.718 55473.19492417  2.87 200.511224  63.586073  4.900 -100.00 -100.00 -100.00
  83    86.179 55473.19492476  1.85 200.516549  63.584943  4.218 -100.00 -100.00 -100.00
  84   104.059 55483.11056087  5.31 200.504744  63.585777  9.989 -100.00 -100.00 -100.00
  84   116.794 55483.11056146  4.47 200.510070  63.584648  8.350 -100.00 -100.00 -100.00
  84   107.867 55483.11056205  1.94 200.515395  63.583518  7.593 -100.00 -100.00 -100.00
  85    96.329 55493.02619610 12.78 200.504172  63.584357  9.908 -100.00 -100.00 -100.00
  85    96.970 55493.02619670 15.12 200.509497  63.583227 16.066 -100.00 -100.00 -100.00
  85    69.328 55493.02619729 17.51 200.514822  63.582098 27.109 -100.00 -100.00 -100.00
  86   106.136 55502.94182985 12.70 200.504899  63.585313 12.807 -100.00 -100.00 -100.00
  86   107.066 55502.94183044 15.86 200.510225  63.584184 17.245 -100.00 -100.00 -100.00
  86    83.620 55502.94183103 19.10 200.515550  63.583054 28.006 -100.00 -100.00 -100.00
  87    23.202 55512.85747667 34.56 200.507917  63.586921 17.260 -100.00 -100.00 -100.00
  87    24.095 55512.85747726 38.42 200.513242  63.585792 23.457 -100.00 -100.00 -100.00
  88    24.100 55522.77312622 42.23 200.508624  63.588746 24.961 -100.00 -100.00 -100.00
  88    23.843 55522.77312681 44.16 200.513950  63.587616   -100  253.49  255.66  255.73
  88    23.848 55522.77312740 46.95 200.519275  63.586487   -100  253.49  255.66  255.73
  89    24.019 55532.68877474 35.65 200.511959  63.588275 23.310 -100.00 -100.00 -100.00
  89    23.332 55532.68877533 31.06 200.517284  63.587146 25.714 -100.00 -100.00 -100.00
  90    23.513 55542.60442128 33.30 200.511631  63.587061 27.050  233.64  231.08  224.54
  90    23.418 55542.60442187 30.57 200.516956  63.585931 25.710  233.64  231.08  224.54
  91    23.044 55552.52006557 27.95 200.509738  63.586456 20.125 -100.00 -100.00 -100.00
  91    23.037 55552.52006616 27.67 200.515063  63.585327 21.937 -100.00 -100.00 -100.00
  92    25.376 55562.43570839 18.86 200.507913  63.587264  7.713 -100.00 -100.00 -100.00
  92    25.953 55562.43570898 19.07 200.513238  63.586135  7.971 -100.00 -100.00 -100.00
  92    26.580 55562.43570957 18.68 200.518562  63.585005  6.104 -100.00 -100.00 -100.00
  93    25.433 55572.35135097 20.01 200.511192  63.587993  9.906 -100.00 -100.00 -100.00
  93    25.715 55572.35135156 19.24 200.516517  63.586864  8.833 -100.00 -100.00 -100.00
  94    25.330 55582.26699194 17.46 200.510510  63.588664  7.703 -100.00 -100.00 -100.00
  94    23.347 55582.26699253 17.05 200.515836  63.587534  5.863 -100.00 -100.00 -100.00
  95    22.921 55592.18262947 17.38 200.506816  63.588093  8.368 -100.00 -100.00 -100.00
  95    22.919 55592.18263006 17.84 200.512142  63.586964  9.745 -100.00 -100.00 -100.00
  95    23.135 55592.18263065 17.39 200.517467  63.585834  7.420 -100.00 -100.00 -100.00
  96    22.704 55602.09826422 20.16 200.506919  63.585867 11.226 -100.00 -100.00 -100.00
  96    22.419 55602.09826481 20.88 200.512245  63.584737 12.412 -100.00 -100.00 -100.00
  97    22.649 55612.01389669 20.93 200.506062  63.584853 13.982 -100.00 -100.00 -100.00
  97    22.853 55612.01389728 19.31 200.511387  63.583724  9.799 -100.00 -100.00 -100.00
  98    22.296 55621.92953040 20.93 200.504624  63.586181 17.016 -100.00 -100.00 -100.00
  98    22.877 55621.92953099 16.93 200.509950  63.585052  8.959 -100.00 -100.00 -100.00
  98    22.520 55621.92953158 19.06 200.515275  63.583923 12.441 -100.00 -100.00 -100.00
  99    22.735 55631.84518383 17.45 200.509696  63.586434 11.354  242.40  236.05  223.97
  99    22.582 55631.84518442 18.97 200.515021  63.585305 13.946  242.40  236.05  223.97
 100    25.979 55641.76083425 10.86 200.506663  63.587949  5.546 -100.00 -100.00 -100.00
 100    26.188 55641.76083484 11.94 200.511989  63.586820  6.515 -100.00 -100.00 -100.00
 100    26.166 55641.76083543 12.65 200.517314  63.585690  8.861 -100.00 -100.00 -100.00
 101    22.547 55651.67648242 16.99 200.507224  63.587051  9.681 -100.00 -100.00 -100.00
 101    22.352 55651.67648301 17.38 200.512549  63.585921 10.868 -100.00 -100.00 -100.00
 101    22.386 55651.67648360 18.67 200.517873  63.584792 13.871 -100.00 -100.00 -100.00
 102    25.668 55661.59212659  9.82 200.505896  63.585023  4.042 -100.00 -100.00 -100.00
 102    26.235 55661.59212718 10.22 200.511220  63.583894  3.603 -100.00 -100.00 -100.00
 102    26.199 55661.59212777 10.29 200.516544  63.582765  3.591 -100.00 -100.00 -100.00
 103    22.978 55671.50776769  8.35 200.506839  63.583452  3.299 -100.00 -100.00 -100.00
 103    22.546 55671.50776828  9.76 200.512163  63.582323  4.909 -100.00 -100.00 -100.00
 105    86.932 55691.33904390  1.77 200.505724  63.587391  4.111 -100.00 -100.00 -100.00
 105    85.291 55691.33904449  1.63 200.511049  63.586262  5.401 -100.00 -100.00 -100.00
 105    83.756 55691.33904508  1.28 200.516374  63.585133  4.840 -100.00 -100.00 -100.00
 106   113.260 55701.25467982 11.16 200.508861  63.589409 11.617 -100.00 -100.00 -100.00
 106   113.972 55701.25468041 15.89 200.514187  63.588280 13.924 -100.00 -100.00 -100.00
 106   107.860 55701.25468100 12.48 200.519512  63.587150 12.329  258.59  258.54  258.56
 107    85.993 55711.17032087  7.86 200.510267  63.589904  5.754 -100.00 -100.00 -100.00
 107    84.545 55711.17032147  7.29 200.515593  63.588775  4.987 -100.00 -100.00 -100.00
 107    83.415 55711.17032206  5.24 200.520918  63.587645  4.502 -100.00 -100.00 -100.00
 108    85.097 55721.08597098  5.03 200.512098  63.588196  4.744  271.88  270.59  270.66
 108    84.390 55721.08597157  4.23 200.517424  63.587067  4.620  271.88  270.59  270.66
 109    98.642 55731.00161849  3.45 200.509403  63.587691  4.350  276.85  275.38  274.74
 109    99.486 55731.00161908 13.51 200.514728  63.586561 15.662  276.85  275.38  274.74
 110    84.504 55740.91726481 13.59 200.507837  63.587835 25.031 -100.00 -100.00 -100.00
 110    86.424 55740.91726540  2.61 200.513163  63.586706  3.814 -100.00 -100.00 -100.00
 110    85.518 55740.91726599 15.26 200.518487  63.585576 32.740  271.37  269.52  269.35
 111    86.624 55750.83291042  3.22 200.511202  63.587478  5.883 -100.00 -100.00 -100.00
 111   107.165 55750.83291101 12.27 200.516527  63.586349 14.152 -100.00 -100.00 -100.00
 112    85.340 55760.74855316  5.16 200.509531  63.587826  6.674  263.92  262.91  262.44
 112    84.940 55760.74855375  2.90 200.514856  63.586697  3.827  263.92  262.91  262.44
 113    87.987 55770.66419293  2.35 200.506231  63.587642  3.498 -100.00 -100.00 -100.00
 113    96.107 55770.66419352  1.92 200.511556  63.586513  3.757 -100.00 -100.00 -100.00
 113    97.443 55770.66419411  1.00 200.516880  63.585383  3.074 -100.00 -100.00 -100.00
 114    89.487 55780.57982959  2.54 200.505088  63.586127  4.326 -100.00 -100.00 -100.00
 114    86.650 55780.57983018  3.78 200.510413  63.584998  5.917 -100.00 -100.00 -100.00
 114    85.844 55780.57983077  2.17 200.515737  63.583869  4.396 -100.00 -100.00 -100.00
 115    91.015 55790.49546394 13.03 200.507766  63.584728 13.299 -100.00 -100.00 -100.00
 115    91.741 55790.49546453 15.15 200.513091  63.583599 12.496 -100.00 -100.00 -100.00
 116    74.352 55800.41109665 13.19 200.508269  63.585563  7.628  265.68  265.65  263.70
 116    89.438 55800.41109724 19.33 200.513593  63.584434  9.203  265.68  265.65  263.70
 117    87.771 55810.32674476  3.97 200.507208  63.586912  3.864 -100.00 -100.00 -100.00
 117    86.131 55810.32674535  3.67 200.512533  63.585783  4.026 -100.00 -100.00 -100.00
 117    84.498 55810.32674594  2.94 200.517858  63.584653  4.050 -100.00 -100.00 -100.00
 118    76.087 55820.24239376 14.16 200.510413  63.587232  8.025  264.04  263.48  263.47
 118    79.868 55820.24239435 20.24 200.515739  63.586103 13.941  264.04  263.48  263.47
 119    79.118 55830.15803783 17.32 200.509852  63.587187  6.795  260.88  259.80  260.86
 119    78.841 55830.15803842 21.57 200.515178  63.586058  7.461  260.88  259.80  260.86
 120    88.511 55840.07367712  3.46 200.505857  63.586635  3.334  259.88  258.68  260.12
 120    89.771 55840.07367771  2.93 200.511183  63.585506  3.240  259.88  258.68  260.12
 120    88.527 55840.07367830  2.66 200.516509  63.584377  4.464  259.88  258.68  260.12
 121    88.778 55849.98931388  1.87 200.506363  63.585469  3.653 -100.00 -100.00 -100.00
 121    87.104 55849.98931447  2.32 200.511689  63.584339  5.304 -100.00 -100.00 -100.00
 121    83.963 55849.98931506  4.88 200.517014  63.583210  7.720 -100.00 -100.00 -100.00
 122   114.156 55859.90494868 11.03 200.508473  63.586137  9.688 -100.00 -100.00 -100.00
 122    92.222 55859.90494927 12.67 200.513799  63.585008 13.147 -100.00 -100.00 -100.00
 123    93.083 55869.82059875 16.05 200.506721  63.588159  8.783 -100.00 -100.00 -100.00
 123    93.505 55869.82059934 20.03 200.512047  63.587029 11.788  254.63  252.29  250.21
 123    90.125 55869.82059994 10.53 200.517372  63.585900 13.822  254.63  252.29  250.21
 133    22.960 55968.97704062 11.40 200.505198  63.584943  4.562 -100.00 -100.00 -100.00
 133    22.686 55968.97704121 11.85 200.510523  63.583813  4.444 -100.00 -100.00 -100.00
 133    22.719 55968.97704180 12.46 200.515848  63.582684  4.925 -100.00 -100.00 -100.00
 134    22.558 55978.89267756 11.51 200.509325  63.585398  5.355  251.80  246.43  233.50
 134    22.571 55978.89267815 12.21 200.514650  63.584269  5.907  251.80  246.43  233.50
 135    22.433 55988.80831312 11.40 200.507239  63.587255  3.883 -100.00 -100.00 -100.00
 135    22.195 55988.80831371 12.36 200.512564  63.586126  4.447  249.22  242.08  226.94
 135    22.436 55988.80831430 12.71 200.517889  63.584996  5.264  249.22  242.08  226.94
 136    22.730 55998.72395519 11.93 200.511245  63.586735  4.713  247.55  239.60  224.65
 136    22.521 55998.72395578 12.46 200.516570  63.585606  4.887  247.55  239.60  224.65
 137    22.559 56008.63960580 10.17 200.505539  63.586770  4.155  247.79  239.05  221.83
 137    22.322 56008.63960639 10.85 200.510864  63.585641  4.379  247.79  239.05  221.83
 137    22.748 56008.63960698 11.29 200.516188  63.584512  4.978  247.79  239.05  221.83
 138    22.839 56018.55525284 11.00 200.505867  63.585587  4.746 -100.00 -100.00 -100.00
 138    22.777 56018.55525343 11.97 200.511192  63.584458  5.169 -100.00 -100.00 -100.00
 138    22.814 56018.55525402 12.41 200.516516  63.583329  5.419  252.85  245.92  230.51
 139    27.981 56028.47089700 10.04 200.507796  63.584968  2.796 -100.00 -100.00 -100.00
 139    28.879 56028.47089759 10.57 200.513120  63.583838  3.136  252.18  246.94  234.51
 142    71.743 56058.21781651 11.54 200.509512  63.588862 11.877 -100.00 -100.00 -100.00
 142    72.599 56058.21781710 13.21 200.514837  63.587732  9.305 -100.00 -100.00 -100.00
 142    74.319 56058.21781769 16.23 200.520162  63.586603 12.978 -100.00 -100.00 -100.00
 143    69.895 56068.13344971 13.48 200.511883  63.589439 11.114 -100.00 -100.00 -100.00
 143    83.311 56068.13345030  7.17 200.517208  63.588310  3.981 -100.00 -100.00 -100.00
 144    94.101 56078.04910056 15.39 200.511651  63.588645 15.336 -100.00 -100.00 -100.00
 144    91.690 56078.04910115  9.96 200.516977  63.587515  7.183 -100.00 -100.00 -100.00
 145    86.489 56087.96474925  5.80 200.511336  63.587994  4.977 -100.00 -100.00 -100.00
 145    84.858 56087.96474984  6.44 200.516661  63.586865  5.082 -100.00 -100.00 -100.00
 146    86.784 56097.88039540  5.10 200.510672  63.587972  5.405 -100.00 -100.00 -100.00
 146    84.582 56097.88039599  5.33 200.515998  63.586842  7.287 -100.00 -100.00 -100.00
 147   101.303 56107.79603945 14.41 200.510775  63.587483 10.956 -100.00 -100.00 -100.00
 147    91.230 56107.79604004 20.50 200.516100  63.586353 32.045  273.07  272.06  271.52
 148    75.715 56117.71166865 12.57 200.506084  63.587372  9.155  264.64  264.30  264.49
 148    76.301 56117.71166924 12.79 200.511409  63.586243  9.369  264.64  264.30  264.49
 148    83.126 56117.71166983 19.61 200.516734  63.585114  9.927  264.64  264.30  264.49
 149    88.299 56127.62730628  3.46 200.506289  63.586255  4.271  266.47  267.67  265.89
 149    87.055 56127.62730687  2.21 200.511613  63.585126  3.538  266.47  267.67  265.89
 149    85.534 56127.62730746  2.02 200.516938  63.583996  3.689  266.47  267.67  265.89
 150    89.290 56137.54293999  2.09 200.505328  63.586030  4.452 -100.00 -100.00 -100.00
 150    87.933 56137.54294058  1.29 200.510653  63.584901  4.031 -100.00 -100.00 -100.00
 150    86.325 56137.54294117  1.70 200.515978  63.583772  4.815  269.24  269.73  270.24
 151    67.547 56147.45858581 13.20 200.506324  63.586030  9.549  262.47  261.76  260.71
 151    65.562 56147.45858640 13.18 200.511648  63.584901 10.966  262.47  261.76  260.71
 151    71.198 56147.45858699 21.54 200.516972  63.583771 20.850  262.47  261.76  260.71
 152    87.090 56157.37423507  3.55 200.507875  63.586508  4.892 -100.00 -100.00 -100.00
 152    86.419 56157.37423566  2.93 200.513200  63.585379  4.104 -100.00 -100.00 -100.00
 153   102.559 56167.28988355 11.83 200.510943  63.586358 18.187 -100.00 -100.00 -100.00
 153   103.565 56167.28988414 11.39 200.516268  63.585228 14.828 -100.00 -100.00 -100.00
 154   108.598 56177.20552866 15.38 200.506034  63.586804 14.151 -100.00 -100.00 -100.00
 154   109.619 56177.20552925 16.40 200.511360  63.585675 13.856 -100.00 -100.00 -100.00
 154   110.322 56177.20552984 19.21 200.516685  63.584545 18.960 -100.00 -100.00 -100.00
 155    76.031 56187.12116994 12.17 200.509074  63.585308 14.612 -100.00 -100.00 -100.00
 155    76.458 56187.12117054 12.38 200.514399  63.584178 15.662 -100.00 -100.00 -100.00
 156    90.286 56197.03680709  5.48 200.507915  63.585242  3.818 -100.00 -100.00 -100.00
 156    93.708 56197.03680768 15.20 200.513241  63.584112 11.108 -100.00 -100.00 -100.00
 157    87.978 56206.95244106  7.47 200.505805  63.587008  5.641 -100.00 -100.00 -100.00
 157    87.213 56206.95244165  6.42 200.511131  63.585878  4.751 -100.00 -100.00 -100.00
 157    86.035 56206.95244224  5.20 200.516457  63.584749  4.002 -100.00 -100.00 -100.00
 158    97.719 56216.86807392 15.20 200.507852  63.588974  7.403 -100.00 -100.00 -100.00
 158    63.705 56216.86807451 14.74 200.513178  63.587845 13.405 -100.00 -100.00 -100.00
 158    85.345 56216.86807510  5.64 200.518504  63.586715  5.015 -100.00 -100.00 -100.00
 159   104.182 56226.78371610  9.77 200.510684  63.590002 13.172 -100.00 -100.00 -100.00
 159    90.623 56226.78371669 14.07 200.516010  63.588872 15.292 -100.00 -100.00 -100.00
 159    99.131 56226.78371728  9.90 200.521336  63.587743 15.370 -100.00 -100.00 -100.00
 160    24.223 56236.69937105 37.78 200.510425  63.589581 23.488 -100.00 -100.00 -100.00
 160    23.931 56236.69937164 39.63 200.515751  63.588451   -100 -100.00 -100.00 -100.00
 160    23.842 56236.69937223 37.42 200.521077  63.587322 32.709 -100.00 -100.00 -100.00
 161    26.129 56246.61502221 22.72 200.510325  63.588430  9.325 -100.00 -100.00 -100.00
 161    26.523 56246.61502280 23.93 200.515650  63.587300 11.230 -100.00 -100.00 -100.00
 162    25.972 56256.53066817 23.12 200.509865  63.587796 14.174 -100.00 -100.00 -100.00
 162    26.424 56256.53066876 22.39 200.515190  63.586667 12.077 -100.00 -100.00 -100.00
 163    26.114 56266.44631035 18.69 200.509592  63.588308  7.271 -100.00 -100.00 -100.00
 163    26.619 56266.44631094 19.79 200.514917  63.587178  8.758 -100.00 -100.00 -100.00
 164    26.220 56276.36195094 17.34 200.510625  63.588697  6.573 -100.00 -100.00 -100.00
 164    26.569 56276.36195153 17.42 200.515951  63.587567  7.046 -100.00 -100.00 -100.00
 165    26.002 56286.27759766 16.37 200.509719  63.588187  6.329 -100.00 -100.00 -100.00
 165    26.149 56286.27759825 16.20 200.515044  63.587057  7.397 -100.00 -100.00 -100.00
 166    25.827 56296.19324779 15.63 200.509692  63.585886  5.504 -100.00 -100.00 -100.00
 166    26.340 56296.19324838 16.20 200.515017  63.584756  5.427 -100.00 -100.00 -100.00
 167    25.709 56306.10889334 12.78 200.504756  63.584482  3.907  254.58  253.10  247.83
 167    26.397 56306.10889393 12.91 200.510081  63.583352  3.397  254.58  253.10  247.83
 167    26.725 56306.10889452 13.24 200.515406  63.582223  3.824  254.58  253.10  247.83
 168    25.402 56316.02453611 13.08 200.504748  63.583769  3.862 -100.00 -100.00 -100.00
 168    26.044 56316.02453670 13.23 200.510073  63.582639  3.765 -100.00 -100.00 -100.00
 169    25.342 56325.94017711 12.43 200.506073  63.585089  3.443 -100.00 -100.00 -100.00
 169    25.584 56325.94017770 12.80 200.511398  63.583959  3.782 -100.00 -100.00 -100.00
 170    25.306 56335.85581746 13.60 200.509966  63.586503  4.376 -100.00 -100.00 -100.00
 170    25.814 56335.85581805 13.58 200.515291  63.585373  4.258 -100.00 -100.00 -100.00
 171    22.993 56345.77145636 14.30 200.510712  63.587312  5.922 -100.00 -100.00 -100.00
 171    22.810 56345.77145695 13.97 200.516037  63.586183  5.573 -100.00 -100.00 -100.00
 172    25.242 56355.68709241 12.67 200.505903  63.587640  4.774 -100.00 -100.00 -100.00
 172    25.299 56355.68709300 12.99 200.511228  63.586511  4.281 -100.00 -100.00 -100.00
 172    22.900 56355.68709359 14.76 200.516553  63.585382  6.132 -100.00 -100.00 -100.00
 173    23.163 56365.60273924 13.19 200.508038  63.585252  5.032 -100.00 -100.00 -100.00
 173    22.944 56365.60273983 14.91 200.513362  63.584123  6.820 -100.00 -100.00 -100.00
 174    24.865 56375.51838801 11.55 200.507090  63.584705  4.031 -100.00 -100.00 -100.00
 174    22.920 56375.51838860 12.50 200.512414  63.583576  4.427 -100.00 -100.00 -100.00
 176    23.012 56395.34967748 12.32 200.510350  63.587626  3.845 -100.00 -100.00 -100.00
 176    23.057 56395.34967807 12.63 200.515674  63.586496  3.933 -100.00 -100.00 -100.00
 177    27.892 56405.26531901  5.97 200.510944  63.588889  2.663  259.63  256.93  250.78
 177    23.940 56405.26531960  6.36 200.516269  63.587759  3.022  259.63  256.93  250.78
 180    26.084 56435.01223823 27.90 200.506953  63.588484 17.288 -100.00 -100.00 -100.00
 180    26.600 56435.01223882 28.07 200.512278  63.587354 18.641 -100.00 -100.00 -100.00
 180    26.638 56435.01223941 27.73 200.517603  63.586225 18.011 -100.00 -100.00 -100.00
 181   104.659 56444.92789024 16.75 200.506344  63.588145  9.410 -100.00 -100.00 -100.00
 181    97.693 56444.92789083 16.77 200.511669  63.587016 12.491 -100.00 -100.00 -100.00
 181    90.441 56444.92789142 28.93 200.516994  63.585886   -100  270.14  268.99  269.25
 182    91.002 56454.84354009 14.82 200.509142  63.588125 18.808 -100.00 -100.00 -100.00
 182    91.585 56454.84354068 16.60 200.514467  63.586995 15.939 -100.00 -100.00 -100.00
 183    74.638 56464.75918670 13.76 200.507976  63.587910  8.198 -100.00 -100.00 -100.00
 183    75.476 56464.75918729 19.80 200.513300  63.586780 11.842 -100.00 -100.00 -100.00
 183    77.022 56464.75918788 25.03 200.518625  63.585651 12.793 -100.00 -100.00 -100.00
 184    87.189 56474.67483017  3.12 200.509976  63.585681  4.209  266.06  265.81  265.73
 184    85.606 56474.67483076  3.47 200.515300  63.584552  6.272  266.06  265.81  265.73
 185    89.585 56484.59046939  3.41 200.504443  63.584735  4.172 -100.00 -100.00 -100.00
 185    88.445 56484.59046998  2.86 200.509768  63.583606  3.158  263.87  263.38  262.03
 185    86.356 56484.59047057  3.06 200.515092  63.582477  3.608  263.87  263.38  262.03
 187   100.058 56504.42174035 13.07 200.506530  63.586050 10.600 -100.00 -100.00 -100.00
 187    94.183 56504.42174094 16.77 200.511855  63.584921 13.759 -100.00 -100.00 -100.00
 187    86.867 56504.42174153 27.15 200.517179  63.583792 30.942 -100.00 -100.00 -100.00
 188    85.295 56514.33737344  2.70 200.512007  63.588221  3.943  265.78  265.35  263.93
 188    76.064 56514.33737403 11.71 200.517333  63.587092 10.471  265.78  265.35  263.93
 189    88.455 56524.25302479 16.71 200.511302  63.588883  8.623 -100.00 -100.00 -100.00
 189    86.787 56524.25302538 22.03 200.516628  63.587754 10.086 -100.00 -100.00 -100.00
 190    86.325 56534.16867619  2.93 200.510389  63.587266  4.523 -100.00 -100.00 -100.00
 190    85.651 56534.16867678  1.54 200.515714  63.586136  3.385 -100.00 -100.00 -100.00
 192    88.993 56553.99996811  4.29 200.505682  63.585090  5.262 -100.00 -100.00 -100.00
 192    87.827 56553.99996870  3.72 200.511008  63.583961  4.369 -100.00 -100.00 -100.00
 192    85.576 56553.99996929  3.32 200.516332  63.582831  4.709 -100.00 -100.00 -100.00
 193    87.900 56563.91561092  4.70 200.507535  63.586584  3.770 -100.00 -100.00 -100.00
 193    86.030 56563.91561151  4.82 200.512861  63.585454  4.577 -100.00 -100.00 -100.00
 193    84.417 56563.91561210  3.79 200.518186  63.584324  3.998 -100.00 -100.00 -100.00
 194    86.229 56573.83125251  6.92 200.510520  63.588847  3.709  259.28  259.89  261.69
 194    85.539 56573.83125310  6.47 200.515846  63.587717  3.742  259.28  259.89  261.69
 195   100.421 56583.74689128 11.08 200.509670  63.590932 12.546 -100.00 -100.00 -100.00
 195   101.474 56583.74689187 14.21 200.514997  63.589802 19.076 -100.00 -100.00 -100.00
 195    95.195 56583.74689246 10.30 200.520322  63.588672 12.881 -100.00 -100.00 -100.00
 196    25.140 56593.66252609 35.06 200.513071  63.590252 26.977  259.73  259.39  260.26
 196    24.671 56593.66252668 33.48 200.518397  63.589123   -100  259.73  259.39  260.26
 197    88.286 56603.57817872 15.35 200.507192  63.589006 14.477 -100.00 -100.00 -100.00
 197    89.215 56603.57817931 16.61 200.512518  63.587876 11.990 -100.00 -100.00 -100.00
 197    85.787 56603.57817990 19.42 200.517843  63.586747 21.560 -100.00 -100.00 -100.00
 198    22.391 56613.49382801 42.15 200.510446  63.586668 23.859 -100.00 -100.00 -100.00
 198    22.179 56613.49382860 45.06 200.515771  63.585538 29.641 -100.00 -100.00 -100.00
 199    23.462 56623.40947244 33.08 200.508938  63.587398 23.909 -100.00 -100.00 -100.00
 199    23.461 56623.40947303 29.29 200.514263  63.586268 13.676 -100.00 -100.00 -100.00
 200    23.396 56633.32511410 35.15 200.508859  63.588336 23.002 -100.00 -100.00 -100.00
 200    23.540 56633.32511469 34.95 200.514184  63.587206 22.408 -100.00 -100.00 -100.00
 200    23.767 56633.32511529 32.35 200.519509  63.586077 17.141 -100.00 -100.00 -100.00
 201    23.415 56643.24075110 28.26 200.508447  63.588991 12.543 -100.00 -100.00 -100.00
 201    23.256 56643.24075169 32.41 200.513773  63.587861 21.965 -100.00 -100.00 -100.00
 201    23.466 56643.24075228 30.50 200.519098  63.586732 17.278 -100.00 -100.00 -100.00
 202    23.265 56653.15640213 29.85 200.505932  63.587307 19.422  233.54  229.70  224.75
 202    23.700 56653.15640272 29.45 200.511258  63.586177 15.208  233.54  229.70  224.75
 202    23.960 56653.15640331 27.07 200.516583  63.585048 10.609  233.54  229.70  224.75
 203    23.980 56663.07205142 26.03 200.504854  63.584952 10.057 -100.00 -100.00 -100.00
 203    23.840 56663.07205201 25.14 200.510179  63.583823  8.170  244.32  243.71  238.42
 203    23.680 56663.07205260 26.24 200.515504  63.582693  9.399  244.32  243.71  238.42
 204    23.119 56672.98769799 25.62 200.505024  63.583743 11.762 -100.00 -100.00 -100.00
 204    23.433 56672.98769858 25.06 200.510349  63.582613  9.517  241.55  238.70  233.63
 205    23.415 56682.90334329 15.78 200.508370  63.584533  8.034 -100.00 -100.00 -100.00
 205    23.281 56682.90334388 15.62 200.513695  63.583403  7.346 -100.00 -100.00 -100.00
 206    22.830 56692.81898630 20.17 200.510327  63.586418 14.457 -100.00 -100.00 -100.00
 206    23.016 56692.81898689 18.46 200.515652  63.585289  9.719 -100.00 -100.00 -100.00
 207    23.194 56702.73462469 11.34 200.507407  63.588717  3.966  221.99  216.54  208.83
 207    23.356 56702.73462528 12.00 200.512732  63.587588  4.388  221.99  216.54  208.83
 207    22.997 56702.73462587 12.47 200.518057  63.586458  4.872  221.99  216.54  208.83
 208    23.081 56712.65025895 12.22 200.511682  63.587412  3.447 -100.00 -100.00 -100.00
 208    23.095 56712.65025954 13.11 200.517007  63.586283  4.308 -100.00 -100.00 -100.00
 209    24.092 56722.56590559 13.02 200.505322  63.586672  3.469  224.58  218.73  207.65
 209    23.237 56722.56590618 13.52 200.510647  63.585542  3.690  224.58  218.73  207.65
 209    23.380 56722.56590677 13.91 200.515972  63.584413  4.336  224.58  218.73  207.65
 210    23.647 56732.48155697 12.52 200.506478  63.585196  4.004 -100.00 -100.00 -100.00
 210    22.425 56732.48155756 12.89 200.511803  63.584067  3.645 -100.00 -100.00 -100.00
 211    23.321 56742.39720441 12.79 200.507024  63.586609  4.361 -100.00 -100.00 -100.00
 211    22.822 56742.39720500 13.45 200.512348  63.585480  5.280 -100.00 -100.00 -100.00
 211    23.337 56742.39720559 13.40 200.517673  63.584350  4.496 -100.00 -100.00 -100.00
 212    23.048 56752.31284747 12.65 200.508412  63.589000  3.757 -100.00 -100.00 -100.00
 212    22.709 56752.31284806 13.30 200.513737  63.587871  5.014 -100.00 -100.00 -100.00
 212    23.279 56752.31284865 13.41 200.519061  63.586741  5.043 -100.00 -100.00 -100.00
 214    83.661 56772.14411670  2.51 200.512644  63.590231  5.016  265.58  264.91  264.23
 214    94.471 56772.14411730  0.73 200.517970  63.589102  3.162  265.58  264.91  264.23
 215    24.444 56782.05977380 37.17 200.508977  63.588165 28.829 -100.00 -100.00 -100.00
 215    24.791 56782.05977439 38.11 200.514302  63.587035 24.198 -100.00 -100.00 -100.00
 215    24.529 56782.05977498 40.74 200.519627  63.585905   -100 -100.00 -100.00 -100.00
 216   120.598 56791.97542832 13.37 200.508719  63.586132 17.103 -100.00 -100.00 -100.00
 216   110.330 56791.97542891 13.61 200.514043  63.585002 19.326 -100.00 -100.00 -100.00
 217   112.148 56801.89107966 14.63 200.506835  63.585998  8.978 -100.00 -100.00 -100.00
 217   112.221 56801.89108025 15.80 200.512160  63.584868 12.048 -100.00 -100.00 -100.00
 217   102.436 56801.89108084 19.77 200.517484  63.583738 20.964  267.70  265.83  267.18
 218    89.539 56811.80672358 14.95 200.505957  63.587057  8.839 -100.00 -100.00 -100.00
 218    75.313 56811.80672417 17.77 200.511281  63.585928  9.315 -100.00 -100.00 -100.00
 218    75.675 56811.80672477 24.14 200.516606  63.584798 10.168 -100.00 -100.00 -100.00
 219    88.419 56821.72236404 19.00 200.510847  63.586433  9.359 -100.00 -100.00 -100.00
 219    77.278 56821.72236463 29.35 200.516171  63.585304 21.382 -100.00 -100.00 -100.00
 220    26.094 56831.63799925 34.39 200.505205  63.586936 30.024 -100.00 -100.00 -100.00
 220    26.179 56831.63799984 36.36 200.510530  63.585807 29.493 -100.00 -100.00 -100.00
 220    26.791 56831.63800043 49.49 200.515854  63.584677   -100 -100.00 -100.00 -100.00
 221    74.220 56841.55363184 14.43 200.506148  63.585805  6.778 -100.00 -100.00 -100.00
 221    76.592 56841.55363243 17.75 200.511472  63.584676  7.654  267.15  266.34  264.98
 221    78.459 56841.55363302 24.13 200.516796  63.583546  9.216  267.15  266.34  264.98
 222    83.669 56851.46926929 12.97 200.504718  63.585964  9.225 -100.00 -100.00 -100.00
 222    82.075 56851.46926989 12.98 200.510043  63.584835  9.728  266.88  266.14  264.51
 222    75.612 56851.46927048 20.96 200.515367  63.583706 12.341  266.88  266.14  264.51
 223    95.418 56861.38492406 12.30 200.509383  63.585391 14.092 -100.00 -100.00 -100.00
 223    92.034 56861.38492465 19.20 200.514707  63.584261 26.025  266.03  265.32  264.97
 224    76.125 56871.30057721 12.28 200.506364  63.587373  9.644 -100.00 -100.00 -100.00
 224    78.492 56871.30057780 16.95 200.511689  63.586244 11.678 -100.00 -100.00 -100.00
 224    78.065 56871.30057839 28.34 200.517014  63.585114 15.114 -100.00 -100.00 -100.00
 225    80.171 56881.21622807 13.21 200.508209  63.587502  8.319  274.10  273.58  271.99
 225    79.211 56881.21622866 20.12 200.513534  63.586372 10.067  274.10  273.58  271.99
 225    77.799 56881.21622925 28.66 200.518858  63.585242 30.499  274.10  273.58  271.99
 226   107.424 56891.13187540 12.98 200.510323  63.586281 11.130 -100.00 -100.00 -100.00
 226   102.868 56891.13187599 17.02 200.515648  63.585152 18.024 -100.00 -100.00 -100.00
 227    87.490 56901.04751941  2.58 200.508062  63.585281  4.346 -100.00 -100.00 -100.00
 227    73.359 56901.04752000 10.84 200.513387  63.584152 10.696 -100.00 -100.00 -100.00
 228    74.027 56910.96316159 13.90 200.508104  63.585225  8.634  271.06  269.75  269.99
 228    74.180 56910.96316218 19.95 200.513429  63.584095 12.121  271.06  269.75  269.99
 229    87.399 56920.87880215  3.48 200.508924  63.586664  3.577 -100.00 -100.00 -100.00
 229    85.068 56920.87880274  3.22 200.514249  63.585534  3.418  265.01  263.39  264.80
 230    67.032 56930.79444045 17.02 200.509379  63.589124 13.156 -100.00 -100.00 -100.00
 230    73.616 56930.79444104 22.06 200.514705  63.587995 10.076  261.90  260.56  261.52
 230    73.767 56930.79444163 17.72 200.520030  63.586865 30.720  261.90  260.56  261.52
 231    83.419 56940.71007432  3.63 200.514093  63.589766  4.611 -100.00 -100.00 -100.00
 231    81.815 56940.71007491  3.38 200.519419  63.588637  6.102 -100.00 -100.00 -100.00
 232    86.022 56950.62571320 14.02 200.508653  63.590655 11.574 -100.00 -100.00 -100.00
 232    86.666 56950.62571379 17.01 200.513979  63.589525 15.976 -100.00 -100.00 -100.00
 232    86.551 56950.62571438 19.46 200.519304  63.588396 20.121 -100.00 -100.00 -100.00
 233    75.653 56960.54136526 19.15 200.509368  63.588261  8.186 -100.00 -100.00 -100.00
 233    76.054 56960.54136585 23.28 200.514693  63.587132 10.044 -100.00 -100.00 -100.00
 234    23.959 56970.45701194 28.77 200.507877  63.587152 17.223 -100.00 -100.00 -100.00
 234    24.101 56970.45701253 28.72 200.513202  63.586022 15.096 -100.00 -100.00 -100.00
 234    24.073 56970.45701312 29.31 200.518527  63.584893 17.368 -100.00 -100.00 -100.00
 235    24.570 56980.37265493 24.67 200.510406  63.586580 13.706 -100.00 -100.00 -100.00
 235    24.475 56980.37265552 27.64 200.515730  63.585450 19.744 -100.00 -100.00 -100.00
 236    24.848 56990.28829292 24.17 200.508516  63.587743 14.150 -100.00 -100.00 -100.00
 236    25.117 56990.28829351 26.46 200.513841  63.586613 19.003 -100.00 -100.00 -100.00
 236    25.045 56990.28829410 23.12 200.519166  63.585484 11.267 -100.00 -100.00 -100.00
 237    24.326 57000.20392470 21.47 200.507628  63.588627 12.323 -100.00 -100.00 -100.00
 237    24.466 57000.20392529 22.44 200.512954  63.587498 14.900 -100.00 -100.00 -100.00
 237    24.453 57000.20392588 20.99 200.518280  63.586369 10.823 -100.00 -100.00 -100.00
 238    24.320 57010.11957962 21.72 200.508745  63.586806 14.156 -100.00 -100.00 -100.00
 238    24.290 57010.11958021 21.37 200.514071  63.585677 13.960 -100.00 -100.00 -100.00
 239    24.546 57020.03523172 18.53 200.507082  63.585438  8.804 -100.00 -100.00 -100.00
 239    24.569 57020.03523231 20.10 200.512407  63.584309 10.894 -100.00 -100.00 -100.00
 240    24.585 57029.95088078 17.49 200.505385  63.585314 11.395 -100.00 -100.00 -100.00
 240    24.711 57029.95088137 15.26 200.510711  63.584184  7.171 -100.00 -100.00 -100.00
 240    24.891 57029.95088196 15.63 200.516035  63.583055  6.427 -100.00 -100.00 -100.00
 241    24.581 57039.86652868 14.42 200.509320  63.585161  6.291 -100.00 -100.00 -100.00
 241    24.773 57039.86652927 15.45 200.514644  63.584031  6.847 -100.00 -100.00 -100.00
