#   82.592  -0.296   7.479 ;Mean Elev.(m), Avg Gradient(m/km), RMS Gradient(m/km)
   1 211.008364  66.029658    89.200    89.246  3 54664.94981581 32.905
   2 211.009190  66.030864    90.554    90.551  4 54674.86546063 48.264
   3 211.007074  66.032391   -12.473   -12.490  4 54684.78110377  5.306
   4 211.004025  66.033108    89.755    89.892  3 54694.69674533 49.978
   5 211.001058  66.032019   -11.585   -11.585  2 54704.61238435  1.125
   6 211.007600  66.029977    89.782    89.774  3 54714.52803606 46.374
   7 211.011256  66.028027   -22.222   -22.138  3 54724.44368674  2.360
   8 211.012862  66.027714    88.346    88.312  3 54734.35933513 34.532
   9 211.010257  66.029192    88.371    88.345  3 54744.27498194 42.407
  10 211.007980  66.030544    88.091    88.023  4 54754.19062840 40.653
  11 211.008997  66.030252    87.672    87.533  3 54764.10627429 43.991
  12 211.012398  66.028271   144.775   151.733  3 54774.02191767 11.617
  13 211.015453  66.026614    87.525    87.498  3 54783.93755838 30.196
  14 211.016058  66.026827    87.661    87.639  3 54793.85319689 25.375
  17 211.008247  66.030543    88.250    88.417  4 54823.60011500 18.694
  18 211.010155  66.029816    88.329    88.280  4 54833.51575524 17.058
  19 211.009850  66.029768    87.727    87.730  3 54843.43140522 16.298
  20 211.006712  66.030879    87.791    87.844  3 54853.34705393 15.556
  21 211.005332  66.032695    87.716    87.693  4 54863.26270256 16.307
  22 211.003298  66.033360    87.813    87.852  3 54873.17835097 17.490
  23 211.005708  66.032237    87.219    87.372  4 54883.09399751 18.423
  24 211.011128  66.029730    86.145    86.094  3 54893.00964092 21.799
  25 211.011999  66.027533    87.542    87.536  3 54902.92528119 15.049
  26 211.015289  66.027636    87.795    87.654  3 54912.84092038 10.243
  27 211.010550  66.029015    87.466    87.527  3 54922.75655799 10.170
  28 211.009567  66.030269    88.103    87.697  3 54932.67219518 10.202
  29 211.007586  66.029604    89.950    90.642  3 54942.58783045  9.225
  30 211.011481  66.027697    85.847    85.833  3 54952.50346438 31.883
  31 211.014831  66.026073    96.618    96.665  3 54962.41910764 46.225
  32 211.014484  66.026510    89.475    89.458  3 54972.33475622 51.848
  33 211.013625  66.028434    93.385    93.378  3 54982.25040379 31.870
  34 211.008638  66.030240    63.243    63.395  4 54992.16605068 12.111
  35 211.008122  66.030801    90.654    90.687  3 55002.08169726 50.106
  36 211.007820  66.030488    92.545    93.063  3 55011.99734201 29.326
  37 211.008567  66.029993    92.509    92.790  3 55021.91298540 30.997
  38 211.007777  66.030670    88.352    88.336  3 55031.82862775 49.586
  39 211.004909  66.031821    88.071    88.053  3 55041.74426922 49.427
  40 211.005382  66.032451    87.806    87.801  3 55051.65990947 38.110
  41 211.007740  66.031322    87.708    87.695  3 55061.57554767 47.685
  42 211.010741  66.029035    87.806    87.823  4 55071.49119057 47.841
  43 211.014183  66.027193    88.906    88.860  3 55081.40683961 49.927
  44 211.013247  66.027095    87.913    87.920  3 55091.32248660 46.108
  45 211.009395  66.028490    88.493    88.532  3 55101.23813278 40.547
  46 211.007581  66.030038    88.161    88.285  3 55111.15377871 45.303
  47 211.010364  66.029964   138.933   136.013  4 55121.06942304 25.522
  48 211.011028  66.028165    86.799    86.685  3 55130.98506434 44.696
  49 211.016222  66.026577    85.968    86.037  3 55140.90070408 45.308
  50 211.013373  66.026664    86.543    86.484  3 55150.81634232 36.486
  51 211.010442  66.028444    87.003    86.276  3 55160.73198059 30.262
  52 211.010589  66.030356    87.715    86.440  3 55170.64761874 30.724
  53 211.008376  66.030933    86.675    86.667  3 55180.56325523 31.220
  54 211.006998  66.030449    86.261    86.256  3 55190.47890322 29.390
  55 211.009268  66.030569    91.506    91.546  4 55200.39455376 19.726
  56 211.010023  66.031234    90.939    91.240  3 55210.31020349 20.019
  57 211.005394  66.031906    92.207    92.059  3 55220.22585227 18.423
  58 211.007262  66.031708    92.122    92.355  3 55230.14150063 18.451
  59 211.007833  66.030486    92.092    92.107  4 55240.05714564 17.912
  60 211.013403  66.028832    91.658    91.986  3 55249.97278750 17.334
  61 211.012869  66.027601    91.601    91.711  4 55259.88842650 17.326
  62 211.010701  66.027597    91.794    91.848  3 55269.80406459 17.062
  63 211.009299  66.028473    92.138    92.216  3 55279.71970265 15.496
  64 211.010030  66.029094    92.012    92.064  4 55289.63533963 14.335
  65 211.011483  66.028824    84.901    84.899  4 55299.55097427 20.705
  66 211.012833  66.027674    85.671    85.445  4 55309.46661894 28.025
  67 211.015445  66.026906    87.446    87.448  3 55319.38226501 43.738
  68 211.013060  66.027170    88.112    88.036  4 55329.29790963 49.710
  69 211.011166  66.028666    87.960    87.950  4 55339.21355397 49.588
  70 211.009450  66.030111    88.954    88.991  3 55349.12919800 49.654
  71 211.008047  66.030775    88.182    88.150  3 55359.04484009 35.900
  72 211.008847  66.030820    88.246    88.262  4 55368.96048022 42.836
  73 211.008726  66.030780    88.504    88.518  4 55378.87611878 46.708
  74 211.007100  66.031026    90.355    89.829  4 55388.79175647 29.406
  75 211.007211  66.031175    89.459    89.476  3 55398.70739334 44.850
  76 211.009600  66.030584    90.192    90.293  3 55408.62303903 50.831
  77 211.012051  66.029204    89.210    89.015  3 55418.53869000 50.249
  78 211.012883  66.027781    89.252    89.244  4 55428.45433738 35.200
  79 211.013881  66.027532    89.422    89.523  3 55438.36998217 48.663
  80 211.012568  66.028236    88.460    88.538  3 55448.28562540 45.373
  81 211.011728  66.028931    88.412    88.456  3 55458.20126838 49.403
  82 211.011038  66.028988    87.530    87.727  3 55468.11691065 47.659
  83 211.008342  66.028039    86.928    87.035  3 55478.03254946 46.065
  84 211.014734  66.027414    86.261    86.157  3 55487.94818602 42.785
  85 211.014445  66.027105    86.114    86.314  3 55497.86381971 45.317
  86 211.012490  66.028039    85.491    85.446  3 55507.77945738 42.497
  87 211.012589  66.029363    85.502    85.281  3 55517.69510775 41.280
  88 211.007378  66.030202    86.835    86.479  3 55527.61075670 37.391
  89 211.009835  66.030683    86.597    86.638  3 55537.52640438 31.683
  90 211.008047  66.030786    86.862    86.901  3 55547.44204942 28.951
  91 211.008392  66.031284    86.981    86.947  3 55557.35769289 30.778
  92 211.008355  66.031913    86.738    86.682  3 55567.27333546 28.243
  93 211.008420  66.031634    86.702    86.720  3 55577.18897729 26.104
  94 211.008876  66.030055    86.544    86.554  3 55587.10461710 25.429
  95 211.014160  66.028144    87.723    86.411  3 55597.02025422 22.970
  96 211.013545  66.026993    86.263    86.269  4 55606.93588793 22.989
  97 211.015571  66.027327    90.613    90.801  3 55616.85151984 18.656
  98 211.011973  66.028590    90.769    90.808  4 55626.76716320 16.650
  99 211.010582  66.029119    90.897    90.782  3 55636.68281479 15.698
 100 211.011996  66.028641    90.792    90.786  4 55646.59846457 14.947
 101 211.012721  66.027384    90.702    90.722  4 55656.51411147 15.043
 102 211.016204  66.026933    90.689    90.665  3 55666.42975425 12.263
 103 211.013611  66.027484    87.615    86.703  4 55676.34539360 11.725
 104 211.010398  66.028897    87.152    87.194  3 55686.26103111 28.945
 105 211.008797  66.030065    91.454    91.257  3 55696.17666761 49.553
 106 211.008472  66.030298    91.054    91.026  3 55706.09230294 48.335
 107 211.008648  66.030020    92.025    92.054  4 55716.00795225 34.498
 108 211.007653  66.030082    92.226    91.859  3 55725.92360094 28.849
 109 211.007591  66.030919    91.998    91.845  4 55735.83924789 27.671
 110 211.006153  66.031770    90.809    90.799  4 55745.75489345 50.362
 111 211.009145  66.031608    90.884    91.225  3 55755.67053758 32.481
 112 211.010067  66.029711    90.695    90.735  3 55765.58617906 50.511
 113 211.015142  66.027492    89.608    89.571  3 55775.50181804 47.677
 114 211.014582  66.026246    89.438    89.540  4 55785.41745353 48.649
 115 211.015251  66.027338    89.112    89.084  3 55795.33308714 46.395
 116 211.012617  66.029059    89.440    89.533  3 55805.24872601 50.782
 117 211.007663  66.029700    89.218    88.502  3 55815.16437488 26.315
 118 211.010772  66.028642    88.428    88.372  3 55825.08002193 33.961
 119 211.013474  66.027025    88.102    88.107  3 55834.99566438 48.793
 120 211.014028  66.026273    87.657    87.701  3 55844.91130299 45.813
 121 211.010709  66.027399    87.206    87.005  3 55854.82693843 46.081
 122 211.010740  66.029584    86.257    86.267  4 55864.74257795 44.155
 123 211.008445  66.031124    84.982    84.910  4 55874.65823100 40.805
 133 211.012094  66.027202    88.826    89.532  3 55973.81466610 16.874
 134 211.009570  66.029298    88.193    88.620  3 55983.73030207 17.111
 135 211.007176  66.030030    87.221    87.308  3 55993.64593588 16.912
 136 211.012719  66.029128    87.120    86.855  3 56003.56158649 15.452
 137 211.014275  66.027061    88.697    89.653  3 56013.47723561 15.526
 139 211.011332  66.027852    88.059    87.259  3 56033.30852440 13.787
 141 211.006616  66.031839    88.965    89.013  4 56053.13980382 39.488
 142 211.007540  66.031589    88.253    88.220  4 56063.05543926 46.738
 143 211.008097  66.030282    90.431    90.428  3 56072.97108064 34.449
 144 211.009227  66.029836    91.687    91.655  3 56082.88673083 31.404
 145 211.010667  66.030445    90.736    90.635  3 56092.80237862 48.591
 146 211.008265  66.031323    90.271    90.293  3 56102.71802382 49.166
 147 211.007614  66.031006    90.182    90.094  4 56112.63365473 32.931
 148 211.010899  66.029499    90.390    90.438  3 56122.54929390 43.821
 149 211.013590  66.027261    89.735    89.723  4 56132.46492915 31.177
 150 211.013477  66.026214    89.869    88.954  3 56142.38056603 31.913
 151 211.013537  66.027326    89.102    89.253  3 56152.29621686 48.470
 152 211.010616  66.029229    88.644    88.650  3 56162.21186581 49.690
 153 211.008432  66.030207    88.242    88.161  4 56172.12751289 48.563
 154 211.010257  66.029446    88.438    88.415  3 56182.04315562 28.763
 155 211.015045  66.027927    89.331    88.968  3 56191.95879482 24.556
 156 211.012465  66.026956    88.165    88.194  3 56201.87443064 46.981
 157 211.012897  66.028178    87.592    87.561  4 56211.79006478 48.925
 158 211.007894  66.030199    87.096    86.728  3 56221.70569652 46.413
 159 211.008098  66.032064    85.152    85.248  3 56231.62135018 42.523
 160 211.007495  66.032064    85.884    85.903  4 56241.53700277 35.939
 161 211.006084  66.031032    86.703    86.673  3 56251.45265108 32.629
 162 211.009839  66.030237    86.746    86.721  3 56261.36829518 30.855
 163 211.008402  66.030211    86.629    86.654  3 56271.28393662 28.601
 164 211.007997  66.030553    86.426    86.490  3 56281.19957718 27.332
 165 211.010170  66.030699    86.439    86.444  3 56291.11522968 28.770
 166 211.009452  66.029394    86.187    86.102  3 56301.03087741 27.896
 167 211.012502  66.027755    86.166    86.136  3 56310.94652132 28.721
 168 211.012272  66.026966    86.202    86.127  3 56320.86216269 18.458
 169 211.014623  66.027982    86.196    86.079  3 56330.77780368 18.672
 170 211.009007  66.029217    86.251    86.208  3 56340.69344336 18.975
 171 211.011319  66.029993    86.138    86.144  3 56350.60908151 17.659
 172 211.010135  66.029097    86.138    86.018  3 56360.52471941 18.552
 173 211.012954  66.028096    86.235    86.082  3 56370.44036945 16.414
 175 211.012677  66.029555    87.213    86.305  3 56390.27166157 15.822
 176 211.007931  66.031165    86.315    86.273  3 56400.18730440 16.990
 177 211.005704  66.032037    85.375    85.447  4 56410.10294482 21.016
 178 211.007856  66.031767    85.159    85.232  3 56420.01858086 20.051
 179 211.008902  66.030928    86.120    86.021  3 56429.93421709 31.383
 180 211.008258  66.030640    92.164    92.150  4 56439.84987029 51.618
 181 211.007988  66.030642    94.774    94.739  3 56449.76552105 35.085
 182 211.009815  66.030606    92.306    92.054  3 56459.68116979 33.032
 183 211.009694  66.029719    89.900    89.913  4 56469.59681500 45.448
 184 211.011046  66.028785    89.697    89.700  4 56479.51245649 48.812
 185 211.014330  66.028060    89.470    89.476  3 56489.42809420 44.578
 187 211.011886  66.028402    89.199    89.062  3 56509.25936261 49.583
 188 211.013095  66.029113    89.479    88.094  3 56519.17500370 36.043
 189 211.010343  66.029295    88.418    88.442  3 56529.09065730 46.218
 190 211.008810  66.029034    88.413    88.500  3 56539.00630688 44.956
 191 211.011868  66.028810    89.366    88.494  4 56548.92195269 33.135
 192 211.010125  66.029241    90.018    89.733  4 56558.83759562 32.282
 193 211.009725  66.030364    88.418    88.346  4 56568.75323776 45.192
 194 211.005199  66.031532    87.922    87.926  3 56578.66887823 48.194
 195 211.004651  66.031824    87.276    87.362  3 56588.58451529 46.909
 196 211.005231  66.031340    86.645    86.418  3 56598.50015864 43.967
 197 211.009995  66.030879    85.624    85.333  3 56608.41581018 42.030
 198 211.007738  66.030780    86.315    86.292  3 56618.33145618 30.836
 199 211.009890  66.030980    89.237    89.279  3 56628.24709931 25.940
 200 211.008521  66.030472    87.236    87.192  4 56638.16273920 31.598
 201 211.008847  66.029145    88.357    88.638  3 56648.07838246 22.321
 202 211.012788  66.028030    89.160    89.196  4 56657.99403453 20.321
 203 211.014452  66.027676    88.319    88.643  3 56667.90968218 18.618
 205 211.010751  66.029743    89.391    89.390  4 56687.74097052 18.685
 206 211.008060  66.029895    88.762    88.763  3 56697.65661175 19.176
 207 211.008929  66.029100    87.802    87.727  3 56707.57224867 17.543
 208 211.013062  66.028374    87.639    87.594  3 56717.48788531 17.314
 209 211.009282  66.028651    59.392    59.383  3 56727.40353781 10.188
 211 211.008292  66.032002    87.695    87.451  3 56747.23483201 16.591
 212 211.004377  66.032340    87.852    87.607  3 56757.15047259 16.341
 213 211.007347  66.031663    85.558    85.605  4 56767.06610792 21.466
 214 211.007917  66.030598    89.408    91.178  3 56776.98175131 33.026
 215 211.009526  66.030608    91.396    91.446  3 56786.89740774 49.070
 216 211.009533  66.031237    91.580    90.767  3 56796.81306045 34.567
 217 211.005492  66.031556    89.626    89.634  3 56806.72870783 48.093
 219 211.010982  66.029132    89.858    89.850  4 56826.55998767 49.597
 220 211.013862  66.027571    21.774    21.485  3 56836.47562244 24.413
 221 211.013885  66.027527    89.667    89.663  3 56846.39125389 35.356
 222 211.009799  66.028747    90.029    90.262  3 56856.30690271 48.331
 223 211.009361  66.030290    89.469    89.393  3 56866.22255615 48.977
 224 211.009374  66.030445    89.430    89.358  4 56876.13820842 49.916
 225 211.009614  66.029717    89.017    89.111  4 56886.05385759 49.333
 226 211.009064  66.028765    89.667    89.714  3 56895.96950385 47.580
 227 211.009364  66.029252    91.905    92.786  3 56905.88514722 20.338
 228 211.007143  66.030940    88.778    88.647  3 56915.80078818 47.771
 229 211.004918  66.032674    89.397    89.297  4 56925.71642728 34.394
 230 211.004555  66.033105    88.493    88.469  3 56935.63206335 48.188
 231 211.005121  66.031810    87.435    87.484  3 56945.54769417 37.576
 232 211.006823  66.030196    87.408    87.446  3 56955.46334566 42.936
 233 211.009572  66.029637    86.177    85.962  4 56965.37899525 41.740
 234 211.007825  66.030444    86.415    86.470  3 56975.29464002 41.335
 235 211.006741  66.031471    86.686    86.630  4 56985.21028039 39.100
 236 211.008280  66.030987    87.308    87.321  4 56995.12591564 35.439
 237 211.011028  66.028917    86.914    86.874  3 57005.04155697 26.704
 238 211.012308  66.027024    87.155    87.145  3 57014.95721241 22.858
 239 211.014527  66.027092    86.928    86.890  3 57024.87286344 23.878
 240 211.009977  66.029040    86.623    86.624  3 57034.78851161 23.930
 241 211.008313  66.030920    86.379    86.331  3 57044.70415753 25.619
