#    3.631  -2.697   5.056 ;Mean Elev.(m), Avg Gradient(m/km), RMS Gradient(m/km)
   1 200.034459  62.331410    17.738    17.766  6 54664.09466191 20.992
   2 200.036926  62.331370    18.227    17.632  6 54674.01030692 21.027
   3 200.037532  62.332516    17.749    17.745  6 54683.92595027 44.826
   4 200.036015  62.334198    64.810    64.661  6 54693.84159204 26.989
   5 200.033456  62.334965    17.354    17.425  6 54703.75723133 31.751
   6 200.034541  62.332074    63.697    63.383  6 54713.67288195 25.227
   7 200.035503  62.328942    16.922    16.943  6 54723.58853309 53.489
   8 200.034590  62.327368    15.987    16.033  7 54733.50418152 38.916
   9 200.035572  62.327442    15.783    15.774  7 54743.41982843 50.356
  10 200.033850  62.328841    14.539    14.532  6 54753.33547460 45.989
  11 200.033822  62.328796    14.975    14.864  6 54763.25112053 49.996
  12 200.034506  62.327061    15.305    15.280  7 54773.16676415 30.560
  13 200.034331  62.325809    14.981    15.024  6 54783.08240489 26.301
  14 200.033621  62.326490    14.967    14.956  6 54792.99804315 24.964
  17 200.033832  62.332081    14.721    14.702  6 54822.74496031 19.561
  18 200.033670  62.330629    15.160    15.188  6 54832.66060088 15.931
  19 200.036230  62.328960    15.471    15.457  6 54842.57625150 13.872
  20 200.033999  62.330065    16.759    16.815  6 54852.49190014 11.889
  21 200.035493  62.331116    17.246    17.182  7 54862.40754876 11.421
  22 200.035355  62.331807    17.712    17.758  6 54872.32319718 11.673
  23 200.033290  62.331136    17.782    17.771  6 54882.23884362 11.598
  24 200.035447  62.327787    18.124    18.160  7 54892.15448744 12.401
  25 200.035258  62.325303    18.078    17.980  7 54902.07012816 13.591
  26 200.033858  62.325618    17.912    17.868  7 54911.98576701 14.007
  27 200.033321  62.327680    18.130    17.992  6 54921.90140478 13.746
  28 200.035538  62.329191    17.846    17.874  7 54931.81704221 14.015
  29 200.035541  62.329680    17.945    17.945  6 54941.73267796 13.387
  30 200.034832  62.328914    14.076    13.574  7 54951.64831205 33.830
  31 200.035033  62.327117    17.710    17.687  6 54961.56395403 36.497
  32 200.034985  62.327039    21.884    21.840  6 54971.47960270 53.687
  33 200.035838  62.328518    19.638    19.580  6 54981.39525007 39.524
  34 200.036001  62.330357    19.967    19.963  6 54991.31089700 26.701
  35 200.036068  62.330475    19.314    19.335  6 55001.22654368 32.650
  36 200.035872  62.329868    18.971    18.921  6 55011.14218865 34.516
  37 200.034388  62.329634    17.967    17.762  6 55021.05783199 33.974
  38 200.035616  62.330182    18.100    18.150  7 55030.97347448 22.880
  39 200.035475  62.331866    18.777    18.542  7 55040.88911608 23.777
  40 200.036464  62.333160    15.483    15.469  6 55050.80475642 45.922
  41 200.033523  62.333456    16.052    15.246  6 55060.72039437 39.748
  42 200.035325  62.330198    16.160    15.918  7 55070.63603651 23.623
  43 200.035499  62.326777    15.288    15.311  6 55080.55168605 38.320
  44 200.033521  62.326193    16.007    15.897  6 55090.46733320 40.921
  45 200.034712  62.327101    14.985    15.027  7 55100.38297952 36.846
  46 200.033432  62.329308    15.628    15.566  6 55110.29862497 42.911
  47 200.033720  62.329380    14.897    14.854  6 55120.21426908 23.816
  48 200.035089  62.327134    13.230    13.237  7 55130.12991091 49.980
  49 200.034647  62.325180    13.677    13.696  7 55140.04555060 31.071
  50 200.034742  62.325517    13.824    13.690  6 55149.96118916 19.898
  51 200.034658  62.328488    14.866    15.001  7 55159.87682730 13.653
  52 200.036097  62.331254    15.139    15.072  6 55169.79246526 12.178
  53 200.034880  62.333092    14.687    14.584  6 55179.70810188 11.628
  54 200.035313  62.331572    13.400    13.377  6 55189.62374911 24.909
  55 200.033930  62.330479    13.556    13.568  6 55199.53939964 15.143
  56 200.035447  62.329989    14.516    14.491  7 55209.45504953 11.593
  57 200.035589  62.330990    13.863    13.520  7 55219.37069859 12.122
  58 200.034908  62.331086    14.700    14.681  6 55229.28634678 11.312
  59 200.034123  62.329939    14.743    14.717  7 55239.20199194 11.325
  60 200.033278  62.327602    16.390    16.451  6 55249.11763364 16.829
  61 200.034297  62.325351    16.826    16.807  6 55259.03327322 13.506
  62 200.032946  62.325821    16.705    16.716  7 55268.94891162 13.073
  63 200.035580  62.327004    16.333    16.474  7 55278.86455012 12.749
  64 200.034506  62.329285    15.116    15.962  6 55288.78018691 14.413
  65 200.034648  62.330253    15.149    15.273  6 55298.69582154 13.914
  66 200.035422  62.328370    12.004    11.976  6 55308.61146528 33.530
  67 200.033485  62.326831    12.270    12.287  6 55318.52711144 28.731
  68 200.033597  62.326483    16.114    16.041  6 55328.44275652 43.235
  69 200.033737  62.328294    18.003    17.981  6 55338.35840076 51.058
  70 200.043438  62.327967    19.776    19.776  2 55348.27404567 19.547
  71 200.033866  62.331791    15.940    15.921  6 55358.18968657 29.042
  73 200.034406  62.331158    16.172    16.184  7 55378.02096552 41.391
  74 200.035095  62.331573    18.444    18.774  6 55387.93660352 22.079
  75 200.044124  62.330333    17.204    17.204  2 55397.85224156 36.698
  76 200.036052  62.332742    17.241    17.221  6 55407.76788475 36.301
  77 200.046435  62.327873    18.007    18.007  2 55417.68353730 37.492
  78 200.034049  62.328372    18.020    17.884  7 55427.59918371 36.942
  79 200.034938  62.326300    16.845    16.905  7 55437.51482886 28.660
  80 200.034538  62.326410    17.452    17.131  7 55447.43047224 23.582
  81 200.042765  62.325324    71.337    71.597  3 55457.34611616 27.873
  82 200.046495  62.325491    15.778    15.778  2 55467.26175882 20.494
  83 200.033937  62.329099    14.758    14.738  7 55477.17739639 52.799
  84 200.035608  62.328079    13.413    13.419  7 55487.09303262 34.553
  85 200.033417  62.328214    11.940    11.943  7 55497.00866622 43.947
  86 200.033914  62.329053    13.786    13.740  7 55506.92430268 37.400
  87 200.033347  62.330092    13.337    13.368  6 55516.83995307 26.420
  88 200.034554  62.331105    13.621    13.647  6 55526.75560271 32.879
  89 200.034575  62.331490    14.396    14.465  7 55536.67125030 20.506
  90 200.035585  62.330800    14.392    14.345  7 55546.58689587 19.202
  91 200.036640  62.330117    14.101    14.119  6 55556.50253958 17.774
  92 200.036619  62.330379    15.259    15.261  6 55566.41818215 14.650
  93 200.036615  62.330697    16.872    16.835  6 55576.33382401 11.974
  94 200.033557  62.330887    16.615    16.665  6 55586.24946375 11.354
  95 200.034074  62.329584    16.372    16.435  6 55596.16510078 12.181
  96 200.034282  62.328731    16.684    16.592  7 55606.08073468 15.715
  97 200.036044  62.328609    16.994    17.017  6 55615.99636665 13.096
  98 200.034893  62.329802    16.980    17.007  7 55625.91200839 12.749
  99 200.035190  62.329647    17.093    17.169  6 55635.82766060 12.159
 100 200.034439  62.329322    14.957    15.594  7 55645.74331064 15.719
 101 200.034998  62.327983    16.515    16.359  6 55655.65895813 12.047
 102 200.035267  62.327060    15.823    15.720  6 55665.57460100 14.608
 103 200.034540  62.327352    11.281    11.291  6 55675.49024062 19.869
 104 200.034716  62.328677    12.961    12.061  7 55685.40587841 35.989
 105 200.034445  62.330748    14.887    14.890  7 55695.32151490 42.006
 106 200.044070  62.329992    21.047    21.047  2 55705.23715131 22.444
 107 200.033305  62.332848    83.770    79.551  5 55715.15279778  1.851
 109 200.035780  62.331247    17.928    18.107  6 55734.98409407 28.073
 110 200.044108  62.329184    91.307   102.250  3 55744.89974085 24.214
 111 200.037454  62.330686    18.723    18.716  6 55754.81538427 26.622
 114 200.033597  62.327629    17.685    17.645  7 55784.56230094 35.987
 115 200.046298  62.325468    18.118    18.118  2 55794.47793577 24.817
 116 200.044469  62.328088    17.583    17.583  2 55804.39357269 21.571
 117 200.036894  62.330598    17.669    17.702  5 55814.30922110 22.072
 118 200.036833  62.329513    17.676    17.611  6 55824.22486839 20.137
 119 200.047101  62.325166    17.336    17.336  2 55834.14051234 19.809
 121 200.041868  62.327472    14.678    14.643  3 55853.97178600 46.999
 122 200.034940  62.331718    13.404    13.432  6 55863.88742263 49.195
 123 200.036200  62.331880    14.050    13.994  6 55873.80307648 19.616
 133 200.035092  62.327046    17.631    17.655  7 55972.95951307 10.193
 134 200.034375  62.330255    17.412    17.502  7 55982.87514887 10.395
 135 200.034749  62.332232    17.297    17.336  6 55992.79078310 10.069
 136 200.035063  62.330649    17.302    17.233  7 56002.70643207 10.636
 137 200.034109  62.327855    17.457    17.394  6 56012.62208193 10.016
 139 200.035657  62.327134    16.090    15.679  7 56032.45337160 11.329
 141 200.037138  62.331957    14.187    13.547  6 56052.28465107 31.825
 142 200.043486  62.330994    85.369    85.369  2 56062.20028747 10.084
 144 200.036338  62.330465    67.227    67.243  6 56082.03157699 19.464
 146 200.034941  62.331849    66.395    66.284  7 56101.86287014 27.973
 147 200.047227  62.328363    18.805    18.805  2 56111.77850292 26.687
 149 200.033706  62.328574    18.231    18.363  6 56131.60977658 25.270
 150 200.035559  62.327313    18.215    18.071  7 56141.52541237 26.513
 151 200.042786  62.325693    86.788    86.070  3 56151.44106406 11.354
 152 200.034799  62.329804    17.405    17.416  6 56161.35671191 23.631
 153 200.041061  62.329248    67.616    66.624  3 56171.27235978 17.524
 154 200.046271  62.326924    17.643    17.643  2 56181.18800341 34.449
 155 200.045584  62.325204    17.666    17.666  2 56191.10364260 56.695
 156 200.042546  62.325209    17.979    17.946  3 56201.01927867 21.708
 157 200.047246  62.326107    19.497    19.497  2 56210.93491319 22.996
 158 200.036908  62.332709    15.836    15.835  6 56220.85054387 53.304
 159 200.030201  62.336047    74.874    74.780  4 56230.76619445 18.815
 160 200.034406  62.333950    14.405    14.376  6 56240.68184813 28.383
 161 200.036597  62.331403    15.618    15.817  6 56250.59749761 21.242
 162 200.034444  62.330546    15.879    16.183  7 56260.51314171 22.616
 163 200.033445  62.331098    16.086    16.001  6 56270.42878327 20.061
 164 200.033388  62.332053    16.347    16.717  6 56280.34442310 14.230
 165 200.035817  62.330972    16.074    15.751  6 56290.26007521 13.346
 166 200.035832  62.328963    16.138    16.168  6 56300.17572342 13.350
 167 200.035338  62.326559    16.842    16.555  7 56310.09136759 11.186
 168 200.033399  62.325848    16.722    16.695  7 56320.00700921  8.890
 169 200.034985  62.326699    16.695    16.725  6 56329.92265025  9.746
 170 200.035465  62.329203    16.444    16.434  6 56339.83829033  9.773
 171 200.036050  62.331172    16.954    16.772  6 56349.75392832 10.159
 172 200.035327  62.331181    15.028    15.235  6 56359.66956501 16.510
 173 200.035349  62.328277    17.635    17.613  7 56369.58521565  7.266
 175 200.034991  62.328005    17.462    17.441  6 56389.41650832 10.787
 176 200.036291  62.330496    17.586    17.618  6 56399.33215141 10.961
 177 200.034880  62.333091    11.733    11.668  6 56409.24779168 15.732
 178 200.034894  62.333616    13.362    11.807  6 56419.16342781 21.854
 179 200.033348  62.333482    19.322    19.108  6 56429.07906192 28.407
 180 200.036776  62.330365    14.454    14.457  6 56438.99471614 41.795
 181 200.035415  62.329832    20.542    20.557  7 56448.91036719 32.538
 182 200.025112  62.332760    66.018    66.018  2 56458.82601488  3.221
 184 200.046086  62.325462    18.687    18.687  2 56478.65730491 28.662
 185 200.034340  62.327630    18.362    18.157  7 56488.57294132 27.975
 187 200.036424  62.328954    17.613    17.813  6 56508.40421034 22.667
 188 200.034876  62.331438    17.725    17.886  6 56518.31984886 23.398
 189 200.044035  62.328902    16.739    16.739  2 56528.23550394 29.395
 190 200.045599  62.327709    18.394    18.394  2 56538.15115395 21.445
 191 200.034253  62.329261    77.001    74.019  6 56548.06679849  8.071
 193 200.044130  62.327006    17.755    18.428  3 56567.89808531 21.124
 194 200.046829  62.328670    19.570    19.570  2 56577.81372652 27.386
 195 200.036826  62.333540    63.658    63.667  6 56587.72936262 17.241
 196 200.034904  62.334230    62.930    63.143  6 56597.64500404 24.761
 197 200.035009  62.332032    13.981    14.014  7 56607.56065586 50.052
 198 200.036491  62.330270    13.178    13.208  6 56617.47630276 34.176
 199 200.034255  62.330647    13.745    13.730  6 56627.39194567 30.924
 200 200.034771  62.330836    13.791    13.769  7 56637.30758603 26.319
 201 200.036666  62.330055    14.513    14.653  6 56647.22322804 21.039
 202 200.035713  62.328375    14.940    14.945  6 56657.13888007 18.028
 203 200.034178  62.327239    15.423    15.549  7 56667.05452770 15.201
 205 200.033753  62.328621    14.489    14.652  7 56686.88581669 18.057
 206 200.035704  62.329388    16.042    16.001  6 56696.80145882 12.039
 207 200.034651  62.330494    15.916    15.983  7 56706.71709604 11.333
 208 200.033743  62.330885    15.627    15.583  6 56716.63273041 14.353
 209 200.034487  62.329172    16.938    16.965  6 56726.54838388 10.479
 211 200.035477  62.330236    16.270    16.200  6 56746.37967873 12.199
 212 200.036792  62.331535    16.962    16.712  6 56756.29532006 11.581
 213 200.033722  62.333534    11.917    11.908  6 56766.21095516 32.790
 214 200.033219  62.333111    14.205    13.150  6 56776.12659609 37.900
 215 200.034857  62.330788    62.637    62.710  7 56786.04225300 21.380
 217 200.036232  62.328803    18.505    18.505  6 56805.87355483 22.275
 219 200.046668  62.324921    18.583    18.583  2 56825.70483669 29.961
 220 200.034785  62.327747    18.792    18.787  6 56835.62047018 42.556
 221 200.035610  62.328587    19.188    19.137  7 56845.53610173 29.712
 222 200.033840  62.329807    18.620    18.641  6 56855.45174839 22.671
 223 200.034353  62.330154    19.309    19.333  6 56865.36740183 55.594
 224 200.034916  62.329611    18.664    18.636  6 56875.28305444 53.800
 225 200.034048  62.328953    17.770    17.885  7 56885.19870381 24.853
 226 200.034221  62.327951    17.536    17.525  6 56895.11435035 51.709
 227 200.033474  62.328252    17.160    17.217  6 56905.02999359 23.956
 228 200.034713  62.329260    17.716    17.626  7 56914.94563487 22.730
 229 200.044142  62.328804    16.786    16.786  2 56924.86127530 32.695
 231 200.035067  62.333814    15.412    15.412  6 56944.69254199 51.180
 232 200.033553  62.332368    14.415    14.384  6 56954.60819142 51.665
 233 200.033469  62.330667    13.773    13.838  6 56964.52384140 45.607
 234 200.033204  62.330772    13.554    13.543  6 56974.43948648 43.750
 235 200.036651  62.330892    14.240    14.055  6 56984.35512743 26.947
 236 200.034754  62.331951    14.687    14.703  7 56994.27076273 33.999
 237 200.035145  62.330585    14.373    14.378  6 57004.18640177 28.397
 238 200.034321  62.327718    14.694    14.706  6 57014.10205790 20.012
 239 200.034144  62.326793    14.225    14.184  7 57024.01770898 36.590
 240 200.034232  62.328438    14.358    14.339  7 57033.93335744 22.914
 241 200.034623  62.330379    14.058    14.044  6 57043.84900354 23.019
