#   61.003  -1.801   6.145 ;Mean Elev.(m), Avg Gradient(m/km), RMS Gradient(m/km)
   2 208.229566  65.103832    64.249    64.251  3 54673.84940393 47.595
   4 208.231040  65.106139    64.700    64.698  3 54693.68068965 46.650
   6 208.224156  65.101955    64.051    64.025  3 54713.51197819 51.950
   8 208.221474  65.099892    63.723    63.792  3 54733.34327686 41.614
   9 208.223012  65.101718    63.538    63.480  3 54743.25892405 48.490
  10 208.228323  65.103626    63.483    63.477  3 54753.17457131 44.251
  11 208.225242  65.102857    63.497    63.449  3 54763.09021716 39.571
  12 208.222872  65.100566    64.018    64.008  3 54773.00586043 35.090
  13 208.221324  65.098781    64.019    63.981  3 54782.92150098 30.646
  14 208.218920  65.098475    64.016    64.016  2 54792.83713919 23.371
  17 208.225984  65.102505    63.940    63.940  3 54822.58405725 20.232
  18 208.225511  65.102021    63.989    63.993  3 54832.49969749 18.710
  19 208.227517  65.102608    64.005    64.004  3 54842.41534783 20.025
  20 208.230852  65.104634    63.981    64.010  3 54852.33099721 19.753
  21 208.231348  65.106751    64.006    64.017  4 54862.24664604 17.724
  22 208.232465  65.107766    64.118    64.119  3 54872.16229484 15.620
  23 208.233101  65.106445    64.113    64.110  4 54882.07794156 13.492
  24 208.225912  65.102608    64.349    64.347  3 54891.99358410 13.365
  25 208.223849  65.100088    65.041    65.050  3 54901.90922433 11.497
  26 208.224346  65.100350    65.451    65.441  3 54911.82486336 11.250
  27 208.227747  65.102482    64.395    64.427  3 54921.74050169 12.288
  28 208.227958  65.103493    64.330    64.336  4 54931.65613897 26.118
  29 208.224563  65.101788    63.823    63.794  3 54941.57177421 30.610
  30 208.219080  65.098517    64.067    64.067  2 54951.48740746 44.450
  31 208.218326  65.096759    63.893    63.893  2 54961.40304868 43.899
  32 208.220451  65.097973    64.249    64.249  2 54971.31869760 35.051
  33 208.223310  65.100472    63.907    63.941  3 54981.23434556 43.746
  35 208.229785  65.103598    64.211    64.203  3 55001.06564046 49.354
  36 208.228300  65.103206    64.253    64.165  3 55010.98128538 38.629
  37 208.226742  65.102671    64.226    64.252  3 55020.89692876 50.962
  38 208.230691  65.104118    64.408    64.408  2 55030.81257165 49.253
  39 208.231065  65.105524    64.209    64.228  3 55040.72821351 47.405
  40 208.232107  65.106145    64.221    64.215  4 55050.64385393 47.042
  41 208.228922  65.104170    63.930    63.946  3 55060.55949166 50.463
  42 208.224688  65.100920    64.248    64.278  3 55070.47513239 48.565
  43 208.220962  65.098527    64.584    64.635  3 55080.39078106 51.095
  44 208.220518  65.098749    63.588    63.609  3 55090.30642840 31.386
  46 208.228473  65.103651   123.244   130.018  3 55110.13772185 12.743
  47 208.227008  65.103067    63.279    63.309  4 55120.05336600 46.714
  48 208.223242  65.100300   127.473   127.330  3 55129.96900718 13.446
  49 208.217730  65.097568    62.722    62.722  2 55139.88464619 29.991
  50 208.219714  65.098106    63.624    63.572  3 55149.80028500 33.282
  51 208.221622  65.100434    63.540    63.566  3 55159.71592366 23.995
  52 208.226301  65.102880    63.879    63.647  3 55169.63156221 21.057
  53 208.226483  65.103230    63.921    63.623  3 55179.54719905 20.729
  54 208.226346  65.102603    63.595    63.645  3 55189.46284568 20.950
  55 208.228454  65.103063    63.567    63.521  3 55199.37849640 20.977
  56 208.229470  65.104271    63.451    63.443  4 55209.29414630 20.508
  57 208.232193  65.105955    63.501    63.480  3 55219.20979591 20.818
  58 208.230431  65.105785    63.464    63.468  3 55229.12544415 20.651
  59 208.227922  65.104112    63.510    63.521  4 55239.04108908 20.442
  60 208.226970  65.101692    63.412    63.384  3 55248.95673052 21.321
  61 208.221240  65.099468    63.437    63.420  3 55258.87236914 21.014
  62 208.222751  65.099733    63.555    63.555  2 55268.78800780 18.596
  63 208.223784  65.101113    63.474    63.479  3 55278.70364621 19.069
  64 208.225412  65.101957    63.342    63.340  3 55288.61928335 25.976
  65 208.221835  65.100773    63.494    63.466  3 55298.53491750 40.398
  66 208.221576  65.099086    63.377    63.377  2 55308.45056044 44.591
  67 208.220042  65.097880    63.554    63.554  2 55318.36620636 43.924
  68 208.219382  65.098339    63.061    63.071  3 55328.28185144 37.398
  70 208.225392  65.102786    63.589    63.663  3 55348.11314092 47.643
  71 208.226600  65.103627    63.893    63.893  3 55358.02878344 37.659
  73 208.227722  65.103271    63.978    63.962  3 55377.86006256 50.378
  74 208.229098  65.103569    64.388    64.398  3 55387.77570065 41.787
  77 208.227113  65.101993    64.305    64.290  3 55417.52263218 47.889
  78 208.221847  65.099797    64.189    64.205  3 55427.43827910 37.469
  79 208.221202  65.099073    63.894    63.962  3 55437.35392387 45.307
  80 208.223757  65.099980    63.807    63.876  3 55447.26956775 54.237
  81 208.221761  65.100779    64.112    64.082  3 55457.18521086 49.871
  82 208.222642  65.101462    63.493    63.544  3 55467.10085355 49.719
  83 208.222031  65.100605    63.337    63.382  3 55477.01649278 47.649
  84 208.221535  65.099114    62.984    62.984  2 55486.93212879 32.717
  85 208.218597  65.097736   113.322   113.322  2 55496.84776236 18.941
  86 208.220000  65.098642    63.936    63.936  2 55506.76339877 41.465
  87 208.225169  65.101141    64.173    64.136  3 55516.67904984 41.503
  88 208.227871  65.103046    64.180    64.136  3 55526.59469973 31.953
  89 208.226916  65.103588    64.293    64.297  3 55536.51034718 22.665
  90 208.227905  65.103860    64.211    64.226  3 55546.42599262 20.179
  91 208.230814  65.104611    64.197    64.173  3 55556.34163647 23.339
  92 208.229181  65.104959    64.171    64.204  3 55566.25727904 21.054
  93 208.228113  65.104524    64.162    64.127  3 55576.17292096 22.789
  94 208.226526  65.102761    64.066    64.115  3 55586.08856095 23.567
  95 208.221488  65.100020    64.059    64.037  3 55596.00419732 22.486
  96 208.219902  65.098491    64.159    64.159  2 55605.91983097 17.933
  97 208.221160  65.098456    64.272    64.272  2 55615.83546284 14.197
  98 208.222050  65.099579    65.852    66.249  3 55625.75110451 13.025
  99 208.224208  65.100631    64.284    64.233  3 55635.66675681 14.575
 100 208.223007  65.100372    64.075    64.075  2 55645.58240660 16.561
 101 208.222122  65.099480    63.880    63.880  2 55655.49805361 17.979
 102 208.219265  65.098570    63.387    63.387  2 55665.41369593 19.116
 103 208.221317  65.099147    63.866    63.866  2 55675.32933587 34.455
 104 208.221077  65.100232   113.078   113.012  3 55685.24497397 24.004
 105 208.227758  65.102103   113.829   114.188  3 55695.16061160 12.759
 106 208.225517  65.102136    63.653    63.659  3 55705.07624701 52.902
 107 208.228304  65.102595    64.410    64.402  3 55714.99189492 27.635
 108 208.223952  65.102459    63.768    63.780  3 55724.90754348 34.911
 109 208.228615  65.103926    63.956    63.999  4 55734.82319103 35.216
 110 208.229683  65.104866   118.686   118.723  3 55744.73883692 16.686
 111 208.229219  65.104475    64.430    64.438  3 55754.65448097 50.331
 112 208.224499  65.101920    64.561    64.554  3 55764.57012217 51.040
 113 208.220654  65.099072   114.469   114.911  3 55774.48576062 25.308
 114 208.219626  65.097660   115.714   115.714  2 55784.40139619 27.208
 115 208.218561  65.098298    64.258    64.258  2 55794.31702963 54.492
 116 208.222504  65.100262    64.760    64.755  3 55804.23266735 51.397
 117 208.224656  65.101356    63.767    63.767  2 55814.14831721 39.945
 118 208.223552  65.100224    63.626    63.613  3 55824.06396452 32.375
 119 208.219855  65.098199    63.310    63.310  2 55833.97960685 52.528
 120 208.219163  65.097456    63.267    63.267  2 55843.89524554 35.739
 121 208.219452  65.098502    63.108    63.108  2 55853.81088140 47.831
 122 208.225745  65.101247    63.158    63.153  3 55863.72651946 32.199
 123 208.228844  65.103427    62.842    62.869  3 55873.64217359 32.170
 133 208.222111  65.099290    64.124    64.124  2 55972.79860922 12.276
 134 208.223856  65.101424    64.316    64.208  3 55982.71424555 11.634
 135 208.224128  65.101649    64.502    64.574  3 55992.62987986 11.515
 136 208.222493  65.100308    64.152    64.177  3 56002.54552791 12.421
 137 208.220979  65.098326    65.234    65.234  2 56012.46117719 11.051
 139 208.223969  65.100164    63.216    63.134  3 56032.29246701 36.355
 141 208.230104  65.104755   127.170   127.650  4 56052.12374799 21.449
 142 208.226877  65.103809    63.723    63.720  3 56062.03938358 39.314
 143 208.222976  65.101825   112.007   111.757  3 56071.95502270 23.441
 144 208.225266  65.101974    64.434    64.434  2 56081.87067334 53.233
 145 208.227414  65.103186    64.390    64.523  3 56091.78632144 47.362
 146 208.228795  65.104569    64.468    64.502  3 56101.70196714 48.990
 147 208.228307  65.104181    64.505    64.530  4 56111.61759824 39.380
 148 208.223134  65.101395    64.477    64.433  3 56121.53323688 40.582
 149 208.220395  65.098196    64.156    64.156  2 56131.44887197 55.170
 150 208.214827  65.096244    64.433    64.433  2 56141.36450655 53.477
 151 208.219127  65.098562    64.126    64.126  2 56151.28015804 53.256
 152 208.223894  65.101621    64.152    64.172  3 56161.19580786 53.987
 154 208.223431  65.101302   111.966   111.926  3 56181.02709845 10.427
 155 208.221105  65.099031    63.994    63.994  2 56190.94273739 52.022
 156 208.219846  65.098052    63.807    63.789  3 56200.85837370 53.004
 157 208.223187  65.099815    63.605    63.650  3 56210.77400829 35.847
 158 208.223780  65.101982    63.404    63.350  3 56220.68964075 44.040
 159 208.229116  65.104622    63.302    63.271  3 56230.60529245 39.523
 160 208.229641  65.104700    64.338    64.237  3 56240.52094549 38.097
 161 208.227900  65.103623    64.328    64.336  4 56250.43659427 28.108
 162 208.224382  65.102297    64.290    64.322  3 56260.35223812 26.503
 163 208.224947  65.102643    64.191    64.224  3 56270.26788000 25.135
 164 208.228066  65.103497    64.248    64.242  3 56280.18352044 17.651
 165 208.227283  65.103758    64.174    64.148  3 56290.09917210 22.996
 166 208.227896  65.102439    64.224    64.207  3 56300.01482026 22.132
 167 208.223430  65.099826    64.270    64.281  3 56309.93046381 15.319
 168 208.220966  65.098504    64.106    64.080  3 56319.84610526 21.190
 169 208.220908  65.099587    64.115    64.093  3 56329.76174621 21.459
 170 208.223624  65.101637    64.084    64.091  3 56339.67738671 20.348
 171 208.224357  65.102350    64.107    64.145  3 56349.59302479 21.506
 172 208.222452  65.100785    64.116    64.075  3 56359.50866084 21.168
 173 208.220729  65.099349    64.098    64.098  2 56369.42431085 20.719
 175 208.224956  65.101756    64.060    64.064  3 56389.25560417 25.012
 176 208.228968  65.104427    64.123    64.147  3 56399.17124808 16.975
 177 208.231869  65.105843    64.094    64.041  3 56409.08688928 35.667
 178 208.229656  65.104852    64.314    64.279  4 56419.00252540 36.990
 179 208.225020  65.102732   113.272   113.157  3 56428.91815882 12.778
 181 208.228056  65.103422    65.506    65.573  3 56448.74946384 27.875
 183 208.227209  65.103124    64.396    64.394  4 56468.58075818 37.239
 184 208.226402  65.101816    64.786    64.638  3 56478.49639958 53.730
 185 208.221374  65.099675    64.564    64.561  3 56488.41203668 52.671
 187 208.219989  65.099241    64.570    64.545  3 56508.24330575 50.804
 188 208.223294  65.100544    64.609    64.583  3 56518.15894491 51.954
 189 208.224911  65.101541    64.427    64.454  3 56528.07459931 54.606
 190 208.224900  65.101432    64.067    64.137  3 56537.99024925 33.865
 191 208.223512  65.100712   127.286   128.399  3 56547.90589502 24.781
 192 208.225697  65.101389    63.991    63.987  3 56557.82153858 41.628
 193 208.224287  65.102401    63.550    63.579  3 56567.73718092 48.754
 194 208.228667  65.104466   114.599   114.437  3 56577.65282251 11.874
 195 208.229851  65.104987    63.536    63.562  4 56587.56846013 46.140
 196 208.229530  65.104379    63.515    63.588  3 56597.48410132 44.051
 197 208.225987  65.103416    63.119    63.126  3 56607.39975250 34.854
 198 208.226957  65.103358    64.017    63.984  3 56617.31539926 27.343
 199 208.226560  65.103269    64.052    64.115  3 56627.23104254 18.709
 200 208.226322  65.102871    64.146    64.143  3 56637.14668304 20.595
 201 208.225829  65.101721    64.307    64.232  3 56647.06232458 18.166
 202 208.221748  65.100396    64.079    64.032  3 56656.97797624 18.223
 203 208.222413  65.099884    64.136    64.103  3 56666.89362403 19.083
 205 208.227175  65.101978    64.177    64.120  3 56686.72491364 19.713
 206 208.223571  65.102002    64.251    64.151  3 56696.64055521 19.001
 207 208.224969  65.101576    64.301    64.330  3 56706.55619263 18.333
 208 208.220822  65.100005    64.037    64.013  3 56716.47182612 18.598
 212 208.232180  65.105898    64.329    64.330  3 56756.13441735 22.852
 213 208.230105  65.104798    63.639    63.585  3 56766.05005293 41.150
 214 208.225474  65.103105   112.667   112.220  3 56775.96569300 15.580
 215 208.228043  65.103738    64.023    64.031  4 56785.88134985 45.691
 216 208.228009  65.104554    63.678    63.693  3 56795.79700282 38.505
 217 208.230061  65.105271    63.799    63.851  3 56805.71265162 45.124
 219 208.223243  65.101499    64.026    64.066  3 56825.54393108 48.223
 221 208.222008  65.099286    65.021    65.021  2 56845.37519715 42.533
 222 208.222663  65.100614    64.606    64.639  3 56855.29084393 49.710
 225 208.228152  65.102645    64.443    64.441  3 56885.03780051 37.916
 226 208.223219  65.101535    64.475    64.429  3 56894.95344659 44.661
 227 208.227652  65.102721    64.456    64.468  3 56904.86909051 51.980
 228 208.228335  65.104467   114.072   114.072  3 56914.78473196 22.094
 229 208.232672  65.106449   126.735   126.755  4 56924.70037195 17.757
 230 208.231327  65.106366    63.767    63.749  3 56934.61600846 33.207
 231 208.230306  65.104658    63.480    63.463  3 56944.53163962 43.218
 232 208.226264  65.102776    63.461    63.462  3 56954.44728807 43.079
 233 208.223770  65.102167    63.343    63.507  3 56964.36293766 28.913
 234 208.228486  65.103679    63.922    63.952  3 56974.27858341 40.297
 235 208.227660  65.104365    64.058    64.031  3 56984.19422423 29.984
 236 208.227744  65.103408    64.130    64.161  4 56994.10986004 21.885
 237 208.222554  65.100300    64.060    64.033  3 57004.02549801 23.734
 238 208.219153  65.098447    63.874    63.874  2 57013.94115371 23.468
 239 208.219897  65.098851    64.695    64.421  3 57023.85680485 18.862
 240 208.224919  65.101697    63.971    63.971  2 57033.77245402 21.531
 241 208.230511  65.104192    64.108    64.230  3 57043.68810082 20.904
