#     +Inf   0.324   1.659 ;Mean Elev.(m), Avg Gradient(m/km), RMS Gradient(m/km)
   1 198.801053  61.877009    66.559    60.972  3 54661.12797248  9.871
   3 198.800299  61.877158    13.377    13.471  3 54680.95926165 20.610
   4 198.806287  61.876800    13.687    13.717  3 54690.87490499 22.411
   5 198.806773  61.877785    12.835    12.846  3 54700.79054541 42.747
   6 198.805397  61.876989    12.137    12.208  3 54710.70619171 40.910
   7 198.798745  61.876344    12.044    12.041  3 54720.62184248 50.178
   8 198.795048  61.874705    13.610    13.610  2 54730.53749096 20.963
   9 198.792859  61.874238    11.467    10.661  3 54740.45313775 24.136
  10 198.794339  61.873941    10.440    10.379  3 54750.36878480 27.510
  11 198.794111  61.874471    10.086    10.086  2 54760.28443141 46.921
  12 198.794054  61.874459    12.000    11.792  3 54770.20007572 39.370
  13 198.792827  61.874427    10.881    11.045  3 54780.11571666 35.353
  14 198.792971  61.873946    10.833    10.713  3 54790.03135527 33.606
  15 198.793256  61.874517    10.543    10.519  3 54799.94699278 24.071
  17 198.800634  61.876146    10.557    10.583  3 54819.77826967 18.934
  18 198.801576  61.875933    12.067    12.593  3 54829.69392218 12.877
  19 198.798720  61.876180    12.571    12.946  3 54839.60956077 10.790
  20 198.798225  61.875816    11.428    11.211  3 54849.52520986 14.006
  21 198.800507  61.875430    13.357    13.453  3 54859.44085868 10.957
  22 198.798078  61.876631    12.678    13.124  3 54869.35650697 11.309
  23 198.798430  61.875939    14.620    14.580  3 54879.27215468 12.431
  24 198.795448  61.875181    14.656    14.703  3 54889.18779897 15.710
  26 198.790825  61.873559    15.194    15.194  2 54909.01907904 12.975
  28 198.795261  61.874772    14.767    14.767  2 54928.85035472 12.790
  29 198.796833  61.874892    14.991    14.991  2 54938.76599167 13.225
  30 198.795754  61.875041     9.787     9.708  3 54948.68162669 40.870
  31 198.795375  61.874824    13.619    14.386  3 54958.59726353 33.643
  32 198.796472  61.874220    16.095    16.276  3 54968.51291224 42.212
  33 198.795793  61.875216    77.066    80.706  3 54978.42855943  2.993
  35 198.799322  61.875099    60.367    60.385  3 54998.25985449 24.201
  36 198.799468  61.875030    15.769    15.909  3 55008.17550016 30.227
  37 198.798935  61.875441    15.564    15.615  3 55018.09114381 30.706
  38 198.801345  61.875620    15.396    15.509  3 55028.00678641 30.819
  39 198.803885  61.876104    15.505    15.510  3 55037.92242853 29.513
  40 198.801873  61.877645    68.180    68.996  3 55047.83806905  3.496
  41 198.803814  61.876611    59.853    60.782  3 55057.75370827 22.363
  42 198.798961  61.876158    10.636    10.689  3 55067.66934567 47.364
  43 198.796259  61.874070    12.440    11.190  3 55077.58499592 34.351
  44 198.792355  61.874073    10.966    10.966  2 55087.50064329 36.121
  45 198.794391  61.874136    12.909    12.909  2 55097.41628954 31.147
  46 198.797083  61.874434    49.544    60.298  3 55107.33193534  6.258
  47 198.795251  61.874731    10.523    10.535  3 55117.24758008 50.331
  48 198.791755  61.874193     9.476     9.462  3 55127.16322247 46.326
  49 198.790992  61.873142    12.230    14.172  3 55137.07886291 30.321
  50 198.790603  61.873828    10.864     9.353  3 55146.99450138 30.264
  51 198.797771  61.874234    12.510    13.592  3 55156.91013995 18.006
  52 198.801366  61.875538    12.086    13.596  3 55166.82577812 19.204
  53 198.802341  61.876568    13.414    13.447  3 55176.74141572 26.277
  54 198.799209  61.876897     9.428     9.453  3 55186.65705834 32.447
  55 198.800738  61.875277    77.922    77.951  3 55196.57270972  3.833
  56 198.800542  61.875397    77.514    77.374  3 55206.48835948  1.217
  57 198.800556  61.876542    77.234    77.234  2 55216.40400848  0.913
  58 198.799426  61.877058    13.760    13.742  3 55226.31965683 22.364
  60 198.794896  61.873613    10.870     9.419  3 55246.15094557 22.749
  61 198.788332  61.873183    70.685    75.268  3 55256.06658509  2.323
  63 198.794140  61.874295    11.280    10.131  3 55275.89786260 24.169
  64 198.796203  61.875953    14.199    14.049  3 55285.81349991 23.059
  65 198.798153  61.875690    14.455    14.412  3 55295.72913543 19.688
  66 198.793997  61.874903    83.623    81.475  3 55305.64477479  0.684
  67 198.790567  61.873638    14.865    14.611  3 55315.56042174 31.549
  68 198.791741  61.873697     9.502     9.432  3 55325.47606734 45.081
  69 198.796021  61.874828    15.437    15.413  3 55335.39171183 38.306
  71 198.800212  61.876058    11.767    11.767  2 55355.22299872 39.542
  72 198.797321  61.876390    14.302    14.364  3 55365.13863925 23.526
  73 198.800629  61.875208    13.967    13.847  3 55375.05427897 24.596
  74 198.799267  61.876824    11.809    11.827  3 55384.96991692 43.807
  75 198.802094  61.877681    13.517    13.248  3 55394.88555452 21.108
  76 198.806187  61.877616    66.322    65.658  3 55404.80119405  9.549
  77 198.801574  61.876783    12.852    12.759  3 55414.71684535 30.120
  78 198.796926  61.874607    12.947    12.958  3 55424.63249369 35.394
  79 198.790540  61.873652    13.396    13.489  3 55434.54813906 50.707
  80 198.790405  61.873374    13.322    13.322  2 55444.46378336 23.528
  81 198.794386  61.873945    60.150    60.150  2 55454.37942675 20.689
  82 198.795819  61.875774    20.173    14.431  3 55464.29506897 14.637
  83 198.798986  61.875194    56.682    56.088  3 55474.21070906 24.082
  84 198.795405  61.874713     9.286     9.286  2 55484.12634562 46.293
  85 198.793189  61.873715     7.968     7.953  3 55494.04198030 40.257
  86 198.796190  61.873932     9.064     9.063  3 55503.95761425 38.966
  87 198.796361  61.875949     8.851     8.884  3 55513.87326264 33.426
  88 198.801520  61.876578    55.985    55.737  3 55523.78891273 22.067
  90 198.801351  61.875530    11.684    12.474  3 55543.62020698 21.094
  91 198.797911  61.875340    11.775    12.402  3 55553.53585085 18.284
  92 198.797434  61.875741     9.317     8.959  3 55563.45149372 16.488
  93 198.799057  61.876615    13.870    13.871  3 55573.36713606 11.734
  94 198.803424  61.875816    13.882    13.809  3 55583.28277746 11.158
  95 198.801228  61.875371     8.732     8.743  3 55593.19841484 14.967
  96 198.794940  61.875423    13.069    13.224  3 55603.11404846 13.799
  97 198.796562  61.874137    13.777    13.702  3 55613.02968093 12.112
  98 198.797464  61.874757    13.406    13.405  3 55622.94531700 14.236
  99 198.799062  61.875021    13.454    13.328  3 55632.86097009 13.400
 100 198.797672  61.875955    12.089    13.146  3 55642.77662058 13.872
 101 198.796318  61.875745    13.092    12.958  3 55652.69226835 13.244
 102 198.795887  61.873908    14.334    14.348  3 55662.60791214 11.307
 103 198.793679  61.873312    10.316     8.132  3 55672.52355252 17.515
 104 198.793418  61.874029    14.342    14.342  2 55682.43919136 29.225
 105 198.799910  61.874913     9.551     9.570  3 55692.35482921 35.654
 106 198.800940  61.877582    13.389    13.339  3 55702.27046475 32.690
 107 198.806754  61.876844    57.962    58.358  3 55712.18610802 19.175
 108 198.806214  61.875692    71.347    71.347  2 55722.10175757  8.836
 109 198.800586  61.876112    13.595    13.595  2 55732.01740449 25.779
 110 198.798264  61.876371    13.371    13.304  3 55741.93305053 21.981
 111 198.800352  61.875842    13.595    13.604  3 55751.84869583 25.699
 112 198.800753  61.875578    13.581    13.622  3 55761.76433864 50.878
 113 198.797944  61.875574    13.394    13.394  2 55771.67997828 21.984
 114 198.795920  61.874653    13.240    13.237  3 55781.59561459 22.570
 115 198.796591  61.874175    13.361    13.388  3 55791.51124840 29.220
 116 198.796193  61.875681    13.309    13.153  3 55801.42688057 23.651
 117 198.799586  61.875324    32.888    32.888  2 55811.34253098  7.857
 118 198.801446  61.875251    12.107    12.012  3 55821.25817968 48.581
 119 198.794610  61.876969    80.649    80.649  2 55831.17382263  1.045
 120 198.797378  61.875107    12.532    12.951  3 55841.08946231 24.541
 121 198.795998  61.875034    10.549    10.549  2 55851.00509843 38.550
 122 198.799969  61.875363     9.573     9.593  3 55860.92073303 50.225
 123 198.800842  61.876082     9.321     9.304  3 55870.83638555 33.873
 134 198.796955  61.875132    13.792    13.792  2 55979.90846206 11.440
 136 198.799539  61.875707    14.953    14.953  2 55999.73974134  9.205
 137 198.797918  61.874462    15.294    15.335  3 56009.65539223  8.407
 138 198.793273  61.874778    13.260    12.612  3 56019.57103852 13.033
 139 198.795064  61.874326     7.783     7.799  3 56029.48668245 19.034
 141 198.801470  61.875467    11.952    12.577  3 56049.31796442 29.406
 142 198.803130  61.876620    12.664    12.213  3 56059.23360149 33.842
 143 198.805505  61.876894    15.032    15.077  3 56069.14923608 50.847
 145 198.800774  61.876468    68.549    61.458  3 56088.98053521 14.529
 146 198.802309  61.876104    14.599    14.603  3 56098.89618137 28.969
 147 198.799346  61.876511    14.289    14.265  3 56108.81182470 43.477
 148 198.798319  61.875497    13.697    13.667  3 56118.72745393 23.634
 149 198.795799  61.874904    67.189    67.189  2 56128.64309088 23.975
 151 198.796433  61.874723    13.098    13.098  2 56148.47437225 46.133
 152 198.796636  61.875894    13.435    13.387  3 56158.39002113 22.498
 153 198.799772  61.875537    58.992    59.466  3 56168.30566932 20.275
 154 198.799307  61.874651    14.051    14.450  3 56178.22131431 25.531
 155 198.794972  61.874595    13.265    13.265  2 56188.13695438 38.559
 156 198.793794  61.874695    14.691    14.887  3 56198.05259131 23.058
 157 198.798245  61.875403    15.094    15.094  2 56207.96822589 23.549
 158 198.801180  61.877719    14.476    14.545  3 56217.88385858 26.666
 159 198.804111  61.878359    10.063    10.042  3 56227.79950322 43.675
 160 198.803843  61.877398    12.766    13.729  3 56237.71515777 31.354
 161 198.802586  61.876091    78.418    78.573  3 56247.63080840  1.326
 162 198.801349  61.875545    11.130    10.892  3 56257.54645389 23.591
 163 198.802207  61.875938    10.712    10.626  3 56267.46209605 23.044
 164 198.800417  61.877280    11.895    12.005  3 56277.37773614 17.927
 165 198.799806  61.876737    13.148    13.187  3 56287.29338408 15.319
 166 198.797573  61.874813    13.166    13.198  3 56297.20903341 14.783
 167 198.792773  61.873481    13.143    13.143  2 56307.12467849 16.195
 168 198.790066  61.873299    13.608    13.567  3 56317.04032082 11.719
 169 198.794776  61.873668    13.591    13.625  3 56326.95596231 11.573
 170 198.798672  61.875237    13.628    13.586  3 56336.87160264 10.580
 171 198.802200  61.875787    14.089    14.126  3 56346.78724151 10.511
 172 198.799482  61.876057    13.928    13.995  3 56356.70287733 10.556
 173 198.795517  61.874538    12.192    12.059  3 56366.61852509 12.017
 176 198.798674  61.876461    10.900    10.277  3 56396.36546291 15.411
 177 198.801077  61.877639     9.465     9.489  3 56406.28110428 31.602
 178 198.803140  61.877370    14.992    14.996  3 56416.19674229 22.703
 179 198.805179  61.876258    12.693    14.095  3 56426.11237567 33.491
 180 198.799633  61.876183     9.792     9.923  3 56436.02802496 44.184
 181 198.799010  61.875658    59.362    59.362  2 56445.94367679 22.750
 182 198.799785  61.876069    15.927    15.927  2 56455.85932632 38.702
 183 198.798024  61.876259    15.367    15.407  3 56465.77497259 34.466
 184 198.795031  61.875387    14.406    14.521  3 56475.69061505 33.016
 185 198.791885  61.874184    64.639    55.637  3 56485.60625399 12.034
 187 198.796390  61.874859    12.459    12.502  3 56505.43752482 51.302
 188 198.802815  61.876845    63.840    63.840  2 56515.35315801 16.019
 189 198.803471  61.877017    11.920    11.980  3 56525.26881173 49.460
 190 198.801360  61.875803    60.160    60.350  3 56535.18446243 21.519
 192 198.794291  61.874084    56.635    56.635  2 56555.01575324 27.696
 193 198.795189  61.875602    14.350    14.625  3 56564.93139595 21.429
 194 198.803863  61.876206    13.888    13.519  3 56574.84703819 28.244
 195 198.807860  61.877398    14.616    14.810  3 56584.76267708 28.397
 196 198.807648  61.877828    12.822    12.836  3 56594.67831281 49.771
 197 198.803143  61.876280    10.283    10.243  3 56604.59396565 49.211
 198 198.798817  61.875525     8.834     8.805  3 56614.50961356 45.447
 199 198.799267  61.875521    12.409    14.096  3 56624.42525790 31.759
 200 198.800024  61.876193    57.756    56.654  3 56634.34089935 15.705
 201 198.802771  61.876393    12.912    12.654  3 56644.25653615 25.920
 202 198.797424  61.875644    12.943    13.073  3 56654.17218866 20.144
 203 198.794007  61.874014    12.840    12.840  2 56664.08783722 15.419
 205 198.791913  61.874500     9.691     9.698  3 56683.91912797 46.873
 206 198.797780  61.875137    11.528    11.528  2 56693.83477131 26.329
 210 198.794467  61.874352    14.326    14.326  2 56733.49734281 16.695
 211 198.797197  61.874829    10.440    10.011  3 56743.41299012 21.300
 212 198.799299  61.877010    11.706    13.465  3 56753.32863282 24.044
 213 198.806881  61.877101    14.997    15.132  3 56763.24427087 32.294
 214 198.806531  61.877662     8.941     9.060  3 56773.15990370 40.591
 215 198.798526  61.876851     9.495     9.443  3 56783.07556058 47.008
 216 198.796299  61.875109    46.180    46.180  2 56792.99121449  1.877
 217 198.794433  61.874760    13.656    13.655  3 56802.90686554 24.484
 218 198.797679  61.874501    60.611    59.935  3 56812.82250914 21.246
 221 198.797184  61.874589    14.059    14.086  3 56842.56941638 26.043
 223 198.796946  61.874740    14.320    14.328  3 56862.40071029 42.287
 224 198.796791  61.875497    14.340    14.423  3 56872.31636367 50.755
 225 198.798754  61.875091    59.801    60.132  3 56882.23201430 17.653
 226 198.798567  61.874584    12.662    12.667  3 56892.14766114 41.236
 227 198.794760  61.874588    13.028    13.057  3 56902.06330457 24.118
 228 198.793543  61.875068    12.912    12.852  3 56911.97894631 22.852
 229 198.799147  61.874958    13.656    13.345  3 56921.89458720 23.329
 230 198.803503  61.876203    64.621    57.602  3 56931.81022562 14.201
 231 198.804139  61.877922    11.256    11.120  3 56941.72585848 46.001
 232 198.806040  61.877077    10.176    10.128  3 56951.64150079 44.647
 233 198.801241  61.876220     9.662     9.614  3 56961.55715170 44.274
 234 198.798990  61.875503    58.907    58.882  3 56971.47279781 19.969
 235 198.798883  61.875544     9.713     9.709  3 56981.38843989 33.780
 236 198.799746  61.876043     9.890     9.890  2 56991.30407754 39.280
 237 198.799754  61.876877    57.082    56.724  3 57001.21970871  4.071
 238 198.797821  61.875197    10.137    10.137  2 57011.13536628 28.230
 239 198.796187  61.874032    57.197    57.237  3 57021.05101800 20.167
 240 198.792245  61.875123    68.008    68.008  2 57030.96666644  3.714
 241 198.795611  61.874926     9.819     9.819  2 57040.88231391 35.850
