#     +Inf   0.430  16.053 ;Mean Elev.(m), Avg Gradient(m/km), RMS Gradient(m/km)
   2 206.077468  65.046384    52.366    52.199  5 54674.94571669 31.301
   3 206.083668  65.047141   108.857   109.028  4 54684.86136052 22.215
   4 206.084328  65.048226    52.364    52.332  5 54694.77700236 38.356
   5 206.081115  65.048202    99.971    99.866  3 54704.69264142 12.359
   6 206.076428  65.046184    52.007    52.113  5 54714.60829242 51.756
   7 206.067735  65.044693    98.621    98.561  4 54724.52394213 17.982
  10 206.070910  65.045559    50.428    50.440  4 54754.27088412 48.490
  11 206.073750  65.045025    50.428    50.382  4 54764.18653010 48.099
  12 206.066789  65.044027    50.886    50.886  4 54774.10217251 31.156
  13 206.065332  65.042550    50.565    50.570  4 54784.01781285 29.515
  14 206.063818  65.043118    50.689    50.706  5 54793.93345111 27.358
  17 206.078964  65.046242    50.239    50.258  4 54823.68037132 15.602
  18 206.075341  65.045395    50.253    50.317  4 54833.59601117 13.679
  19 206.071668  65.045242    50.457    50.466  4 54843.51166088 11.682
  20 206.076026  65.045476    51.157    51.151  4 54853.42731024  9.908
  21 206.078639  65.046804    51.432    51.380  5 54863.34295908  9.389
  22 206.082488  65.046980    51.892    51.968  4 54873.25860794  9.703
  23 206.077228  65.046520    48.267    48.238  4 54883.17425375 16.118
  24 206.070847  65.044653    50.901    51.052  5 54893.08989618 10.497
  25 206.064785  65.043085    51.109    51.016  4 54903.00553591 10.216
  26 206.063637  65.043137    51.383    51.379  5 54912.92117471  7.536
  27 206.067368  65.044347    51.144    51.119  4 54922.83681307  7.886
  28 206.074280  65.045233    51.573    51.592  4 54932.75245098  7.418
  29 206.075786  65.045219    52.050    52.040  4 54942.66808666  7.781
  30 206.068451  65.044826    50.501    50.457  4 54952.58371969 38.205
  31 206.066107  65.043234    53.932    53.868  5 54962.49936274 41.569
  32 206.063873  65.043500    52.436    52.431  4 54972.41501111 53.153
  33 206.068221  65.044708    52.812    52.800  4 54982.33065899 49.406
  34 206.076889  65.045625   102.686   102.686  2 54992.24630698 12.911
  35 206.078860  65.045873    53.302    53.422  4 55002.16195367 35.325
  36 206.072927  65.046129    53.092    53.064  4 55012.07759783 30.855
  37 206.074097  65.045283    52.696    52.635  5 55021.99324128 30.521
  38 206.073149  65.046073    51.510    51.646  4 55031.90888355 47.535
  39 206.077482  65.046948    51.768    51.665  4 55041.82452562 31.128
  40 206.081362  65.047566    50.984    51.040  5 55051.74016617 44.096
  41 206.079813  65.046997    51.576    51.557  4 55061.65580413 28.239
  42 206.073296  65.045303    50.756    50.852  5 55071.57144647 43.854
  43 206.066720  65.043538    51.184    51.185  5 55081.48709473 49.641
  44 206.065958  65.043016    50.587    50.651  4 55091.40274173 46.134
  45 206.067515  65.044062    50.727    50.715  4 55101.31838823 52.284
  46 206.073323  65.044921    51.164    51.326  4 55111.23403469 20.254
  47 206.073334  65.044962    49.843    49.835  4 55121.14967866 48.480
  48 206.067472  65.044105    49.368    49.372  4 55131.06531936 48.108
  49 206.064640  65.042687    49.897    49.926  4 55140.98095841 42.561
  50 206.063696  65.043032    49.109    49.129  4 55150.89659680 25.073
  51 206.070924  65.044327    49.022    49.064  4 55160.81223594 23.343
  52 206.074171  65.046367    49.056    49.054  4 55170.72787427 21.345
  53 206.081014  65.046690    49.428    49.369  4 55180.64351162 21.469
  54 206.078168  65.046207    49.631    49.603  4 55190.55915969 19.252
  55 206.077269  65.045621    49.367    49.322  4 55200.47480999 18.373
  56 206.075987  65.045929    49.744    49.601  4 55210.39045947 15.836
  57 206.077266  65.046506    49.505    49.720  5 55220.30610868 15.837
  58 206.076752  65.046259    49.754    49.732  5 55230.22175677 14.795
  59 206.072449  65.045606    49.317    49.320  4 55240.13740133 14.146
  60 206.070038  65.043905    49.713    49.694  4 55250.05304255 14.025
  61 206.064219  65.043240    49.715    49.664  4 55259.96868112 13.567
  62 206.064828  65.043292    49.647    49.663  4 55269.88431950 13.108
  63 206.069646  65.043924    50.293    50.329  4 55279.79995813 12.598
  64 206.071335  65.044879    50.255    50.362  5 55289.71559521 13.655
  65 206.074350  65.044876    50.416    50.385  4 55299.63123009  9.855
  66 206.068373  65.044355    50.185    49.735  5 55309.54687434 32.322
  67 206.067568  65.043177    50.837    50.762  4 55319.46252020 40.706
  68 206.067065  65.043258    53.201    53.137  4 55329.37816493 52.441
  69 206.071810  65.044159    50.342    50.346  4 55339.29380973 53.571
  70 206.075743  65.045384    52.563    53.002  4 55349.20945410 32.604
  71 206.076661  65.046226    52.321    52.752  4 55359.12509626 35.462
  72 206.074675  65.046516    52.493    52.516  4 55369.04073607 26.555
  73 206.076914  65.046205    51.996    51.747  4 55378.95637484 23.798
  74 206.078281  65.046532    52.260    52.205  5 55388.87201279 25.124
  75 206.079580  65.046977    52.101    52.097  4 55398.78764976 48.855
  76 206.076280  65.046900    52.458    52.518  4 55408.70329514 49.346
  77 206.073069  65.045440    52.034    52.003  4 55418.61894575 51.868
  78 206.069947  65.043823    52.527    52.476  4 55428.53459293 51.801
  79 206.066971  65.043409    52.027    52.024  5 55438.45023737 51.805
  80 206.067246  65.043904    51.128    51.124  4 55448.36588062 53.159
  81 206.068254  65.044595    51.226    51.206  4 55458.28152362 51.721
  82 206.070972  65.044595    50.473    50.527  4 55468.19716609 45.117
  83 206.070696  65.044171    49.827    49.789  4 55478.11280505 50.608
  84 206.067032  65.044123    49.446    49.441  4 55488.02844063 46.502
  85 206.069501  65.043785    49.540    49.547  4 55497.94407456 45.878
  86 206.071924  65.044528    50.118    50.043  4 55507.85971272 26.810
  87 206.072507  65.045349    49.939    49.975  5 55517.77536309 24.481
  88 206.075070  65.045933    50.240    50.263  5 55527.69101274 29.402
  89 206.073962  65.046340    49.423    49.430  4 55537.60666012 17.414
  90 206.075131  65.046160    49.601    49.609  4 55547.52230547 16.376
  91 206.078378  65.045912    49.613    49.658  4 55557.43794920 15.557
  92 206.078696  65.046393    49.593    49.594  4 55567.35359171 15.694
  93 206.076472  65.046651    49.451    49.445  4 55577.26923325 13.894
  94 206.073312  65.045852    49.567    49.530  4 55587.18487272 11.905
  95 206.069278  65.044677    49.497    49.510  4 55597.10050903 11.974
  96 206.069234  65.043795    49.778    49.777  4 55607.01614282 11.772
  97 206.069241  65.044290    49.863    49.772  4 55616.93177454 10.819
  98 206.070408  65.045390    49.757    49.749  4 55626.84741847 10.966
  99 206.073213  65.045297    49.934    49.928  4 55636.76307049 10.340
 100 206.071720  65.044788    49.641    49.666  4 55646.67872012 10.197
 101 206.067768  65.043812    49.884    49.790  4 55656.59436674 10.572
 102 206.065253  65.043392    50.332    50.348  5 55666.51000905  9.697
 104 206.070989  65.044986    50.687    50.252  5 55686.34128676 33.459
 105 206.076781  65.045893    52.111    51.979  4 55696.25692377 43.596
 106 206.075935  65.046882    51.805    51.743  4 55706.17255890 47.602
 107 206.077092  65.046221    54.252    54.227  4 55716.08820842 50.070
 108 206.076706  65.045896    52.700    52.676  4 55726.00385714 32.341
 109 206.075463  65.046492    52.686    52.681  4 55735.91950393 26.796
 110 206.080216  65.046562    52.822    52.902  4 55745.83515007 32.090
 111 206.077855  65.046602    52.652    52.585  5 55755.75079374 30.367
 112 206.075750  65.045207    52.809    52.807  4 55765.66643511 49.225
 113 206.067528  65.044102    52.549    52.374  4 55775.58207302 39.781
 114 206.064438  65.043420    52.273    52.320  4 55785.49770836 52.575
 115 206.069474  65.044077    51.586    51.598  4 55795.41334227 39.551
 116 206.074469  65.045438    51.999    52.057  4 55805.32898179 49.461
 117 206.077917  65.045704    51.597    51.799  4 55815.24463129 26.863
 118 206.071366  65.045361    51.072    51.063  4 55825.16027736 48.589
 119 206.069062  65.043937    50.712    50.741  4 55835.07591935 44.830
 120 206.065256  65.043656    49.928    49.881  4 55844.99155753 37.620
 121 206.068272  65.044730    49.955    49.975  4 55854.90719345 39.648
 122 206.077340  65.045834    49.151    49.157  4 55864.82283389 43.369
 123 206.077011  65.047031    49.560    49.565  4 55874.73848702 18.627
 133 206.065813  65.043663    50.725    50.565  4 55973.89492089  7.913
 134 206.072795  65.045434    50.424    50.340  5 55983.81055765  8.844
 135 206.078684  65.046331    51.305    51.248  4 55993.72619222  8.671
 136 206.075082  65.045417    50.953    50.812  4 56003.64184230  8.169
 137 206.068698  65.043579    51.225    51.238  4 56013.55749090  7.580
 141 206.080077  65.047137    52.235    52.340  5 56053.22006038 39.657
 142 206.081243  65.047272    51.549    51.642  5 56063.13569574 48.814
 143 206.076552  65.046632    52.008    52.009  4 56073.05133679 50.984
 144 206.074455  65.045789    53.683    53.702  5 56082.96698673 50.120
 145 206.074021  65.046035    52.963    52.934  4 56092.88263433 40.037
 146 206.079389  65.046281    52.757    52.719  4 56102.79828024 33.253
 147 206.077336  65.046374    52.681    52.663  4 56112.71391107 30.720
 148 206.075583  65.045233    53.283    53.238  4 56122.62954992 51.801
 149 206.067877  65.044252    52.559    52.553  5 56132.54518434 29.339
 150 206.066428  65.043521    52.240    52.231  4 56142.46082131 27.898
 151 206.069178  65.043702    51.689    51.694  4 56152.37647228 52.719
 152 206.070780  65.045289    51.276    51.247  4 56162.29212142 50.806
 153 206.075926  65.045756    51.062    51.011  4 56172.20776902 49.416
 154 206.073271  65.045468    52.059    51.995  5 56182.12341125 23.260
 155 206.069951  65.044231    50.678    50.673  5 56192.03904971 52.235
 156 206.067131  65.043718    52.018    52.054  4 56201.95468550 21.572
 157 206.072549  65.044560    50.528    50.565  4 56211.87032002 52.024
 158 206.078215  65.046795    49.874    49.877  5 56221.78595258 45.730
 159 206.080597  65.048055    49.184    49.228  4 56231.70160657 35.626
 160 206.081153  65.047621    49.636    49.630  4 56241.61725933 29.467
 161 206.079432  65.046404    50.413    50.397  4 56251.53290771 26.657
 162 206.074923  65.045797    50.313    50.382  5 56261.44855108 29.288
 163 206.073518  65.046012    50.246    50.243  4 56271.36419245 24.102
 164 206.074397  65.046462    49.610    49.604  4 56281.27983314 19.045
 165 206.076076  65.045978    49.802    49.724  5 56291.19548552 16.675
 166 206.072551  65.044899    49.745    49.725  4 56301.11113301 16.169
 167 206.068658  65.043438    49.771    49.740  4 56311.02677634 14.012
 168 206.064828  65.043086    49.662    49.626  4 56320.94241741 11.812
 169 206.066340  65.043930    49.678    49.685  4 56330.85805829 12.677
 170 206.071402  65.045128    49.686    49.676  5 56340.77369893 12.130
 171 206.075120  65.045950    49.685    49.616  4 56350.68933722 11.573
 172 206.074633  65.045547    49.570    49.550  4 56360.60497544 11.242
 173 206.069904  65.044376    49.921    49.812  4 56370.52062492 10.282
 175 206.070992  65.044779    50.146    50.073  4 56390.35191703 10.011
 176 206.075587  65.046279    49.761    49.669  4 56400.26756052 10.767
 177 206.079212  65.047277    51.285    51.189  4 56410.18320131 14.256
 178 206.078447  65.047592    50.531    50.144  4 56420.09883698 26.741
 179 206.080356  65.046750    52.678    52.743  4 56430.01447351 30.855
 180 206.077498  65.045974    55.447    55.427  4 56439.93012653 49.651
 181 206.074476  65.045837    55.408    55.424  5 56449.84577707 51.064
 182 206.073432  65.045763    54.378    54.361  4 56459.76142559 52.181
 183 206.073021  65.044968    52.843    52.876  4 56469.67707088 51.258
 184 206.069708  65.044534    52.415    52.383  5 56479.59271204 49.974
 185 206.069818  65.043858    53.229    53.529  4 56489.50834953 26.316
 187 206.073240  65.044842    52.134    52.188  4 56509.33961828 37.438
 188 206.073037  65.045896    51.930    51.887  4 56519.25525924 33.035
 189 206.074864  65.045582    51.485    51.454  4 56529.17091316 49.111
 190 206.074420  65.045152    51.262    51.273  4 56539.08656278 40.178
 191 206.070583  65.044910    51.536    51.585  4 56549.00220790 22.594
 192 206.069902  65.045113    51.160    51.166  4 56558.91785088 47.429
 193 206.073062  65.045791    50.715    50.678  4 56568.83349329 46.091
 194 206.077577  65.046930    51.388    51.396  4 56578.74913452 26.922
 195 206.083680  65.047223    50.237    50.207  4 56588.66477218 50.803
 196 206.082589  65.047053    49.680    49.699  4 56598.58041560 45.943
 197 206.079568  65.046115    50.530    50.597  4 56608.49606650 25.027
 198 206.076996  65.045977    50.485    50.535  4 56618.41171243 16.778
 199 206.077765  65.045912    50.176    50.163  4 56628.32735536 16.372
 200 206.076144  65.046004    50.031    50.065  5 56638.24299512 19.252
 201 206.071225  65.045572    50.111    50.040  4 56648.15863801 19.037
 202 206.067113  65.044361    50.407    50.325  4 56658.07428935 16.158
 203 206.065422  65.043760    50.276    50.186  4 56667.98993670 15.080
 205 206.070514  65.045298    50.832    50.737  4 56687.82122579 11.894
 206 206.073222  65.045580    50.947    50.999  5 56697.73686753 11.869
 207 206.075174  65.045072    51.154    51.267  4 56707.65250464 11.729
 208 206.072530  65.044854    51.148    51.016  4 56717.56814095 10.916
 211 206.077363  65.046504    51.383    51.439  4 56747.31508824 10.114
 212 206.079068  65.047243    51.580    51.536  4 56757.23072918  9.579
 213 206.082206  65.046881    50.319    50.257  4 56767.14636444 34.168
 214 206.079666  65.046185    51.724    51.700  4 56777.06200779 36.416
 215 206.075363  65.045801    52.308    52.306  4 56786.97766368 48.107
 216 206.073638  65.045847    52.829    52.781  4 56796.89331623 32.433
 217 206.073611  65.046008    51.824    51.825  4 56806.80896396 51.818
 219 206.069910  65.044683    52.191    52.186  4 56826.64024316 27.911
 220 206.068190  65.043784   100.926   100.849  5 56836.55587764 28.778
 221 206.068396  65.044323    53.060    53.043  4 56846.47150908 52.491
 222 206.072367  65.044844    52.648    52.658  5 56856.38715874 29.127
 223 206.075640  65.045615    52.327    52.285  4 56866.30281236 51.743
 224 206.072204  65.045961    52.135    52.140  4 56876.21846418 49.315
 225 206.072020  65.045014    51.916    52.062  5 56886.13411327 42.682
 226 206.068421  65.044304    51.765    51.562  5 56896.04975924 31.515
 227 206.069484  65.044409    52.129    52.146  5 56905.96540261 23.603
 228 206.072069  65.045785    51.377    51.390  4 56915.88104389 38.124
 229 206.079690  65.046978    51.205    51.178  4 56925.79668380 43.450
 230 206.081359  65.047928    50.843    50.890  4 56935.71231999 43.174
 231 206.082861  65.047421    50.435    50.444  4 56945.62795098 49.223
 232 206.076941  65.046117    49.890    49.914  4 56955.54360211 49.537
 233 206.072140  65.045487    50.368    50.336  4 56965.45925104 44.828
 234 206.073129  65.045928    50.388    50.423  4 56975.37489595 34.005
 235 206.078213  65.046497    51.044    51.042  4 56985.29053673 31.947
 236 206.080434  65.046340    50.318    50.327  4 56995.20617193 23.501
 237 206.074372  65.045300    50.714    50.712  4 57005.12181269 21.059
 238 206.065282  65.043856    50.626    50.625  4 57015.03746720 19.486
 239 206.065350  65.043287    50.750    50.748  5 57024.95311805 17.358
 240 206.068431  65.044798    50.472    50.453  4 57034.86876683 14.759
 241 206.074481  65.046098    50.150    50.079  4 57044.78441339 14.636
