# NaN NaN NaN ;Mean Elev.(m), Avg Gradient(m/km), RMS Gradient(m/km)
   2     9.567 54669.86576588 27.69 197.875262  61.823231 17.095 -100.00 -100.00 -100.00
   2     8.207 54669.86576647 28.45 197.879965  61.824631 19.285 -100.00 -100.00 -100.00
   2     8.473 54669.86576706 29.60 197.884669  61.826031 24.084 -100.00 -100.00 -100.00
   3     9.638 54679.78140995 30.58 197.874288  61.824275 30.092  254.63  255.85  256.37
   3    10.184 54679.78141054 22.37 197.878992  61.825675  9.637  254.63  255.85  256.37
   3     9.505 54679.78141113 23.60 197.883696  61.827075 11.776  254.63  255.85  256.37
   4     9.641 54689.69705291 48.29 197.874417  61.825267   -100 -100.00 -100.00 -100.00
   4     9.648 54689.69705350 49.40 197.879120  61.826667   -100 -100.00 -100.00 -100.00
   4     9.661 54689.69705409 50.39 197.883824  61.828067   -100 -100.00 -100.00 -100.00
   5    10.081 54699.61269368 24.94 197.875765  61.825228 14.057  247.59  248.11  248.66
   5     9.976 54699.61269427 20.15 197.880468  61.826628  6.005  247.59  248.11  248.66
   5     9.375 54699.61269486 19.14 197.885172  61.828028  5.581  247.59  248.11  248.66
   6     9.388 54709.52833797 29.97 197.875424  61.823554 29.620 -100.00 -100.00 -100.00
   6     8.779 54709.52833856 28.65 197.880126  61.824954 24.414 -100.00 -100.00 -100.00
   6     8.671 54709.52833916 29.44 197.884829  61.826354 22.900 -100.00 -100.00 -100.00
   7     9.673 54719.44398945 27.81 197.877422  61.823067 22.684  251.91  253.44  253.10
   7     9.462 54719.44399004 21.92 197.882124  61.824467  7.894  251.91  253.44  253.10
   7     8.807 54719.44399063 23.34 197.886827  61.825866  9.225  251.91  253.44  253.10
   8     9.376 54729.35963804 29.07 197.876429  61.822039 21.189 -100.00 -100.00 -100.00
   8     9.258 54729.35963863 30.72 197.881132  61.823439 26.883 -100.00 -100.00 -100.00
   8     7.921 54729.35963922 38.79 197.885835  61.824838   -100 -100.00 -100.00 -100.00
   9     9.465 54739.27528514 33.18 197.874348  61.821977   -100  247.84  248.90  250.46
   9     9.239 54739.27528573 27.71 197.879051  61.823377 20.959  247.84  248.90  250.46
   9     8.663 54739.27528632 29.82 197.883755  61.824777 23.160  247.84  248.90  250.46
   9     7.524 54739.27528691 31.75 197.888458  61.826176 29.146  247.84  248.90  250.46
  10     9.149 54749.19093253 40.08 197.873813  61.822974 17.754 -100.00 -100.00 -100.00
  10     9.160 54749.19093312 29.22 197.878516  61.824374 26.984 -100.00 -100.00 -100.00
  10     8.931 54749.19093371 25.87 197.883220  61.825773 18.213 -100.00 -100.00 -100.00
  10     8.672 54749.19093430 25.39 197.887924  61.827173 18.162 -100.00 -100.00 -100.00
  11     6.535 54759.10657952 41.62 197.872080  61.823416   -100 -100.00 -100.00 -100.00
  11     6.776 54759.10658011 42.94 197.876783  61.824816   -100 -100.00 -100.00 -100.00
  11     6.739 54759.10658070 46.83 197.881487  61.826215   -100 -100.00 -100.00 -100.00
  11     6.439 54759.10658129 45.09 197.886191  61.827615   -100 -100.00 -100.00 -100.00
  12     7.211 54769.02222449 30.69 197.873684  61.823594 19.477  257.28  257.00  256.05
  12     7.207 54769.02222508 31.50 197.878387  61.824994 19.688  257.28  257.00  256.05
  12     7.043 54769.02222567 33.16 197.883091  61.826394 24.934  257.28  257.00  256.05
  12     7.051 54769.02222626 36.81 197.887796  61.827794   -100  257.28  257.00  256.05
  13     6.453 54778.93786611 29.07 197.876754  61.822966 16.982 -100.00 -100.00 -100.00
  13     6.225 54778.93786670 31.28 197.881458  61.824366 25.925 -100.00 -100.00 -100.00
  13     6.432 54778.93786729 33.61 197.886162  61.825766   -100 -100.00 -100.00 -100.00
  14     6.258 54788.85350489 26.84 197.877441  61.821506 12.963 -100.00 -100.00 -100.00
  14     6.279 54788.85350548 29.90 197.882145  61.822906 19.270 -100.00 -100.00 -100.00
  14     6.237 54788.85350607 32.43 197.886849  61.824306 30.631 -100.00 -100.00 -100.00
  15     6.361 54798.76914280 24.19 197.878949  61.821527  8.640  250.08  246.67  239.10
  15     6.256 54798.76914339 26.34 197.883652  61.822928 14.063  250.08  246.67  239.10
  15     6.324 54798.76914398 24.83 197.888356  61.824327 11.497  250.08  246.67  239.10
  17     6.243 54818.60041735 16.81 197.874113  61.821468  6.524 -100.00 -100.00 -100.00
  17     6.138 54818.60041794 18.89 197.878816  61.822868  9.717 -100.00 -100.00 -100.00
  17     5.755 54818.60041853 23.04 197.883519  61.824269 19.575 -100.00 -100.00 -100.00
  17     6.287 54818.60041913 24.39 197.888223  61.825669 20.642 -100.00 -100.00 -100.00
  18     8.303 54828.51606887 15.03 197.872796  61.822396  6.148 -100.00 -100.00 -100.00
  18     8.144 54828.51606946 13.49 197.877498  61.823796  3.738 -100.00 -100.00 -100.00
  18     7.874 54828.51607005 13.45 197.882202  61.825196  3.983 -100.00 -100.00 -100.00
  18     6.200 54828.51607064 16.85 197.886906  61.826596  8.423 -100.00 -100.00 -100.00
  19     7.397 54838.43170808 12.76 197.874913  61.824099  3.844 -100.00 -100.00 -100.00
  19     6.959 54838.43170867 12.83 197.879616  61.825499  4.366 -100.00 -100.00 -100.00
  19     6.986 54838.43170926 12.58 197.884320  61.826899  4.005 -100.00 -100.00 -100.00
  20     5.650 54848.34735739 25.44 197.874377  61.825496 25.707  254.50  256.50  257.89
  20     5.570 54848.34735798 27.46 197.879081  61.826896 31.689  254.50  256.50  257.89
  20     5.665 54848.34735857 28.44 197.883785  61.828296   -100  254.50  256.50  257.89
  21     8.140 54858.26300624 10.83 197.873970  61.826914  3.796  229.13  225.25  213.98
  21     7.907 54858.26300683 10.33 197.878674  61.828314  3.297  229.13  225.25  213.98
  21     7.714 54858.26300743 10.49 197.883379  61.829713  3.645  229.13  225.25  213.98
  22     6.990 54868.17865504 11.91 197.872328  61.827496  4.321  226.76  223.71  213.70
  22     7.231 54868.17865563 11.02 197.877033  61.828896  3.148  226.76  223.71  213.70
  22     7.024 54868.17865622 11.00 197.881737  61.830296  3.831  226.76  223.71  213.70
  23     6.975 54878.09430313 18.74 197.872689  61.827025  3.752  235.80  237.82  232.88
  23     7.887 54878.09430373 18.42 197.877394  61.828425  3.259  235.80  237.82  232.88
  23     7.920 54878.09430432 17.91 197.882098  61.829825  2.968  235.80  237.82  232.88
  24     8.021 54888.00994780 13.13 197.871698  61.824675  3.633 -100.00 -100.00 -100.00
  24     7.999 54888.00994839 13.19 197.876402  61.826075  3.497 -100.00 -100.00 -100.00
  24     7.406 54888.00994898 13.54 197.881107  61.827475  4.400 -100.00 -100.00 -100.00
  24     8.908 54888.00994957 13.20 197.885812  61.828875  4.469 -100.00 -100.00 -100.00
  25    10.001 54897.92558985 13.29 197.876500  61.824128  3.501 -100.00 -100.00 -100.00
  25     9.939 54897.92559044 12.84 197.881204  61.825528  3.289 -100.00 -100.00 -100.00
  25     9.879 54897.92559103 12.34 197.885909  61.826928  2.976 -100.00 -100.00 -100.00
  26     9.965 54907.84122888 12.52 197.876957  61.823744  2.958 -100.00 -100.00 -100.00
  26     9.612 54907.84122947 12.25 197.881661  61.825144  2.861 -100.00 -100.00 -100.00
  26    10.480 54907.84123006 11.88 197.886366  61.826543  2.442 -100.00 -100.00 -100.00
  27    10.555 54917.75686638 12.00 197.874807  61.823549  2.571  199.29  194.77  187.14
  27     8.742 54917.75686697 11.90 197.879511  61.824949  2.896  199.29  194.77  187.14
  27    10.024 54917.75686757 11.62 197.884215  61.826348  3.048  199.29  194.77  187.14
  28     7.837 54927.67250378 13.18 197.873483  61.823276  4.453  208.58  209.82  202.26
  28     8.319 54927.67250437 13.11 197.878187  61.824676  4.240  208.58  209.82  202.26
  28     8.354 54927.67250496 13.59 197.882891  61.826076  5.486  208.58  209.82  202.26
  28     6.127 54927.67250555 15.09 197.887595  61.827475  7.595  208.58  209.82  202.26
  29     9.017 54937.58814057 13.31 197.873959  61.822199  3.643 -100.00 -100.00 -100.00
  29     8.695 54937.58814116 13.07 197.878662  61.823599  4.161 -100.00 -100.00 -100.00
  29    10.251 54937.58814175 12.36 197.883366  61.824999  2.906 -100.00 -100.00 -100.00
  29    10.192 54937.58814234 12.25 197.888070  61.826398  3.075 -100.00 -100.00 -100.00
  30     5.360 54947.50377558 29.97 197.875061  61.820449 14.803 -100.00 -100.00 -100.00
  30     5.347 54947.50377617 31.18 197.879763  61.821849 16.026 -100.00 -100.00 -100.00
  30     4.816 54947.50377676 33.42 197.884466  61.823249 21.273 -100.00 -100.00 -100.00
  30     4.573 54947.50377735 36.26 197.889170  61.824649   -100 -100.00 -100.00 -100.00
  31     9.432 54957.41941038 33.15 197.878670  61.819469 24.774 -100.00 -100.00 -100.00
  31     6.665 54957.41941097 34.72 197.883372  61.820869   -100 -100.00 -100.00 -100.00
  31     6.744 54957.41941156 37.05 197.888075  61.822269   -100 -100.00 -100.00 -100.00
  32    10.198 54967.33505915 42.44 197.880312  61.820537   -100 -100.00 -100.00 -100.00
  32    10.158 54967.33505974 43.13 197.885015  61.821937  0.889 -100.00 -100.00 -100.00
  32    10.159 54967.33506033 41.12 197.889718  61.823337   -100 -100.00 -100.00 -100.00
  33    12.008 54977.25070668 30.72 197.878671  61.821595 10.423  204.14  208.04  213.62
  33    11.955 54977.25070727 30.18 197.883374  61.822995  8.211  204.14  208.04  213.62
  33    12.060 54977.25070786 30.50 197.888077  61.824394  8.520  204.14  208.04  213.62
  35    11.021 54997.08200183 29.71 197.874081  61.822726 18.743 -100.00 -100.00 -100.00
  35    10.593 54997.08200242 29.16 197.878784  61.824126 19.645 -100.00 -100.00 -100.00
  35    10.887 54997.08200301 25.78 197.883488  61.825526 10.122 -100.00 -100.00 -100.00
  35    10.769 54997.08200360 28.90 197.888192  61.826925 19.512 -100.00 -100.00 -100.00
  36    10.642 55006.99764793 28.99 197.873735  61.823106 18.101  246.79  247.60  249.11
  36    10.497 55006.99764852 26.20 197.878438  61.824506 12.944  246.79  247.60  249.11
  36    10.439 55006.99764911 25.84 197.883142  61.825906 12.819  246.79  247.60  249.11
  36    10.706 55006.99764970 29.59 197.887846  61.827306 19.223  246.79  247.60  249.11
  37    10.344 55016.91329168 49.04 197.871814  61.823183   -100 -100.00 -100.00 -100.00
  37    10.584 55016.91329227 49.27 197.876517  61.824583   -100 -100.00 -100.00 -100.00
  37    10.397 55016.91329286 49.78 197.881221  61.825983   -100 -100.00 -100.00 -100.00
  37    10.363 55016.91329345 38.82 197.885925  61.827383 27.927 -100.00 -100.00 -100.00
  38    10.255 55026.82893448 24.11 197.873591  61.824873 13.474 -100.00 -100.00 -100.00
  38     9.950 55026.82893507 21.20 197.878295  61.826273  7.372 -100.00 -100.00 -100.00
  38     9.670 55026.82893566 23.27 197.882999  61.827673 10.519 -100.00 -100.00 -100.00
  39    10.201 55036.74457614 27.67 197.870091  61.825212 21.772 -100.00 -100.00 -100.00
  39     9.763 55036.74457673 26.60 197.874795  61.826612 17.792 -100.00 -100.00 -100.00
  39     7.881 55036.74457732 29.54 197.879499  61.828012 29.739 -100.00 -100.00 -100.00
  39     8.072 55036.74457791 31.44 197.884203  61.829412   -100 -100.00 -100.00 -100.00
  40    10.038 55046.66021714 28.83 197.870499  61.825163 21.333 -100.00 -100.00 -100.00
  40     7.285 55046.66021773 29.23 197.875202  61.826563 26.832 -100.00 -100.00 -100.00
  40     7.249 55046.66021832 33.66 197.879906  61.827963   -100 -100.00 -100.00 -100.00
  40     7.756 55046.66021891 35.83 197.884610  61.829363   -100 -100.00 -100.00 -100.00
  41     9.846 55056.57585670 25.30 197.876421  61.824570 18.637 -100.00 -100.00 -100.00
  41     9.661 55056.57585729 24.97 197.881124  61.825970 15.528 -100.00 -100.00 -100.00
  41     6.868 55056.57585788 26.34 197.885827  61.827370 22.947 -100.00 -100.00 -100.00
  42     6.899 55066.49149318 44.17 197.877462  61.821500 14.544  251.62  252.45  253.53
  42     6.801 55066.49149377 42.40 197.882164  61.822900 25.071  251.62  252.45  253.53
  42     6.812 55066.49149436 37.92 197.886867  61.824300   -100  251.62  252.45  253.53
  43     9.766 55076.40714313 30.23 197.879631  61.821346   -100 -100.00 -100.00 -100.00
  43     9.284 55076.40714372 31.08 197.884334  61.822746   -100 -100.00 -100.00 -100.00
  43     6.842 55076.40714431 30.09 197.889037  61.824145   -100 -100.00 -100.00 -100.00
  44     7.817 55086.32279086 45.02 197.877769  61.822023 29.840 -100.00 -100.00 -100.00
  44     7.437 55086.32279145 49.46 197.882472  61.823422   -100 -100.00 -100.00 -100.00
  44     7.124 55086.32279204 49.35 197.887175  61.824822   -100 -100.00 -100.00 -100.00
  45     9.707 55096.23843685 29.13 197.873818  61.822921 22.962 -100.00 -100.00 -100.00
  45     7.151 55096.23843744 32.65 197.878521  61.824321   -100 -100.00 -100.00 -100.00
  45     7.177 55096.23843803 36.51 197.883224  61.825721   -100 -100.00 -100.00 -100.00
  45     7.447 55096.23843862 35.16 197.887928  61.827120   -100 -100.00 -100.00 -100.00
  46     7.297 55106.15408268 42.90 197.871739  61.823299 29.564 -100.00 -100.00 -100.00
  46     7.351 55106.15408327 46.14 197.876442  61.824699   -100 -100.00 -100.00 -100.00
  46     7.186 55106.15408386 49.37 197.881146  61.826099   -100 -100.00 -100.00 -100.00
  46     6.820 55106.15408445 53.42 197.885850  61.827498   -100 -100.00 -100.00 -100.00
  47     9.289 55116.06972888 30.23 197.876954  61.824111 23.821 -100.00 -100.00 -100.00
  47     6.513 55116.06972947 31.73 197.881658  61.825511 31.937 -100.00 -100.00 -100.00
  47     6.388 55116.06973006 35.59 197.886362  61.826910   -100 -100.00 -100.00 -100.00
  48     9.346 55125.98537160 31.34 197.874250  61.821479 26.497 -100.00 -100.00 -100.00
  48     9.003 55125.98537219 30.92 197.878953  61.822879 30.435 -100.00 -100.00 -100.00
  48     6.060 55125.98537278 35.35 197.883657  61.824279   -100 -100.00 -100.00 -100.00
  48     6.361 55125.98537337 36.10 197.888361  61.825679   -100 -100.00 -100.00 -100.00
  49     5.069 55135.90101235 38.60 197.875468  61.820592   -100 -100.00 -100.00 -100.00
  49     5.075 55135.90101294 41.94 197.880172  61.821992   -100 -100.00 -100.00 -100.00
  49     4.991 55135.90101353 45.25 197.884875  61.823392   -100 -100.00 -100.00 -100.00
  49     4.872 55135.90101412 38.93 197.889580  61.824792   -100 -100.00 -100.00 -100.00
  50     5.446 55145.81665090 28.52 197.875059  61.820536 16.261 -100.00 -100.00 -100.00
  50     5.582 55145.81665149 30.31 197.879762  61.821936 18.314 -100.00 -100.00 -100.00
  50     5.175 55145.81665208 30.18 197.884466  61.823336 21.872 -100.00 -100.00 -100.00
  50     5.180 55145.81665267 30.37 197.889171  61.824736 23.793 -100.00 -100.00 -100.00
  51     4.987 55155.73228917 23.37 197.877657  61.822632 10.417 -100.00 -100.00 -100.00
  51     4.982 55155.73228976 23.98 197.882360  61.824032 12.345 -100.00 -100.00 -100.00
  51     5.063 55155.73229035 23.81 197.887064  61.825432 11.348 -100.00 -100.00 -100.00
  52     4.860 55165.64792665 22.92 197.873196  61.822198 10.746 -100.00 -100.00 -100.00
  52     4.842 55165.64792724 23.26 197.877899  61.823599 11.038 -100.00 -100.00 -100.00
  52     4.728 55165.64792783 23.95 197.882603  61.824999 13.066 -100.00 -100.00 -100.00
  52     4.564 55165.64792842 27.08 197.887307  61.826399 22.598 -100.00 -100.00 -100.00
  53     5.525 55175.56356484 26.22 197.877228  61.823404  8.683 -100.00 -100.00 -100.00
  53     5.932 55175.56356543 27.15 197.881931  61.824804 10.900 -100.00 -100.00 -100.00
  53     5.630 55175.56356602 27.52 197.886635  61.826204 11.856 -100.00 -100.00 -100.00
  54     4.874 55185.47920572 23.93 197.876867  61.822468  7.171 -100.00 -100.00 -100.00
  54     5.054 55185.47920631 23.17 197.881570  61.823868  6.727 -100.00 -100.00 -100.00
  54     5.726 55185.47920690 24.23 197.886273  61.825268  8.652 -100.00 -100.00 -100.00
  55     5.344 55195.39485692 27.71 197.877153  61.823584 11.761 -100.00 -100.00 -100.00
  55     4.967 55195.39485751 27.97 197.881857  61.824984 10.403 -100.00 -100.00 -100.00
  55     5.177 55195.39485810 28.61 197.886560  61.826384 13.649 -100.00 -100.00 -100.00
  56     4.960 55205.31050653 23.70 197.873416  61.824660  6.559 -100.00 -100.00 -100.00
  56     4.804 55205.31050712 24.25 197.878120  61.826060  7.604 -100.00 -100.00 -100.00
  56     5.970 55205.31050771 23.75 197.882823  61.827459  7.450 -100.00 -100.00 -100.00
  57     5.505 55215.22615589 22.19 197.872369  61.826622  5.576  243.79  240.33  233.48
  57     5.085 55215.22615648 22.46 197.877073  61.828022  6.149  243.79  240.33  233.48
  57     5.813 55215.22615707 22.99 197.881777  61.829422  6.313  243.79  240.33  233.48
  58     4.385 55225.14180431 21.64 197.869205  61.826324  6.009 -100.00 -100.00 -100.00
  58     6.290 55225.14180490 21.18 197.873909  61.827724  5.489 -100.00 -100.00 -100.00
  58     5.740 55225.14180549 21.05 197.878614  61.829124  5.793 -100.00 -100.00 -100.00
  58     5.539 55225.14180608 21.37 197.883318  61.830524  6.268 -100.00 -100.00 -100.00
  59     4.400 55235.05745111 19.87 197.871481  61.825133  5.484 -100.00 -100.00 -100.00
  59     4.597 55235.05745170 19.09 197.876185  61.826533  4.461 -100.00 -100.00 -100.00
  59     5.544 55235.05745229 19.38 197.880890  61.827933  5.048 -100.00 -100.00 -100.00
  59     6.041 55235.05745288 18.82 197.885594  61.829333  4.496 -100.00 -100.00 -100.00
  60     4.219 55244.97309468 19.72 197.875767  61.823087  6.716 -100.00 -100.00 -100.00
  60     3.746 55244.97309527 20.82 197.880471  61.824487  8.090 -100.00 -100.00 -100.00
  60     5.000 55244.97309586 19.57 197.885176  61.825887  5.624 -100.00 -100.00 -100.00
  61     5.427 55254.88873493 24.16 197.875601  61.821057 10.173  235.77  227.73  212.26
  61     6.164 55254.88873552 23.01 197.880305  61.822457  7.476  235.77  227.73  212.26
  61     5.388 55254.88873611 24.92 197.885009  61.823857 11.162  235.77  227.73  212.26
  61     6.195 55254.88873670 24.74 197.889714  61.825257  8.697  235.77  227.73  212.26
  62     3.700 55264.80437401 24.24 197.877427  61.822467 12.137  239.26  232.58  218.76
  62     5.618 55264.80437460 23.82 197.882131  61.823867 11.939  239.26  232.58  218.76
  62     5.745 55264.80437520 23.35 197.886836  61.825266 10.974  239.26  232.58  218.76
  63     5.094 55274.72001172 21.30 197.874586  61.823765 11.999 -100.00 -100.00 -100.00
  63     5.741 55274.72001231 19.98 197.879290  61.825165  9.315 -100.00 -100.00 -100.00
  63     5.805 55274.72001290 20.18 197.883994  61.826565  9.436 -100.00 -100.00 -100.00
  64     5.724 55284.63564867 19.56 197.872822  61.823641  7.835  241.01  233.81  218.54
  64     5.832 55284.63564926 19.77 197.877525  61.825041  8.710  241.01  233.81  218.54
  64     5.869 55284.63564985 20.58 197.882229  61.826441 10.216  241.01  233.81  218.54
  64     6.046 55284.63565044 20.66 197.886934  61.827840 10.411  241.01  233.81  218.54
  65     5.366 55294.55128429 21.28 197.876346  61.822259  9.229 -100.00 -100.00 -100.00
  65     3.414 55294.55128488 22.64 197.881049  61.823659 12.079 -100.00 -100.00 -100.00
  65     3.387 55294.55128547 23.61 197.885752  61.825059 15.995 -100.00 -100.00 -100.00
  66     5.331 55304.46692241 36.14 197.880449  61.820343   -100 -100.00 -100.00 -100.00
  66     3.521 55304.46692300 37.06 197.885152  61.821743   -100 -100.00 -100.00 -100.00
  66     5.232 55304.46692359 39.13 197.889855  61.823143   -100 -100.00 -100.00 -100.00
  67     9.046 55314.38256970 23.99 197.881318  61.819905 11.030 -100.00 -100.00 -100.00
  67     6.887 55314.38257029 27.24 197.886020  61.821305 17.210 -100.00 -100.00 -100.00
  67     7.058 55314.38257088 28.88 197.890723  61.822705 21.519 -100.00 -100.00 -100.00
  68     4.815 55324.29821514 41.26 197.879685  61.821086   -100  245.18  245.04  247.10
  68     5.077 55324.29821574 43.88 197.884388  61.822486   -100  245.18  245.04  247.10
  68     5.635 55324.29821633 43.43 197.889091  61.823885   -100  245.18  245.04  247.10
  69    12.640 55334.21385910 38.01 197.875020  61.822352   -100  248.83  250.17  253.09
  69    12.528 55334.21385969 42.48 197.879723  61.823752   -100  248.83  250.17  253.09
  69    12.564 55334.21386028 44.69 197.884426  61.825151  5.515  248.83  250.17  253.09
  69    12.640 55334.21386087 46.56 197.889130  61.826551 12.934  248.83  250.17  253.09
  70     9.204 55344.12950327 42.79 197.874465  61.824015   -100 -100.00 -100.00 -100.00
  70     8.996 55344.12950386 47.24 197.879168  61.825415   -100 -100.00 -100.00 -100.00
  70     8.737 55344.12950445 51.62 197.883872  61.826815 28.361 -100.00 -100.00 -100.00
  71    10.342 55354.04514676 24.63 197.875053  61.824114  7.977 -100.00 -100.00 -100.00
  71    10.104 55354.04514735 24.70 197.879757  61.825514  8.458 -100.00 -100.00 -100.00
  71    10.417 55354.04514794 22.96 197.884460  61.826914  4.515 -100.00 -100.00 -100.00
  72    10.098 55363.96078813 26.21 197.876319  61.823735 14.871 -100.00 -100.00 -100.00
  72    10.004 55363.96078872 24.61 197.881023  61.825135 12.187 -100.00 -100.00 -100.00
  72    10.296 55363.96078931 24.14 197.885726  61.826535 10.187 -100.00 -100.00 -100.00
  73     9.527 55373.87642764 28.60 197.876310  61.823457 23.631 -100.00 -100.00 -100.00
  73     9.675 55373.87642823 24.51 197.881014  61.824857 10.581 -100.00 -100.00 -100.00
  73     7.817 55373.87642882 34.05 197.885717  61.826257   -100 -100.00 -100.00 -100.00
  74     9.686 55383.79206589 21.45 197.875585  61.823967  9.691 -100.00 -100.00 -100.00
  74     9.653 55383.79206648 22.07 197.880288  61.825367 11.079 -100.00 -100.00 -100.00
  74     9.120 55383.79206707 22.27 197.884992  61.826767 10.635 -100.00 -100.00 -100.00
  75     8.364 55393.70770312 44.70 197.873552  61.824112   -100 -100.00 -100.00 -100.00
  75     8.333 55393.70770371 33.84 197.878255  61.825513   -100 -100.00 -100.00 -100.00
  75     8.255 55393.70770430 26.09 197.882959  61.826913 23.000 -100.00 -100.00 -100.00
  76     8.950 55403.62334005 46.29 197.873642  61.823586   -100 -100.00 -100.00 -100.00
  76     8.871 55403.62334064 43.19 197.878344  61.824987 11.562 -100.00 -100.00 -100.00
  76     8.655 55403.62334123 33.47 197.883047  61.826387   -100 -100.00 -100.00 -100.00
  76     8.557 55403.62334182 36.44 197.887751  61.827787   -100 -100.00 -100.00 -100.00
  77     9.218 55413.53899195 47.50 197.876171  61.823142   -100 -100.00 -100.00 -100.00
  77     8.945 55413.53899254 50.62 197.880873  61.824542 18.542 -100.00 -100.00 -100.00
  77     8.919 55413.53899313 52.38 197.885576  61.825942   -100 -100.00 -100.00 -100.00
  78     9.645 55423.45464051 30.70 197.876249  61.820951   -100 -100.00 -100.00 -100.00
  78     9.298 55423.45464110 27.24 197.880951  61.822351 31.059 -100.00 -100.00 -100.00
  78     9.140 55423.45464169 25.72 197.885654  61.823750 25.035 -100.00 -100.00 -100.00
  78     9.083 55423.45464228 19.47 197.890357  61.825150  8.655 -100.00 -100.00 -100.00
  79     9.312 55433.37028703 28.99 197.879764  61.820574 21.538  251.01  252.62  252.25
  79     9.238 55433.37028762 27.46 197.884467  61.821974 15.703  251.01  252.62  252.25
  79     9.484 55433.37028821 25.32 197.889170  61.823373 10.786  251.01  252.62  252.25
  80     9.645 55443.28593145 29.06 197.877150  61.821144 22.081 -100.00 -100.00 -100.00
  80     9.185 55443.28593204 24.46 197.881853  61.822543 12.899 -100.00 -100.00 -100.00
  80     9.087 55443.28593263 23.14 197.886556  61.823943  9.921 -100.00 -100.00 -100.00
  81     9.405 55453.20157464 32.17 197.874331  61.822688 20.497  246.75  247.57  248.99
  81     9.148 55453.20157523 28.30 197.879034  61.824087 16.000  246.75  247.57  248.99
  81     8.825 55453.20157582 25.48 197.883738  61.825487  8.799  246.75  247.57  248.99
  81     8.648 55453.20157641 26.52 197.888441  61.826887 12.673  246.75  247.57  248.99
  82     9.281 55463.11721729 29.41 197.874270  61.824141 27.621 -100.00 -100.00 -100.00
  82     9.135 55463.11721788 25.80 197.878973  61.825541 17.655 -100.00 -100.00 -100.00
  82     8.971 55463.11721847 24.14 197.883677  61.826941 15.550 -100.00 -100.00 -100.00
  83     9.216 55473.03285773 31.90 197.875902  61.823136   -100 -100.00 -100.00 -100.00
  83     9.184 55473.03285832 25.44 197.880605  61.824536 15.422 -100.00 -100.00 -100.00
  83     8.783 55473.03285891 27.08 197.885309  61.825936 24.492 -100.00 -100.00 -100.00
  84     9.259 55482.94849497 32.97 197.876216  61.820275   -100  251.17  251.56  254.03
  84     9.305 55482.94849556 25.87 197.880919  61.821675 16.916  251.17  251.56  254.03
  84     8.806 55482.94849615 23.63 197.885623  61.823075 13.934  251.17  251.56  254.03
  84     5.894 55482.94849674 26.39 197.890327  61.824475 20.036  251.17  251.56  254.03
  85     5.345 55492.86413042 40.25 197.879034  61.818850 20.243  255.85  255.20  257.41
  85     5.544 55492.86413101 43.34 197.883737  61.820250 21.028  255.85  255.20  257.41
  85     4.537 55492.86413160 49.76 197.888441  61.821650   -100  255.85  255.20  257.41
  85     5.576 55492.86413219 37.06 197.893145  61.823050   -100  255.85  255.20  257.41
  86     4.684 55502.77976425 40.15 197.879136  61.819250 22.434 -100.00 -100.00 -100.00
  86     4.292 55502.77976484 46.44 197.883839  61.820651   -100 -100.00 -100.00 -100.00
  86     3.974 55502.77976543 42.42 197.888542  61.822051   -100 -100.00 -100.00 -100.00
  87     4.977 55512.69541060 38.17 197.876735  61.821684 29.526 -100.00 -100.00 -100.00
  87     4.681 55512.69541119 40.07 197.881439  61.823084   -100 -100.00 -100.00 -100.00
  87     4.547 55512.69541178 37.06 197.886142  61.824484   -100 -100.00 -100.00 -100.00
  88     4.450 55522.61106002 45.63 197.873542  61.823560   -100 -100.00 -100.00 -100.00
  88     4.296 55522.61106061 46.48 197.878245  61.824960   -100 -100.00 -100.00 -100.00
  88     4.382 55522.61106120 44.76 197.882949  61.826360   -100 -100.00 -100.00 -100.00
  88     4.081 55522.61106179 43.74 197.887653  61.827760   -100 -100.00 -100.00 -100.00
  89     4.466 55532.52670813 34.43 197.873350  61.824433   -100 -100.00 -100.00 -100.00
  89     4.725 55532.52670873 34.27 197.878054  61.825833 29.840 -100.00 -100.00 -100.00
  89     4.488 55532.52670932 36.41 197.882758  61.827233   -100 -100.00 -100.00 -100.00
  90     4.543 55542.44235454 31.14 197.874017  61.824034 29.608  250.75  248.08  244.97
  90     4.342 55542.44235513 32.37 197.878721  61.825434   -100  250.75  248.08  244.97
  90     4.438 55542.44235572 34.54 197.883424  61.826834   -100  250.75  248.08  244.97
  91     3.844 55552.35799899 26.11 197.874791  61.823926 20.786 -100.00 -100.00 -100.00
  91     4.045 55552.35799958 25.09 197.879494  61.825326 18.038 -100.00 -100.00 -100.00
  91     3.828 55552.35800017 28.85 197.884198  61.826725 32.082 -100.00 -100.00 -100.00
  92     4.148 55562.27364181 19.67 197.871344  61.823901  8.361 -100.00 -100.00 -100.00
  92     4.157 55562.27364240 20.81 197.876047  61.825302  9.995 -100.00 -100.00 -100.00
  92     3.952 55562.27364299 23.51 197.880751  61.826701 16.797 -100.00 -100.00 -100.00
  92     4.092 55562.27364358 21.19 197.885455  61.828101 10.736 -100.00 -100.00 -100.00
  93     4.126 55572.18928466 22.08 197.873189  61.825530 16.226 -100.00 -100.00 -100.00
  93     4.219 55572.18928525 21.55 197.877893  61.826931 15.945 -100.00 -100.00 -100.00
  93     4.332 55572.18928584 25.53 197.882597  61.828330 27.100 -100.00 -100.00 -100.00
  94     4.694 55582.10492585 16.05 197.872675  61.825002  6.028  230.05  223.72  208.52
  94     4.370 55582.10492644 16.03 197.877378  61.826402  6.416  230.05  223.72  208.52
  94     4.234 55582.10492703 19.88 197.882083  61.827802 13.475  230.05  223.72  208.52
  95     4.028 55592.02056359 27.22 197.872763  61.822460 26.855 -100.00 -100.00 -100.00
  95     4.243 55592.02056418 29.65 197.877466  61.823860 31.299 -100.00 -100.00 -100.00
  95     4.083 55592.02056477 31.39 197.882170  61.825260   -100 -100.00 -100.00 -100.00
  95     3.942 55592.02056536 33.58 197.886875  61.826660   -100 -100.00 -100.00 -100.00
  96     4.137 55601.93619845 15.13 197.877088  61.820218  5.167 -100.00 -100.00 -100.00
  96     3.814 55601.93619904 18.11 197.881791  61.821619 10.347 -100.00 -100.00 -100.00
  96     3.746 55601.93619963 19.04 197.886495  61.823019 11.331 -100.00 -100.00 -100.00
  96     3.534 55601.93620022 22.34 197.891199  61.824419 20.165 -100.00 -100.00 -100.00
  97     3.539 55611.85183109 17.23 197.880083  61.818851  9.689 -100.00 -100.00 -100.00
  97     3.356 55611.85183168 19.27 197.884786  61.820251 12.802 -100.00 -100.00 -100.00
  97     3.465 55611.85183227 22.75 197.889490  61.821651 21.963 -100.00 -100.00 -100.00
  98     3.839 55621.76746444 16.18 197.878627  61.818657  7.695 -100.00 -100.00 -100.00
  98     3.251 55621.76746503 22.68 197.883330  61.820057 20.893 -100.00 -100.00 -100.00
  98     3.352 55621.76746562 17.94 197.888033  61.821457 10.593 -100.00 -100.00 -100.00
  98     3.417 55621.76746621 19.54 197.892737  61.822857 13.445 -100.00 -100.00 -100.00
  99     5.850 55631.68311740 15.06 197.877115  61.821487  4.503 -100.00 -100.00 -100.00
  99     5.126 55631.68311799 14.71 197.881818  61.822887  4.177 -100.00 -100.00 -100.00
  99     5.456 55631.68311858 14.88 197.886521  61.824287  5.107 -100.00 -100.00 -100.00
 100     5.541 55641.59876792 12.51 197.874939  61.822491  4.812 -100.00 -100.00 -100.00
 100     3.463 55641.59876851 20.90 197.879642  61.823891 20.723 -100.00 -100.00 -100.00
 100     3.507 55641.59876910 15.61 197.884345  61.825291  9.205 -100.00 -100.00 -100.00
 100     3.316 55641.59876969 17.71 197.889049  61.826691 14.047 -100.00 -100.00 -100.00
 101     4.731 55651.51441598 15.64 197.877329  61.822538  6.760 -100.00 -100.00 -100.00
 101     3.109 55651.51441657 24.29 197.882032  61.823938 26.631 -100.00 -100.00 -100.00
 101     3.121 55651.51441716 21.09 197.886735  61.825338 16.818 -100.00 -100.00 -100.00
 102     5.752 55661.43006005 13.92 197.879913  61.821211  4.905  215.64  203.34  188.33
 102     5.151 55661.43006064 13.75 197.884616  61.822611  4.661  215.64  203.34  188.33
 102     4.806 55661.43006123 14.40 197.889320  61.824011  5.546  215.64  203.34  188.33
 103     3.229 55671.34570039 19.32 197.876761  61.819457 14.536 -100.00 -100.00 -100.00
 103     3.324 55671.34570098 20.50 197.881463  61.820857 16.975 -100.00 -100.00 -100.00
 103     3.668 55671.34570157 22.20 197.886166  61.822257 20.069 -100.00 -100.00 -100.00
 103     3.340 55671.34570216 26.26 197.890869  61.823657   -100 -100.00 -100.00 -100.00
 104     9.010 55681.26133961 36.42 197.875219  61.820020   -100  257.36  257.21  258.21
 104     8.974 55681.26134020 31.65 197.879922  61.821420 15.908  257.36  257.21  258.21
 104     3.326 55681.26134079 38.63 197.884625  61.822820   -100  257.36  257.21  258.21
 104     5.655 55681.26134138 39.59 197.889328  61.824220   -100  257.36  257.21  258.21
 105     8.662 55691.17697770 30.15 197.877303  61.822520 19.712  248.55  247.53  250.25
 105     8.444 55691.17697829 30.97 197.882006  61.823920 21.267  248.55  247.53  250.25
 105     4.856 55691.17697888 33.46 197.886709  61.825320 29.424  248.55  247.53  250.25
 106     9.018 55701.09261348 42.63 197.874600  61.822758   -100  252.25  254.06  255.08
 106     9.157 55701.09261407 46.67 197.879302  61.824159   -100  252.25  254.06  255.08
 106     9.494 55701.09261466 46.46 197.884006  61.825559 29.767  252.25  254.06  255.08
 106     8.968 55701.09261525 50.60 197.888709  61.826959  4.150  252.25  254.06  255.08
 107     9.118 55711.00825418 30.80 197.873177  61.822420 28.743 -100.00 -100.00 -100.00
 107     9.252 55711.00825477 26.93 197.877880  61.823821 16.285 -100.00 -100.00 -100.00
 107     9.413 55711.00825536 25.53 197.882583  61.825221 10.869 -100.00 -100.00 -100.00
 107     9.625 55711.00825595 24.39 197.887287  61.826621  9.796 -100.00 -100.00 -100.00
 108    11.207 55720.92390410 43.79 197.872839  61.822533  3.742 -100.00 -100.00 -100.00
 108    11.264 55720.92390469 46.17 197.877542  61.823934 10.780 -100.00 -100.00 -100.00
 108    11.307 55720.92390528 48.64 197.882245  61.825334  8.572 -100.00 -100.00 -100.00
 108    11.611 55720.92390587 47.60 197.886949  61.826734   -100 -100.00 -100.00 -100.00
 109    10.831 55730.83955193 46.42 197.872880  61.823009 28.324  255.61  257.08  257.86
 109    10.534 55730.83955252 48.66 197.877583  61.824410   -100  255.61  257.08  257.86
 109    10.349 55730.83955311 53.52 197.882287  61.825810  7.993  255.61  257.08  257.86
 109    10.388 55730.83955370 50.65 197.886991  61.827209   -100  255.61  257.08  257.86
 110    10.154 55740.75519860 22.34 197.874320  61.824018 10.521 -100.00 -100.00 -100.00
 110     9.878 55740.75519919 22.34 197.879023  61.825418 11.508 -100.00 -100.00 -100.00
 110     9.425 55740.75519979 21.66 197.883727  61.826818  9.940 -100.00 -100.00 -100.00
 111     9.885 55750.67084389 24.61 197.874932  61.824656 16.672  253.19  254.64  256.01
 111     9.731 55750.67084448 22.17 197.879636  61.826056 11.287  253.19  254.64  256.01
 111     9.699 55750.67084507 24.18 197.884339  61.827456 14.914  253.19  254.64  256.01
 112     9.918 55760.58648636 30.11 197.873159  61.823472   -100 -100.00 -100.00 -100.00
 112    10.003 55760.58648695 23.34 197.877862  61.824872 15.515 -100.00 -100.00 -100.00
 112     9.572 55760.58648754 20.60 197.882565  61.826272  9.978 -100.00 -100.00 -100.00
 112     9.816 55760.58648813 19.30 197.887269  61.827672  8.008 -100.00 -100.00 -100.00
 113     9.962 55770.50212618 34.93 197.873764  61.821998   -100 -100.00 -100.00 -100.00
 113     9.693 55770.50212677 28.43 197.878467  61.823398 22.905 -100.00 -100.00 -100.00
 113     9.327 55770.50212736 33.95 197.883169  61.824798   -100 -100.00 -100.00 -100.00
 113     9.997 55770.50212795 38.27 197.887873  61.826198 29.907 -100.00 -100.00 -100.00
 114     9.870 55780.41776297 32.80 197.877926  61.820872   -100 -100.00 -100.00 -100.00
 114     9.808 55780.41776356 27.97 197.882628  61.822272 29.538 -100.00 -100.00 -100.00
 114     9.710 55780.41776415 20.85 197.887331  61.823672  8.976 -100.00 -100.00 -100.00
 115     9.900 55790.33339702 27.93 197.879548  61.819713 18.922 -100.00 -100.00 -100.00
 115     9.668 55790.33339761 25.87 197.884251  61.821113 13.838 -100.00 -100.00 -100.00
 115     9.692 55790.33339820 26.90 197.888953  61.822513 13.241 -100.00 -100.00 -100.00
 116     9.894 55800.24902986 45.51 197.879093  61.819214 28.643 -100.00 -100.00 -100.00
 116     9.620 55800.24903045 48.71 197.883795  61.820615   -100 -100.00 -100.00 -100.00
 116     9.426 55800.24903104 53.61 197.888497  61.822014  5.480 -100.00 -100.00 -100.00
 117     9.833 55810.16467825 24.06 197.878111  61.820922 15.151 -100.00 -100.00 -100.00
 117     9.640 55810.16467884 23.17 197.882814  61.822322 12.610 -100.00 -100.00 -100.00
 117     9.421 55810.16467943 22.75 197.887517  61.823722 14.007 -100.00 -100.00 -100.00
 118     9.921 55820.08032739 26.64 197.877956  61.822285 16.401  252.33  253.96  255.16
 118     9.647 55820.08032798 22.68 197.882659  61.823685  9.074  252.33  253.96  255.16
 118     9.160 55820.08032857 24.11 197.887362  61.825085 13.755  252.33  253.96  255.16
 119     9.953 55829.99597171 26.18 197.877785  61.821706 18.286 -100.00 -100.00 -100.00
 119     9.579 55829.99597230 27.55 197.882488  61.823106 23.786 -100.00 -100.00 -100.00
 119     9.116 55829.99597289 25.90 197.887192  61.824506 18.019 -100.00 -100.00 -100.00
 120     9.903 55839.91161147 27.61 197.878639  61.820201 18.610 -100.00 -100.00 -100.00
 120     9.457 55839.91161206 29.15 197.883341  61.821602 24.811 -100.00 -100.00 -100.00
 120     7.578 55839.91161265 33.71 197.888045  61.823002   -100 -100.00 -100.00 -100.00
 121     6.959 55849.82724823 37.14 197.879729  61.819448   -100 -100.00 -100.00 -100.00
 121     6.993 55849.82724882 33.37 197.884432  61.820849   -100 -100.00 -100.00 -100.00
 121     6.885 55849.82724941 40.14 197.889135  61.822248 10.812 -100.00 -100.00 -100.00
 122     9.538 55859.74288283 28.62 197.878569  61.819794 25.987 -100.00 -100.00 -100.00
 122     5.907 55859.74288342 28.31 197.883271  61.821194 26.566 -100.00 -100.00 -100.00
 122     6.117 55859.74288401 31.95 197.887975  61.822594   -100 -100.00 -100.00 -100.00
 123     5.682 55869.65853267 37.15 197.874935  61.821670   -100 -100.00 -100.00 -100.00
 123     5.415 55869.65853326 39.68 197.879638  61.823070   -100 -100.00 -100.00 -100.00
 123     5.579 55869.65853385 39.70 197.884341  61.824470   -100 -100.00 -100.00 -100.00
 123     5.261 55869.65853445 37.18 197.889045  61.825870   -100 -100.00 -100.00 -100.00
 133     5.340 55968.81497467 16.18 197.874662  61.820521  5.320 -100.00 -100.00 -100.00
 133     4.913 55968.81497526 16.76 197.879365  61.821922  6.957 -100.00 -100.00 -100.00
 133     5.318 55968.81497585 17.48 197.884069  61.823322  7.918 -100.00 -100.00 -100.00
 133     5.274 55968.81497644 18.14 197.888774  61.824721  8.968 -100.00 -100.00 -100.00
 134     4.633 55978.73061149 16.67 197.877142  61.821744  6.285 -100.00 -100.00 -100.00
 134     4.926 55978.73061208 17.13 197.881846  61.823144  6.434 -100.00 -100.00 -100.00
 134     5.185 55978.73061267 16.54 197.886550  61.824544  6.254 -100.00 -100.00 -100.00
 135     4.089 55988.64624711 15.35 197.876583  61.821226  8.619  233.41  227.14  213.28
 135     4.114 55988.64624770 15.37 197.881286  61.822627  7.119  233.41  227.14  213.28
 135     3.634 55988.64624829 17.19 197.885990  61.824027 11.371  233.41  227.14  213.28
 136     4.833 55998.56188836 14.79 197.878304  61.821032  4.959 -100.00 -100.00 -100.00
 136     4.761 55998.56188895 14.31 197.883007  61.822432  5.143 -100.00 -100.00 -100.00
 136     5.258 55998.56188954 13.78 197.887710  61.823832  4.453 -100.00 -100.00 -100.00
 137     4.484 56008.47753899 12.85 197.875948  61.820208  4.499 -100.00 -100.00 -100.00
 137     4.473 56008.47753958 13.07 197.880650  61.821608  5.107 -100.00 -100.00 -100.00
 137     4.775 56008.47754017 13.30 197.885353  61.823008  4.897 -100.00 -100.00 -100.00
 137     4.086 56008.47754076 13.73 197.890056  61.824408  6.160 -100.00 -100.00 -100.00
 138     3.883 56018.39318571 17.11 197.875508  61.820126  8.565  237.29  231.51  216.76
 138     3.240 56018.39318630 20.17 197.880210  61.821526 13.106  237.29  231.51  216.76
 138     3.376 56018.39318689 20.13 197.884913  61.822926 15.300  237.29  231.51  216.76
 138     3.720 56018.39318748 21.08 197.889617  61.824326 17.720  237.29  231.51  216.76
 139     4.058 56028.30882960 19.56 197.874229  61.820887 15.334 -100.00 -100.00 -100.00
 139     4.384 56028.30883019 19.84 197.878932  61.822286 14.673 -100.00 -100.00 -100.00
 139     3.262 56028.30883078 25.61 197.883635  61.823686   -100 -100.00 -100.00 -100.00
 139     3.511 56028.30883137 26.50 197.888338  61.825086   -100 -100.00 -100.00 -100.00
 141    12.027 56048.14011281 24.16 197.876379  61.824043  7.282 -100.00 -100.00 -100.00
 141     5.573 56048.14011340 32.86 197.881082  61.825443   -100 -100.00 -100.00 -100.00
 141     5.845 56048.14011399 32.76 197.885786  61.826843 30.927 -100.00 -100.00 -100.00
 142     7.043 56058.05575038 35.77 197.875906  61.823937   -100  248.99  250.02  252.37
 142     6.885 56058.05575097 34.83 197.880610  61.825337   -100  248.99  250.02  252.37
 142     6.800 56058.05575156 38.24 197.885313  61.826737   -100  248.99  250.02  252.37
 143    13.107 56067.97138315 55.06 197.873425  61.821897   -100 -100.00 -100.00 -100.00
 143    13.159 56067.97138374 56.07 197.878128  61.823297   -100 -100.00 -100.00 -100.00
 143    13.173 56067.97138433 56.07 197.882831  61.824697   -100 -100.00 -100.00 -100.00
 143    13.196 56067.97138492 57.19 197.887534  61.826097   -100 -100.00 -100.00 -100.00
 144    10.307 56077.88703374 33.94 197.873035  61.822613   -100 -100.00 -100.00 -100.00
 144    10.282 56077.88703433 27.56 197.877738  61.824014 20.757 -100.00 -100.00 -100.00
 144    10.205 56077.88703492 26.53 197.882441  61.825414 13.790 -100.00 -100.00 -100.00
 144    10.440 56077.88703551 27.71 197.887145  61.826814 18.306 -100.00 -100.00 -100.00
 145    11.344 56087.80268243 30.11 197.872141  61.823521 20.153 -100.00 -100.00 -100.00
 145    11.008 56087.80268302 28.06 197.876844  61.824921 18.005 -100.00 -100.00 -100.00
 145    11.323 56087.80268361 32.57 197.881548  61.826321 31.110 -100.00 -100.00 -100.00
 145    11.183 56087.80268420 37.03 197.886252  61.827721   -100 -100.00 -100.00 -100.00
 146    11.052 56097.71832863 28.72 197.872114  61.824195 21.211 -100.00 -100.00 -100.00
 146    11.005 56097.71832922 28.46 197.876817  61.825595 19.816 -100.00 -100.00 -100.00
 146    11.049 56097.71832981 33.36 197.881520  61.826995   -100 -100.00 -100.00 -100.00
 146    11.091 56097.71833040 35.95 197.886225  61.828395   -100 -100.00 -100.00 -100.00
 147    10.753 56107.63397275 51.09 197.874720  61.824168 23.452 -100.00 -100.00 -100.00
 147    10.785 56107.63397334 51.95 197.879424  61.825568 15.600 -100.00 -100.00 -100.00
 147    10.821 56107.63397393 55.95 197.884127  61.826968 23.254 -100.00 -100.00 -100.00
 148     9.960 56117.54960186 35.87 197.873643  61.821671   -100 -100.00 -100.00 -100.00
 148    10.061 56117.54960245 26.45 197.878345  61.823071 21.545 -100.00 -100.00 -100.00
 148     9.893 56117.54960304 23.09 197.883048  61.824470 14.092 -100.00 -100.00 -100.00
 148    10.010 56117.54960363 22.16 197.887752  61.825870 10.539 -100.00 -100.00 -100.00
 149    10.041 56127.46523966 32.81 197.879070  61.820886   -100 -100.00 -100.00 -100.00
 149     9.972 56127.46524025 27.50 197.883772  61.822285 22.369 -100.00 -100.00 -100.00
 149     9.965 56127.46524084 24.34 197.888475  61.823685 13.345 -100.00 -100.00 -100.00
 150    10.155 56137.38087294 32.03 197.876804  61.818810   -100 -100.00 -100.00 -100.00
 150    10.194 56137.38087353 23.04 197.881505  61.820210 11.331 -100.00 -100.00 -100.00
 150     9.781 56137.38087412 25.42 197.886208  61.821610 15.886 -100.00 -100.00 -100.00
 150     9.922 56137.38087471 24.40 197.890910  61.823009 16.067 -100.00 -100.00 -100.00
 151    10.117 56147.29651860 33.81 197.876781  61.820275   -100 -100.00 -100.00 -100.00
 151     9.904 56147.29651919 26.50 197.881483  61.821675 14.134 -100.00 -100.00 -100.00
 151     9.369 56147.29651978 25.11 197.886185  61.823075 12.624 -100.00 -100.00 -100.00
 151     9.211 56147.29652037 25.19 197.890888  61.824474 14.690 -100.00 -100.00 -100.00
 152     9.476 56157.21216792 26.90 197.874496  61.821585 17.242 -100.00 -100.00 -100.00
 152     9.338 56157.21216851 26.41 197.879199  61.822985 18.558 -100.00 -100.00 -100.00
 152     9.616 56157.21216910 22.68 197.883901  61.824385  8.624 -100.00 -100.00 -100.00
 152     9.532 56157.21216969 21.76 197.888605  61.825785  8.256 -100.00 -100.00 -100.00
 153     9.944 56167.12781645 26.04 197.874367  61.822368 13.069 -100.00 -100.00 -100.00
 153     9.807 56167.12781704 23.75 197.879070  61.823768  8.034 -100.00 -100.00 -100.00
 153     9.745 56167.12781763 22.97 197.883773  61.825168  7.497 -100.00 -100.00 -100.00
 153    10.214 56167.12781822 23.03 197.888477  61.826567  8.024 -100.00 -100.00 -100.00
 154    10.149 56177.04346267 27.10 197.877415  61.822434 12.846 -100.00 -100.00 -100.00
 154     9.782 56177.04346326 23.51 197.882119  61.823834  8.162 -100.00 -100.00 -100.00
 154    10.037 56177.04346385 23.80 197.886822  61.825234  8.539 -100.00 -100.00 -100.00
 155    10.067 56186.95910366 27.39 197.877542  61.821069 17.269 -100.00 -100.00 -100.00
 155     9.668 56186.95910425 24.73 197.882245  61.822469 11.055 -100.00 -100.00 -100.00
 155     9.843 56186.95910484 23.03 197.886948  61.823869  7.840 -100.00 -100.00 -100.00
 156    10.056 56196.87474107 31.30 197.878019  61.820553 27.789 -100.00 -100.00 -100.00
 156     9.816 56196.87474166 26.41 197.882722  61.821953 11.447 -100.00 -100.00 -100.00
 156    10.015 56196.87474225 23.06 197.887425  61.823353  7.198 -100.00 -100.00 -100.00
 157    10.205 56206.79037519 25.07 197.875299  61.820593  9.302 -100.00 -100.00 -100.00
 157    10.067 56206.79037578 28.14 197.880002  61.821993 17.348 -100.00 -100.00 -100.00
 157     9.731 56206.79037637 24.79 197.884706  61.823393 12.269 -100.00 -100.00 -100.00
 157     9.784 56206.79037696 23.10 197.889409  61.824793  8.000 -100.00 -100.00 -100.00
 158     9.834 56216.70600807 33.78 197.874910  61.821831   -100 -100.00 -100.00 -100.00
 158     9.503 56216.70600866 28.52 197.879613  61.823231 18.982 -100.00 -100.00 -100.00
 158     9.602 56216.70600925 25.42 197.884316  61.824631 12.308 -100.00 -100.00 -100.00
 158     9.303 56216.70600984 23.57 197.889020  61.826031  8.544 -100.00 -100.00 -100.00
 159     7.042 56226.62164990 42.82 197.876382  61.823449   -100 -100.00 -100.00 -100.00
 159     7.287 56226.62165049 46.97 197.881085  61.824849   -100 -100.00 -100.00 -100.00
 159     6.732 56226.62165108 51.19 197.885788  61.826249 21.468 -100.00 -100.00 -100.00
 160     6.388 56236.53730456 38.72 197.874440  61.823406 29.213 -100.00 -100.00 -100.00
 160     6.096 56236.53730515 39.47 197.879143  61.824806   -100 -100.00 -100.00 -100.00
 160     6.569 56236.53730574 41.72 197.883846  61.826206 29.548 -100.00 -100.00 -100.00
 161     6.156 56246.45295563 25.97 197.875124  61.823400  7.784 -100.00 -100.00 -100.00
 161     6.092 56246.45295622 26.16 197.879827  61.824800  8.237 -100.00 -100.00 -100.00
 161     5.987 56246.45295681 26.37 197.884531  61.826200  8.189 -100.00 -100.00 -100.00
 162     6.262 56256.36860133 24.77 197.872989  61.822874  5.978 -100.00 -100.00 -100.00
 162     6.384 56256.36860192 25.73 197.877692  61.824274  7.519 -100.00 -100.00 -100.00
 162     6.245 56256.36860251 27.16 197.882395  61.825674 10.252 -100.00 -100.00 -100.00
 162     6.168 56256.36860310 27.06 197.887099  61.827074  8.744 -100.00 -100.00 -100.00
 163     6.531 56266.28424393 32.19 197.874253  61.824258 19.791 -100.00 -100.00 -100.00
 163     6.434 56266.28424452 32.63 197.878956  61.825658 25.029 -100.00 -100.00 -100.00
 163     6.193 56266.28424511 30.65 197.883660  61.827058 19.958 -100.00 -100.00 -100.00
 164     5.307 56276.19988435 31.10 197.871413  61.824101   -100 -100.00 -100.00 -100.00
 164     6.315 56276.19988494 29.68 197.876116  61.825502 29.784 -100.00 -100.00 -100.00
 164     6.171 56276.19988553 30.56 197.880820  61.826902   -100 -100.00 -100.00 -100.00
 164     6.318 56276.19988612 28.98 197.885524  61.828302 27.683 -100.00 -100.00 -100.00
 165     6.078 56286.11553141 16.60 197.874187  61.824433  4.905 -100.00 -100.00 -100.00
 165     5.877 56286.11553200 17.40 197.878890  61.825834  6.451 -100.00 -100.00 -100.00
 165     5.774 56286.11553259 17.99 197.883595  61.827233  7.977 -100.00 -100.00 -100.00
 166     5.732 56296.03118142 16.43 197.874545  61.822469  5.496 -100.00 -100.00 -100.00
 166     5.628 56296.03118201 17.15 197.879249  61.823870  6.980 -100.00 -100.00 -100.00
 166     5.519 56296.03118260 17.51 197.883953  61.825270  6.854 -100.00 -100.00 -100.00
 166     5.348 56296.03118319 22.51 197.888657  61.826669 16.648 -100.00 -100.00 -100.00
 167     5.665 56305.94682751 42.41 197.876320  61.820843   -100 -100.00 -100.00 -100.00
 167     5.588 56305.94682810 44.85 197.881023  61.822244   -100 -100.00 -100.00 -100.00
 167     5.292 56305.94682869 47.01 197.885727  61.823644  2.367 -100.00 -100.00 -100.00
 167     5.295 56305.94682928 42.70 197.890432  61.825043   -100 -100.00 -100.00 -100.00
 168     7.347 56315.86247052 20.25 197.878432  61.821262  7.606 -100.00 -100.00 -100.00
 168     5.414 56315.86247111 21.50 197.883135  61.822662  9.429 -100.00 -100.00 -100.00
 168     5.322 56315.86247170 21.26 197.887840  61.824062  8.145 -100.00 -100.00 -100.00
 169     6.873 56325.77811140 18.31 197.876605  61.822623  6.493 -100.00 -100.00 -100.00
 169     6.780 56325.77811199 18.28 197.881309  61.824023  6.727 -100.00 -100.00 -100.00
 169     5.404 56325.77811258 18.64 197.886013  61.825423  7.271 -100.00 -100.00 -100.00
 170     5.038 56335.69375151 15.66 197.876645  61.824187  5.648 -100.00 -100.00 -100.00
 170     6.193 56335.69375210 17.26 197.881348  61.825587  9.039 -100.00 -100.00 -100.00
 170     4.529 56335.69375269 21.27 197.886053  61.826986 14.999 -100.00 -100.00 -100.00
 171     7.059 56345.60939001 14.30 197.875419  61.823190  4.428  239.33  235.27  225.19
 171     6.901 56345.60939060 15.39 197.880122  61.824591  5.836  239.33  235.27  225.19
 171     6.159 56345.60939119 15.36 197.884826  61.825991  6.504  239.33  235.27  225.19
 172     6.024 56355.52502651 14.55 197.878922  61.821714  5.501  243.06  240.27  227.86
 172     4.994 56355.52502710 15.03 197.883625  61.823114  5.890  243.06  240.27  227.86
 172     6.313 56355.52502769 15.08 197.888328  61.824514  5.883  243.06  240.27  227.86
 173     6.214 56365.44067244 21.27 197.879757  61.820727 11.409 -100.00 -100.00 -100.00
 173     6.125 56365.44067303 22.39 197.884460  61.822127 14.635 -100.00 -100.00 -100.00
 173     6.474 56365.44067363 21.74 197.889163  61.823526 12.247 -100.00 -100.00 -100.00
 174     6.181 56375.35632105 15.04 197.877835  61.821167  5.766  229.76  221.77  206.85
 174     7.052 56375.35632164 14.92 197.882538  61.822567  5.879  229.76  221.77  206.85
 174     6.494 56375.35632223 15.67 197.887241  61.823967  6.221  229.76  221.77  206.85
 176     6.067 56395.18761077 16.75 197.873410  61.825274  6.358 -100.00 -100.00 -100.00
 176     6.492 56395.18761136 16.56 197.878114  61.826674  6.237 -100.00 -100.00 -100.00
 176     6.676 56395.18761195 16.42 197.882818  61.828074  6.017 -100.00 -100.00 -100.00
 177     8.415 56405.10325267 29.74 197.873644  61.825956 18.492 -100.00 -100.00 -100.00
 177     7.888 56405.10325326 32.23 197.878348  61.827356 28.258 -100.00 -100.00 -100.00
 177     6.706 56405.10325385 34.68 197.883052  61.828756   -100 -100.00 -100.00 -100.00
 178     8.895 56415.01889091 30.25 197.871684  61.824139 29.700 -100.00 -100.00 -100.00
 178     9.584 56415.01889150 23.99 197.876388  61.825540  9.478 -100.00 -100.00 -100.00
 178     9.871 56415.01889209 23.13 197.881091  61.826940  9.554 -100.00 -100.00 -100.00
 178    10.173 56415.01889268 24.00 197.885796  61.828340 10.025 -100.00 -100.00 -100.00
 179     9.284 56424.93452455 40.19 197.873164  61.821931   -100 -100.00 -100.00 -100.00
 179    12.079 56424.93452514 27.77 197.877867  61.823331  9.522 -100.00 -100.00 -100.00
 179    11.285 56424.93452573 28.12 197.882570  61.824731  8.909 -100.00 -100.00 -100.00
 179    11.294 56424.93452632 30.17 197.887274  61.826131 13.326 -100.00 -100.00 -100.00
 180    11.246 56434.85017229 29.80 197.876978  61.823028 13.220  246.54  248.47  250.15
 180    11.061 56434.85017288 29.87 197.881682  61.824428 10.949  246.54  248.47  250.15
 180    11.175 56434.85017347 31.20 197.886385  61.825828 12.732  246.54  248.47  250.15
 181    11.430 56444.76582423 46.35 197.875035  61.824243 16.582 -100.00 -100.00 -100.00
 181    11.396 56444.76582482 48.33 197.879739  61.825643 21.753 -100.00 -100.00 -100.00
 181    11.450 56444.76582541 48.32 197.884442  61.827043 22.039 -100.00 -100.00 -100.00
 182    11.769 56454.68147343 30.32 197.871220  61.824961 11.566 -100.00 -100.00 -100.00
 182    11.483 56454.68147402 29.78 197.875923  61.826361  8.910 -100.00 -100.00 -100.00
 182    11.624 56454.68147461 29.90 197.880627  61.827761  8.331 -100.00 -100.00 -100.00
 182    11.790 56454.68147520 35.86 197.885331  61.829161 24.873 -100.00 -100.00 -100.00
 183    11.964 56464.59712026 51.01 197.873740  61.825448   -100 -100.00 -100.00 -100.00
 183    12.022 56464.59712085 53.92 197.878443  61.826848   -100 -100.00 -100.00 -100.00
 183    11.946 56464.59712144 54.00 197.883147  61.828248  5.260 -100.00 -100.00 -100.00
 184    10.722 56474.51276314 27.03 197.875243  61.823462 17.809 -100.00 -100.00 -100.00
 184    10.523 56474.51276373 28.42 197.879947  61.824862 24.286 -100.00 -100.00 -100.00
 184    11.111 56474.51276432 27.33 197.884650  61.826262 18.479 -100.00 -100.00 -100.00
 185     9.748 56484.42840285 30.32 197.879158  61.821487 27.178 -100.00 -100.00 -100.00
 185     9.725 56484.42840344 28.45 197.883861  61.822887 19.017 -100.00 -100.00 -100.00
 185     9.581 56484.42840403 37.31 197.888564  61.824286   -100 -100.00 -100.00 -100.00
 187     8.932 56504.25967342 46.03 197.875538  61.820264   -100 -100.00 -100.00 -100.00
 187     8.955 56504.25967401 47.23 197.880240  61.821664   -100 -100.00 -100.00 -100.00
 187     8.976 56504.25967460 42.84 197.884943  61.823064 30.339 -100.00 -100.00 -100.00
 187     8.910 56504.25967519 48.93 197.889646  61.824464  2.504 -100.00 -100.00 -100.00
 188     9.828 56514.17530665 29.89 197.876293  61.821700 28.332 -100.00 -100.00 -100.00
 188     9.513 56514.17530724 26.06 197.880996  61.823100 18.450 -100.00 -100.00 -100.00
 188     9.615 56514.17530783 24.81 197.885698  61.824500 12.120 -100.00 -100.00 -100.00
 189     9.555 56524.09095799 31.18 197.875112  61.822483 17.539 -100.00 -100.00 -100.00
 189     8.293 56524.09095858 34.22 197.879815  61.823883 25.895 -100.00 -100.00 -100.00
 189     8.049 56524.09095917 41.06 197.884518  61.825283  1.410 -100.00 -100.00 -100.00
 190     9.472 56534.00660947 34.34 197.874474  61.821452   -100 -100.00 -100.00 -100.00
 190     9.626 56534.00661006 28.42 197.879176  61.822852 22.780 -100.00 -100.00 -100.00
 190     9.188 56534.00661065 28.38 197.883879  61.824252 25.558 -100.00 -100.00 -100.00
 190     8.179 56534.00661124 30.93 197.888583  61.825652   -100 -100.00 -100.00 -100.00
 192     9.467 56553.83790233 29.15 197.877710  61.821622 29.115 -100.00 -100.00 -100.00
 192     9.476 56553.83790292 29.99 197.882413  61.823022 26.215 -100.00 -100.00 -100.00
 192     8.529 56553.83790351 34.06 197.887117  61.824422   -100 -100.00 -100.00 -100.00
 193     9.558 56563.75354512 22.32 197.875949  61.823530 10.730 -100.00 -100.00 -100.00
 193     9.358 56563.75354571 22.72 197.880652  61.824930 12.792 -100.00 -100.00 -100.00
 193     8.634 56563.75354630 24.69 197.885357  61.826330 17.578 -100.00 -100.00 -100.00
 194     9.670 56573.66918631 22.68 197.871861  61.824872  9.417 -100.00 -100.00 -100.00
 194     9.271 56573.66918690 23.45 197.876565  61.826272 12.120 -100.00 -100.00 -100.00
 194     8.982 56573.66918749 21.82 197.881269  61.827672  8.652 -100.00 -100.00 -100.00
 194     9.140 56573.66918808 20.89 197.885973  61.829072  8.246 -100.00 -100.00 -100.00
 195     7.941 56583.58482526 45.89 197.871309  61.825273   -100 -100.00 -100.00 -100.00
 195     8.165 56583.58482585 46.12 197.876012  61.826674   -100 -100.00 -100.00 -100.00
 195     7.929 56583.58482644 52.38 197.880716  61.828074   -100 -100.00 -100.00 -100.00
 195     7.696 56583.58482703 55.35 197.885420  61.829474 30.792 -100.00 -100.00 -100.00
 196     9.460 56593.50045947 32.50 197.872087  61.823180   -100 -100.00 -100.00 -100.00
 196     9.511 56593.50046006 25.47 197.876790  61.824580 11.801 -100.00 -100.00 -100.00
 196     8.936 56593.50046065 27.78 197.881493  61.825981 18.675 -100.00 -100.00 -100.00
 196     8.575 56593.50046124 27.52 197.886196  61.827381 18.255 -100.00 -100.00 -100.00
 197     6.963 56603.41611232 42.14 197.874377  61.822956  1.438 -100.00 -100.00 -100.00
 197     6.942 56603.41611291 37.79 197.879080  61.824356   -100 -100.00 -100.00 -100.00
 197     7.066 56603.41611350 41.94 197.883783  61.825756   -100 -100.00 -100.00 -100.00
 197     6.968 56603.41611409 42.05 197.888487  61.827156   -100 -100.00 -100.00 -100.00
 198     6.399 56613.33176142 40.87 197.876500  61.823393 22.136 -100.00 -100.00 -100.00
 198     5.806 56613.33176201 48.32 197.881203  61.824793   -100 -100.00 -100.00 -100.00
 198     5.538 56613.33176260 48.73 197.885907  61.826193 23.049 -100.00 -100.00 -100.00
 199     4.909 56623.24740629 37.76 197.876238  61.824300   -100 -100.00 -100.00 -100.00
 199     5.799 56623.24740688 39.93 197.880942  61.825700 21.718 -100.00 -100.00 -100.00
 199     4.770 56623.24740747 40.94 197.885646  61.827100   -100 -100.00 -100.00 -100.00
 200     6.245 56633.16304781 43.85 197.871923  61.823808   -100  242.46  245.08  246.23
 200     6.207 56633.16304840 43.09 197.876627  61.825209 30.213  242.46  245.08  246.23
 200     6.267 56633.16304899 43.42 197.881330  61.826609 31.361  242.46  245.08  246.23
 200     6.176 56633.16304958 43.67 197.886035  61.828009   -100  242.46  245.08  246.23
 201     5.781 56643.07868521 37.06 197.872933  61.823172 31.994 -100.00 -100.00 -100.00
 201     6.244 56643.07868580 37.95 197.877637  61.824572 25.637 -100.00 -100.00 -100.00
 201     6.457 56643.07868639 40.03 197.882340  61.825972 23.938 -100.00 -100.00 -100.00
 201     5.839 56643.07868698 40.33 197.887045  61.827372   -100 -100.00 -100.00 -100.00
 202     5.619 56652.99433645 21.50 197.876045  61.822604  6.797 -100.00 -100.00 -100.00
 202     4.851 56652.99433705 24.45 197.880749  61.824005 10.315 -100.00 -100.00 -100.00
 202     4.772 56652.99433764 25.96 197.885453  61.825405 13.253 -100.00 -100.00 -100.00
 203     6.005 56662.90998555 26.81 197.875333  61.820748 23.820  240.43  240.46  230.91
 203     6.300 56662.90998614 27.77 197.880037  61.822148 23.032  240.43  240.46  230.91
 203     6.117 56662.90998673 24.54 197.884741  61.823548 17.143  240.43  240.46  230.91
 203     6.123 56662.90998732 23.11 197.889445  61.824948 12.913  240.43  240.46  230.91
 204     6.226 56672.82563223 28.93 197.877125  61.820940 21.491 -100.00 -100.00 -100.00
 204     5.931 56672.82563282 31.26 197.881829  61.822340 19.025 -100.00 -100.00 -100.00
 204     6.199 56672.82563341 35.29 197.886533  61.823740   -100 -100.00 -100.00 -100.00
 205     5.765 56682.74127694 38.56 197.873578  61.821833   -100  238.62  238.80  228.58
 205     6.009 56682.74127753 38.19 197.878281  61.823233   -100  238.62  238.80  228.58
 205     6.197 56682.74127813 38.11 197.882986  61.824633   -100  238.62  238.80  228.58
 205     6.745 56682.74127872 38.30 197.887690  61.826032 27.931  238.62  238.80  228.58
 206     5.309 56692.65692029 37.09 197.876309  61.824345   -100 -100.00 -100.00 -100.00
 206     5.399 56692.65692088 38.42 197.881012  61.825745   -100 -100.00 -100.00 -100.00
 206     5.091 56692.65692147 34.89 197.885717  61.827145 29.702 -100.00 -100.00 -100.00
 207     5.202 56702.57255892 26.28 197.875853  61.824159 14.112  230.66  226.53  220.24
 207     5.236 56702.57255951 28.53 197.880557  61.825559 18.479  230.66  226.53  220.24
 207     4.945 56702.57256010 32.09 197.885261  61.826959 32.336  230.66  226.53  220.24
 208     4.756 56712.48819238 32.25 197.876863  61.822065   -100  245.91  245.26  240.59
 208     4.953 56712.48819297 29.94 197.881565  61.823465 20.789  245.91  245.26  240.59
 208     4.661 56712.48819356 32.26 197.886269  61.824865   -100  245.91  245.26  240.59
 210     4.346 56732.31949004 28.20 197.875101  61.821984 16.580  241.11  237.54  232.54
 210     4.200 56732.31949063 33.14 197.879804  61.823384   -100  241.11  237.54  232.54
 210     4.193 56732.31949122 28.38 197.884507  61.824784 16.550  241.11  237.54  232.54
 210     3.829 56732.31949181 28.79 197.889211  61.826183 19.755  241.11  237.54  232.54
 211     3.907 56742.23513800 32.33 197.874983  61.824670   -100 -100.00 -100.00 -100.00
 211     4.000 56742.23513859 29.16 197.879686  61.826070 24.562 -100.00 -100.00 -100.00
 211     6.069 56742.23513918 26.75 197.884390  61.827470 16.168 -100.00 -100.00 -100.00
 212     3.997 56752.15078112 36.50 197.871158  61.825731   -100 -100.00 -100.00 -100.00
 212     3.956 56752.15078171 39.84 197.875862  61.827131   -100 -100.00 -100.00 -100.00
 212     3.959 56752.15078230 38.35 197.880566  61.828531   -100 -100.00 -100.00 -100.00
 212     6.771 56752.15078289 36.47 197.885270  61.829930 27.980 -100.00 -100.00 -100.00
 213     3.994 56762.06641963 43.98 197.874051  61.826584   -100 -100.00 -100.00 -100.00
 213     3.766 56762.06642022 47.82 197.878755  61.827984 15.361 -100.00 -100.00 -100.00
 213     3.557 56762.06642081 45.07 197.883459  61.829384   -100 -100.00 -100.00 -100.00
 214     4.652 56771.98205068 39.64 197.874409  61.824257   -100 -100.00 -100.00 -100.00
 214     4.888 56771.98205127 40.44 197.879112  61.825658   -100 -100.00 -100.00 -100.00
 214     4.886 56771.98205186 42.96 197.883816  61.827058 30.343 -100.00 -100.00 -100.00
 215     6.337 56781.89770752 37.12 197.874418  61.824013 27.918  250.98  250.69  253.81
 215     6.423 56781.89770811 39.84 197.879122  61.825414 28.638  250.98  250.69  253.81
 215     5.779 56781.89770870 44.29 197.883826  61.826814 19.120  250.98  250.69  253.81
 216     9.660 56791.81336214 49.04 197.875921  61.824748   -100  253.04  253.71  256.40
 216     9.712 56791.81336273 52.50 197.880624  61.826148   -100  253.04  253.71  256.40
 216     9.660 56791.81336332 54.10 197.885329  61.827548   -100  253.04  253.71  256.40
 217    10.478 56801.72901312 26.71 197.871405  61.824627 20.406 -100.00 -100.00 -100.00
 217    10.047 56801.72901371 26.25 197.876108  61.826027 24.381 -100.00 -100.00 -100.00
 217    10.021 56801.72901430 25.91 197.880813  61.827426 21.654 -100.00 -100.00 -100.00
 217    10.242 56801.72901489 20.71 197.885517  61.828826  8.811 -100.00 -100.00 -100.00
 218     9.890 56811.64465705 48.49 197.870057  61.824832   -100 -100.00 -100.00 -100.00
 218    10.188 56811.64465764 48.23 197.874761  61.826232   -100 -100.00 -100.00 -100.00
 218     9.893 56811.64465823 51.54 197.879464  61.827632   -100 -100.00 -100.00 -100.00
 218     9.851 56811.64465882 52.97 197.884169  61.829032   -100 -100.00 -100.00 -100.00
 219     9.547 56821.56029691 31.10 197.871448  61.824477  9.974  250.27  251.82  252.74
 219     9.376 56821.56029750 31.39 197.876151  61.825877 11.356  250.27  251.82  252.74
 219     9.359 56821.56029809 30.91 197.880855  61.827277 10.140  250.27  251.82  252.74
 219     9.619 56821.56029868 32.03 197.885559  61.828676 13.042  250.27  251.82  252.74
 221    10.225 56841.39156515 27.89 197.878500  61.821116 16.087 -100.00 -100.00 -100.00
 221     9.878 56841.39156574 27.65 197.883202  61.822516 15.781 -100.00 -100.00 -100.00
 221    10.125 56841.39156633 28.83 197.887905  61.823916 17.214 -100.00 -100.00 -100.00
 222    10.491 56851.30720212 46.55 197.877022  61.819645  7.059 -100.00 -100.00 -100.00
 222    10.495 56851.30720271 48.55 197.881724  61.821045 24.251 -100.00 -100.00 -100.00
 222    10.513 56851.30720330 51.62 197.886426  61.822445   -100 -100.00 -100.00 -100.00
 222    10.551 56851.30720389 42.94 197.891129  61.823845   -100 -100.00 -100.00 -100.00
 223    10.232 56861.22285698 31.03 197.878168  61.822293 16.184 -100.00 -100.00 -100.00
 223    10.047 56861.22285757 30.09 197.882871  61.823693 14.854 -100.00 -100.00 -100.00
 223     9.997 56861.22285816 29.96 197.887574  61.825093 14.030 -100.00 -100.00 -100.00
 224    10.393 56871.13851087 31.25 197.876494  61.824274 14.289 -100.00 -100.00 -100.00
 224    10.397 56871.13851146 28.10 197.881197  61.825674  7.076 -100.00 -100.00 -100.00
 224    10.450 56871.13851205 28.52 197.885901  61.827073  8.128 -100.00 -100.00 -100.00
 225     9.746 56881.05416167 23.94 197.874255  61.824642 12.108 -100.00 -100.00 -100.00
 225     9.702 56881.05416226 20.74 197.878958  61.826042  8.041 -100.00 -100.00 -100.00
 225     9.553 56881.05416285 21.49 197.883662  61.827442 10.053 -100.00 -100.00 -100.00
 226     9.145 56890.96980883 44.41 197.873751  61.824170  7.403 -100.00 -100.00 -100.00
 226     9.198 56890.96980942 40.08 197.878455  61.825570   -100 -100.00 -100.00 -100.00
 226     9.161 56890.96981001 46.60 197.883159  61.826970 19.843 -100.00 -100.00 -100.00
 227     9.292 56900.88545298 31.67 197.873061  61.823389   -100 -100.00 -100.00 -100.00
 227     8.992 56900.88545357 27.89 197.877765  61.824789 17.793 -100.00 -100.00 -100.00
 227     8.963 56900.88545416 33.74 197.882469  61.826189   -100 -100.00 -100.00 -100.00
 227     8.810 56900.88545475 36.56 197.887173  61.827589   -100 -100.00 -100.00 -100.00
 228     8.890 56910.80109564 37.94 197.875549  61.825073 12.614 -100.00 -100.00 -100.00
 228     8.947 56910.80109623 27.99 197.880253  61.826473 26.367 -100.00 -100.00 -100.00
 228     8.946 56910.80109682 26.16 197.884957  61.827872 18.465 -100.00 -100.00 -100.00
 229     8.822 56920.71673603 22.93 197.872971  61.825613 11.355 -100.00 -100.00 -100.00
 229     8.841 56920.71673662 24.19 197.877675  61.827013 15.950 -100.00 -100.00 -100.00
 229     9.042 56920.71673721 22.76 197.882379  61.828413 12.261 -100.00 -100.00 -100.00
 230     8.222 56930.63237461 47.25 197.873746  61.826627   -100 -100.00 -100.00 -100.00
 230     8.489 56930.63237520 49.08 197.878450  61.828027   -100 -100.00 -100.00 -100.00
 230     8.421 56930.63237579 53.44 197.883154  61.829426   -100 -100.00 -100.00 -100.00
 231     8.909 56940.54800797 35.87 197.874337  61.825702   -100 -100.00 -100.00 -100.00
 231     8.607 56940.54800857 29.78 197.879040  61.827102 13.905 -100.00 -100.00 -100.00
 231     8.306 56940.54800916 30.41 197.883744  61.828502 19.251 -100.00 -100.00 -100.00
 232     6.870 56950.46364665 39.17 197.873759  61.823915   -100 -100.00 -100.00 -100.00
 232     6.728 56950.46364724 40.98 197.878462  61.825315   -100 -100.00 -100.00 -100.00
 232     6.984 56950.46364783 43.90 197.883165  61.826715   -100 -100.00 -100.00 -100.00
 233     6.330 56960.37929852 39.82 197.874673  61.823856   -100 -100.00 -100.00 -100.00
 233     6.260 56960.37929911 43.14 197.879376  61.825256   -100 -100.00 -100.00 -100.00
 233     6.318 56960.37929970 45.38 197.884079  61.826656   -100 -100.00 -100.00 -100.00
 234     6.142 56970.29494506 38.73 197.872173  61.823183   -100 -100.00 -100.00 -100.00
 234     6.119 56970.29494565 40.97 197.876876  61.824583   -100 -100.00 -100.00 -100.00
 234     6.169 56970.29494624 41.99 197.881579  61.825983   -100 -100.00 -100.00 -100.00
 234     6.132 56970.29494683 44.01 197.886283  61.827383   -100 -100.00 -100.00 -100.00
 235     6.266 56980.21058846 42.63 197.875739  61.824231   -100 -100.00 -100.00 -100.00
 235     6.057 56980.21058905 45.04 197.880442  61.825631   -100 -100.00 -100.00 -100.00
 235     6.021 56980.21058964 43.98 197.885146  61.827031   -100 -100.00 -100.00 -100.00
 236     6.030 56990.12622656 37.91 197.872631  61.822685 32.573 -100.00 -100.00 -100.00
 236     6.211 56990.12622715 40.11 197.877334  61.824085   -100 -100.00 -100.00 -100.00
 236     6.018 56990.12622774 41.03 197.882037  61.825485   -100 -100.00 -100.00 -100.00
 236     5.908 56990.12622833 38.25 197.886741  61.826885   -100 -100.00 -100.00 -100.00
 237     6.550 57000.04185919 33.89 197.877562  61.822100 18.281 -100.00 -100.00 -100.00
 237     6.597 57000.04185978 32.79 197.882265  61.823500 14.222 -100.00 -100.00 -100.00
 237     6.320 57000.04186037 35.86 197.886968  61.824900 23.329 -100.00 -100.00 -100.00
 238     6.086 57009.95751370 36.37 197.878543  61.822345 32.055 -100.00 -100.00 -100.00
 238     6.370 57009.95751429 32.38 197.883246  61.823745 15.610 -100.00 -100.00 -100.00
 238     6.173 57009.95751488 33.10 197.887950  61.825145 17.109 -100.00 -100.00 -100.00
 239     6.040 57019.87316570 32.35 197.876352  61.821583   -100  257.16  257.71  256.78
 239     6.238 57019.87316629 31.50 197.881055  61.822983 27.809  257.16  257.71  256.78
 239     6.307 57019.87316688 31.90 197.885759  61.824383 26.235  257.16  257.71  256.78
 240     6.078 57029.78881497 26.63 197.876187  61.822227  6.334 -100.00 -100.00 -100.00
 240     6.194 57029.78881556 28.62 197.880891  61.823627 10.453 -100.00 -100.00 -100.00
 240     8.024 57029.78881615 27.76 197.885595  61.825027  8.646 -100.00 -100.00 -100.00
 241     6.085 57039.70446253 32.93 197.876249  61.823381 20.837 -100.00 -100.00 -100.00
 241     6.099 57039.70446312 32.80 197.880953  61.824781 21.266 -100.00 -100.00 -100.00
 241     6.175 57039.70446371 30.46 197.885657  61.826181 13.785 -100.00 -100.00 -100.00
