# NaN NaN NaN ;Mean Elev.(m), Avg Gradient(m/km), RMS Gradient(m/km)
   1     1.712 54663.93240126 32.50 195.558283  62.745090 28.600  232.09  245.64  244.45
   1     1.639 54663.93240185 32.23 195.563296  62.746363 28.599  232.09  245.64  244.45
   1     1.916 54663.93240244 31.62 195.568310  62.747635 24.306  232.09  245.64  244.45
   2     1.681 54673.84804651 28.54 195.560288  62.747185 21.267  229.62  238.92  238.96
   2     2.075 54673.84804710 28.45 195.565302  62.748458 19.795  229.62  238.92  238.96
   3   -72.367 54683.76368929  9.90 195.553574  62.747270  2.504 -100.00 -100.00 -100.00
   3   -74.426 54683.76368988  9.61 195.558587  62.748542  2.629 -100.00 -100.00 -100.00
   3   -75.787 54683.76369047  9.37 195.563601  62.749815  2.310 -100.00 -100.00 -100.00
   4     1.868 54693.67933168 29.64 195.556468  62.748422 32.653 -100.00 -100.00 -100.00
   4     2.024 54693.67933227 28.89 195.561482  62.749695 26.113 -100.00 -100.00 -100.00
   4     1.983 54693.67933286 36.02 195.566496  62.750967  0.628 -100.00 -100.00 -100.00
   5   -78.579 54703.59497103  8.21 195.556735  62.746777  2.481 -100.00 -100.00 -100.00
   5   -81.080 54703.59497162  8.08 195.561748  62.748050  2.996 -100.00 -100.00 -100.00
   5   -83.858 54703.59497221  8.12 195.566761  62.749322  3.422 -100.00 -100.00 -100.00
   6     1.261 54713.51062131 31.14 195.562274  62.745983 23.033 -100.00 -100.00 -100.00
   6     1.375 54713.51062190 33.92 195.567287  62.747256   -100 -100.00 -100.00 -100.00
   7     1.528 54723.42627175 26.21 195.561714  62.744361 10.113 -100.00 -100.00 -100.00
   7     1.183 54723.42627234 33.78 195.566727  62.745633   -100 -100.00 -100.00 -100.00
   7     1.331 54723.42627293 32.09 195.571740  62.746905 29.318 -100.00 -100.00 -100.00
   8     1.267 54733.34192025 32.34 195.562429  62.744970 24.693  212.71  223.21  226.49
   8     1.590 54733.34192084 33.14 195.567443  62.746242 31.601  212.71  223.21  226.49
   8     1.756 54733.34192143 32.42 195.572456  62.747513 26.139 -100.00 -100.00 -100.00
   9     1.168 54743.25756722 32.19 195.560453  62.746653 22.238  210.70  220.15  225.42
   9     1.253 54743.25756781 33.85 195.565467  62.747925 27.981  210.70  220.15  225.42
   9     1.295 54743.25756840 36.92 195.570481  62.749197   -100 -100.00 -100.00 -100.00
  10     0.964 54753.17321380 32.56 195.558028  62.747509 27.061 -100.00 -100.00 -100.00
  10     1.143 54753.17321439 34.18 195.563042  62.748781 28.556 -100.00 -100.00 -100.00
  10     1.288 54753.17321498 34.95 195.568056  62.750053 32.567 -100.00 -100.00 -100.00
  11     1.003 54763.08885993 37.36 195.557469  62.746862 26.054 -100.00 -100.00 -100.00
  11     0.959 54763.08886052 39.89 195.562483  62.748134 29.096 -100.00 -100.00 -100.00
  11     0.783 54763.08886111 41.87 195.567497  62.749406   -100 -100.00 -100.00 -100.00
  12     0.840 54773.00450346 30.98 195.558262  62.744741 18.533  247.14  252.28  254.59
  12     0.704 54773.00450405 35.10 195.563276  62.746013   -100  247.14  252.28  254.59
  12     0.938 54773.00450464 34.42 195.568290  62.747285 29.780  247.14  252.28  254.59
  13     0.852 54782.92014460 28.41 195.562418  62.743952 13.779  251.01  253.50  254.14
  13     0.674 54782.92014519 30.05 195.567432  62.745224 19.319  251.01  253.50  254.14
  13     0.819 54782.92014578 27.75 195.572446  62.746496 13.757  251.01  253.50  254.14
  14     0.306 54792.83578313 29.00 195.563187  62.744014 17.944  246.30  247.14  245.35
  14     0.603 54792.83578373 29.60 195.568201  62.745286 16.881  246.30  247.14  245.35
  14     0.486 54792.83578432 26.68 195.573216  62.746558 12.328  246.30  247.14  245.35
  17     0.693 54822.58269985 15.76 195.557703  62.745351  5.736  245.06  242.18  228.85
  17     0.926 54822.58270044 16.06 195.562716  62.746624  6.612  245.06  242.18  228.85
  17     0.820 54822.58270103 17.29 195.567730  62.747896  8.564  245.06  242.18  228.85
  18     0.957 54832.49834023 14.46 195.558729  62.745426  4.471  239.75  235.14  221.89
  18     0.997 54832.49834082 14.03 195.563742  62.746698  3.573  239.75  235.14  221.89
  18     1.100 54832.49834141 14.62 195.568756  62.747970  4.466  239.75  235.14  221.89
  19     0.952 54842.41399026 13.62 195.557472  62.745834  3.669 -100.00 -100.00 -100.00
  19     0.868 54842.41399085 13.69 195.562486  62.747106  3.938 -100.00 -100.00 -100.00
  19     1.013 54842.41399144 13.73 195.567500  62.748378  4.025 -100.00 -100.00 -100.00
  20     2.387 54852.32963957 12.71 195.558554  62.748196  3.255 -100.00 -100.00 -100.00
  20     2.477 54852.32964016 12.63 195.563569  62.749468  3.079 -100.00 -100.00 -100.00
  21     1.969 54862.24528764 13.44 195.551285  62.748794  2.767  225.44  218.33  203.11
  21     2.169 54862.24528823 13.54 195.556299  62.750066  3.372  225.44  218.33  203.11
  21     2.648 54862.24528882 13.66 195.561313  62.751339  3.049  225.44  218.33  203.11
  22     2.256 54872.16093643 12.91 195.551364  62.749849  2.698 -100.00 -100.00 -100.00
  22     1.917 54872.16093702 13.13 195.556379  62.751121  3.337 -100.00 -100.00 -100.00
  22     2.339 54872.16093761 13.30 195.561394  62.752393  3.576 -100.00 -100.00 -100.00
  23     1.839 54882.07658335 12.30 195.553858  62.748906  3.625 -100.00 -100.00 -100.00
  23     2.510 54882.07658394 11.85 195.558872  62.750179  2.805 -100.00 -100.00 -100.00
  23     2.442 54882.07658453 11.81 195.563887  62.751451  2.603 -100.00 -100.00 -100.00
  24     2.537 54891.99222719 12.86 195.559963  62.747190  2.471  223.98  214.72  202.30
  24     2.969 54891.99222778 12.98 195.564978  62.748462  2.527  223.98  214.72  202.30
  25     2.624 54901.90786773 12.67 195.561634  62.745214  3.143  213.70  206.85  195.20
  25     2.760 54901.90786832 12.41 195.566648  62.746486  2.830  213.70  206.85  195.20
  25     3.114 54901.90786891 12.53 195.571663  62.747758  2.623  213.70  206.85  195.20
  26     2.632 54911.82350652 12.79 195.560043  62.745107  3.152  208.32  197.74  185.67
  26     2.835 54911.82350711 12.87 195.565057  62.746379  3.589  208.32  197.74  185.67
  26     2.820 54911.82350770 13.05 195.570072  62.747650  3.515  208.32  197.74  185.67
  27     2.739 54921.73914458 11.92 195.560273  62.746970  3.096  214.12  204.53  195.44
  27     3.030 54921.73914517 12.07 195.565288  62.748242  3.426  214.12  204.53  195.44
  28     2.828 54931.65478130 12.60 195.556019  62.746648  3.321 -100.00 -100.00 -100.00
  28     2.900 54931.65478189 12.31 195.561033  62.747920  2.887 -100.00 -100.00 -100.00
  28     3.204 54931.65478248 12.61 195.566047  62.749192  2.988 -100.00 -100.00 -100.00
  29     2.749 54941.57041731 11.76 195.561295  62.746082  2.876  219.05  211.12  199.65
  29     2.913 54941.57041790 11.73 195.566309  62.747355  2.845  219.05  211.12  199.65
  29     3.154 54941.57041849 11.74 195.571323  62.748627  2.703  219.05  211.12  199.65
  30     0.708 54951.48605138 41.12 195.565649  62.743885  1.242  256.99  258.02  256.54
  30     0.833 54951.48605197 42.10 195.570661  62.745157  5.575  256.99  258.02  256.54
  30     1.002 54951.48605257 42.10 195.575675  62.746429   -100  256.99  258.02  256.54
  31     1.214 54961.40169261 30.43 195.566119  62.742178 31.228  257.62  255.24  246.83
  31     1.026 54961.40169320 32.67 195.571132  62.743450   -100  257.62  255.24  246.83
  31     1.439 54961.40169379 35.00 195.576144  62.744722   -100  257.62  255.24  246.83
  32     2.592 54971.31734137 45.26 195.565877  62.743442  1.942  223.96  227.47  228.78
  32     2.474 54971.31734196 44.21 195.570890  62.744714 10.394  223.96  227.47  228.78
  32     2.476 54971.31734255 42.83 195.575903  62.745985  2.053  223.96  227.47  228.78
  33     2.706 54981.23298884 29.36 195.562862  62.745156 11.210 -100.00 -100.00 -100.00
  33     2.933 54981.23298943 29.84 195.567875  62.746428 12.172 -100.00 -100.00 -100.00
  33     3.243 54981.23299002 31.07 195.572889  62.747700 15.522 -100.00 -100.00 -100.00
  34     2.692 54991.14863577 34.15 195.558027  62.746053 27.671 -100.00 -100.00 -100.00
  34     2.042 54991.14863636 34.67 195.563041  62.747326 32.210 -100.00 -100.00 -100.00
  34     1.966 54991.14863695 39.10 195.568054  62.748598   -100 -100.00 -100.00 -100.00
  35     2.123 55001.06428289 31.62 195.559324  62.746922 24.465 -100.00 -100.00 -100.00
  35     1.972 55001.06428348 31.52 195.564337  62.748194 26.457 -100.00 -100.00 -100.00
  35     2.031 55001.06428407 36.98 195.569351  62.749466   -100 -100.00 -100.00 -100.00
  36     1.888 55010.97992799 30.22 195.559299  62.746824 25.073  224.05  233.41  233.42
  36     1.842 55010.97992858 33.94 195.564313  62.748096   -100  224.05  233.41  233.42
  36     2.113 55010.97992917 35.32 195.569327  62.749368   -100  224.05  233.41  233.42
  37     1.672 55020.89557162 34.25 195.560106  62.746734   -100  230.65  240.69  240.49
  37     2.060 55020.89557221 34.68 195.565120  62.748006   -100  230.65  240.69  240.49
  37     2.064 55020.89557280 36.88 195.570134  62.749278   -100  230.65  240.69  240.49
  38     1.612 55030.81121365 28.99 195.555839  62.746699 19.407 -100.00 -100.00 -100.00
  38     1.671 55030.81121424 30.99 195.560852  62.747971 27.917 -100.00 -100.00 -100.00
  38     2.044 55030.81121483 31.14 195.565866  62.749244 24.490 -100.00 -100.00 -100.00
  39     1.442 55040.72685548 32.56 195.555585  62.748043 28.637  229.56  241.22  239.46
  39     1.566 55040.72685607 32.53 195.560598  62.749315 26.240  229.56  241.22  239.46
  39     1.945 55040.72685666 31.75 195.565613  62.750587 26.063  229.56  241.22  239.46
  40     1.471 55050.64249593 25.98 195.557068  62.748645 16.185  224.42  237.21  233.63
  40     1.504 55050.64249652 26.45 195.562081  62.749917 16.650  224.42  237.21  233.63
  41     1.176 55060.55813413 32.30 195.559693  62.747276   -100  220.08  231.20  230.54
  41     1.444 55060.55813472 32.30 195.564706  62.748548 30.676  220.08  231.20  230.54
  42     0.712 55070.47377500 32.85 195.558802  62.744070 32.198  218.85  229.13  230.26
  42     0.783 55070.47377559 34.24 195.563815  62.745342   -100  218.85  229.13  230.26
  42     0.976 55070.47377618 36.26 195.568828  62.746614   -100  218.85  229.13  230.26
  43     0.672 55080.38942439 30.35 195.562376  62.743279 21.141  220.59  231.91  233.89
  43     0.849 55080.38942498 33.81 195.567389  62.744551   -100  220.59  231.91  233.89
  43     1.119 55080.38942557 34.24 195.572402  62.745823 32.647  220.59  231.91  233.89
  44     1.104 55090.30507171 38.63 195.561157  62.743678 31.646  221.54  234.88  235.07
  44     1.109 55090.30507230 36.53 195.566169  62.744950 22.586  221.54  234.88  235.07
  44     0.975 55090.30507289 42.19 195.571183  62.746222   -100  221.54  234.88  235.07
  45     0.824 55100.22071851 32.27 195.561611  62.746262 25.068  214.08  223.76  227.39
  45     1.194 55100.22071910 32.60 195.566624  62.747534 26.486  214.08  223.76  227.39
  45     1.199 55100.22071969 36.30 195.571638  62.748805   -100  214.08  223.76  227.39
  46     1.455 55110.13636449 31.31 195.559327  62.747734 22.968  212.73  221.65  225.27
  46     1.821 55110.13636508 32.48 195.564341  62.749006 23.870  212.73  221.65  225.27
  47     1.501 55120.05200843 31.47 195.556081  62.746330 16.873  212.94  222.22  226.57
  47     1.369 55120.05200902 34.75 195.561095  62.747602 30.393  212.94  222.22  226.57
  47     1.555 55120.05200961 37.91 195.566109  62.748874   -100  212.94  222.22  226.57
  48     0.964 55129.96765028 37.35 195.559324  62.744534   -100  244.65  248.49  249.38
  48     1.143 55129.96765087 38.12 195.564338  62.745806 31.860  244.65  248.49  249.38
  48     0.987 55129.96765146 40.00 195.569352  62.747078   -100  244.65  248.49  249.38
  49    -0.253 55139.88329004 40.32 195.561695  62.742918   -100  242.62  245.76  243.71
  49    -0.031 55139.88329063 41.13 195.566709  62.744190   -100  242.62  245.76  243.71
  49     0.158 55139.88329122 40.04 195.571723  62.745462   -100  242.62  245.76  243.71
  50     0.910 55149.79892902 21.69 195.564663  62.743956  8.324  240.49  236.93  230.72
  50     1.351 55149.79892961 19.67 195.569676  62.745228  5.124  240.49  236.93  230.72
  50     1.518 55149.79893020 21.16 195.574691  62.746499  7.122  240.49  236.93  230.72
  51     0.782 55159.71456696 17.00 195.559750  62.744735  3.482  244.20  242.33  236.14
  51     0.742 55159.71456755 18.00 195.564764  62.746007  5.842  244.20  242.33  236.14
  51     1.066 55159.71456814 16.69 195.569778  62.747279  4.240  244.20  242.33  236.14
  52     0.876 55169.63020497 15.68 195.558970  62.746190  3.158  245.88  243.63  237.05
  52     1.075 55169.63020556 15.88 195.563983  62.747462  3.405  245.88  243.63  237.05
  52     1.288 55169.63020615 15.57 195.568997  62.748734  3.257  245.88  243.63  237.05
  53     1.069 55179.54584165 22.94 195.558282  62.746035  7.098  233.40  229.47  220.26
  53     1.547 55179.54584224 22.61 195.563295  62.747307  6.029  233.40  229.47  220.26
  53     1.693 55179.54584284 21.74 195.568309  62.748580  4.292  233.40  229.47  220.26
  54     0.920 55189.46148810 37.95 195.556893  62.745237   -100  234.75  235.06  226.90
  54     1.070 55189.46148869 37.66 195.561906  62.746510   -100  234.75  235.06  226.90
  54     1.013 55189.46148928 38.67 195.566920  62.747782   -100  234.75  235.06  226.90
  55     1.576 55199.37713861 25.03 195.556427  62.745811  8.562  233.47  230.53  223.07
  55     2.264 55199.37713920 25.31 195.561440  62.747083  8.869  233.47  230.53  223.07
  55     2.509 55199.37713979 24.81 195.566454  62.748355  7.734  233.47  230.53  223.07
  56     1.673 55209.29278842 23.71 195.555673  62.747130  6.446  225.58  222.38  216.31
  56     2.446 55209.29278901 22.76 195.560687  62.748402  5.105  225.58  222.38  216.31
  56     2.756 55209.29278960 23.20 195.565701  62.749674  5.646  225.58  222.38  216.31
  57     1.964 55219.20843802 23.46 195.556896  62.748988  6.910  229.23  226.86  216.83
  57     2.522 55219.20843861 22.86 195.561910  62.750260  6.117  229.23  226.86  216.83
  58     1.656 55229.12408629 23.60 195.555238  62.748663  6.921  233.78  230.93  221.48
  58     2.555 55229.12408688 22.20 195.560252  62.749935  4.589  233.78  230.93  221.48
  58     2.725 55229.12408747 23.92 195.565267  62.751207  7.153  233.78  230.93  221.48
  59     1.943 55239.03973164 21.61 195.556920  62.747619  5.438 -100.00 -100.00 -100.00
  59     2.278 55239.03973223 22.08 195.561934  62.748891  5.962 -100.00 -100.00 -100.00
  59     2.687 55239.03973282 22.02 195.566949  62.750163  5.733 -100.00 -100.00 -100.00
  60     1.825 55248.95537317 19.62 195.557712  62.745392  4.415  251.43  253.54  255.31
  60     2.260 55248.95537376 19.95 195.562726  62.746664  4.677  251.43  253.54  255.31
  60     2.129 55248.95537435 19.48 195.567741  62.747937  4.472  251.43  253.54  255.31
  61     1.999 55258.87101300 19.57 195.563647  62.745402  3.950  217.46  211.51  193.05
  61     2.202 55258.87101359 19.51 195.568662  62.746674  4.619  217.46  211.51  193.05
  62     1.740 55268.78665111 17.79 195.560517  62.744675  3.587  217.59  208.16  189.10
  62     2.023 55268.78665170 17.75 195.565531  62.745947  3.958  217.59  208.16  189.10
  62     2.274 55268.78665229 17.77 195.570545  62.747219  3.593  217.59  208.16  189.10
  63     1.637 55278.70228938 18.08 195.560290  62.745777  5.175  224.06  214.63  195.68
  63     2.052 55278.70228997 17.57 195.565304  62.747049  3.795  224.06  214.63  195.68
  63     2.298 55278.70229056 17.81 195.570319  62.748321  4.558  224.06  214.63  195.68
  64     1.844 55288.61792619 16.42 195.559411  62.745848  3.835  226.64  217.28  197.55
  64     2.130 55288.61792678 16.70 195.564424  62.747121  4.212  226.64  217.28  197.55
  64     2.201 55288.61792737 16.30 195.569438  62.748393  3.255  226.64  217.28  197.55
  65     2.177 55298.53356086 12.83 195.562106  62.745225  3.438  245.74  243.22  232.05
  65     2.313 55298.53356145 12.51 195.567120  62.746498  2.928  245.74  243.22  232.05
  65     2.471 55298.53356204 12.44 195.572133  62.747770  3.245  245.74  243.22  232.05
  66     1.661 55308.44920384 10.05 195.563330  62.743729  3.292  244.88  236.39  211.06
  66     1.861 55308.44920444 10.70 195.568343  62.745001  4.057  244.88  236.39  211.06
  66     2.440 55308.44920503 10.05 195.573357  62.746273  3.125  244.88  236.39  211.06
  67     1.847 55318.36484984 10.59 195.563086  62.742871  3.414  232.82  223.23  200.20
  67     2.165 55318.36485043 10.36 195.568099  62.744143  3.232  232.82  223.23  200.20
  67     2.416 55318.36485102 10.11 195.573112  62.745415  2.856  232.82  223.23  200.20
  68     1.963 55328.28049532 30.27 195.565358  62.744289 20.648  253.24  254.09  254.02
  68     1.992 55328.28049591 31.29 195.570371  62.745561 20.746  253.24  254.09  254.02
  68     1.989 55328.28049650 33.57 195.575385  62.746833 30.248  253.24  254.09  254.02
  69     3.065 55338.19613966 35.96 195.561544  62.745433 27.354  221.56  224.59  226.08
  69     3.118 55338.19614025 40.44 195.566557  62.746705   -100  221.56  224.59  226.08
  69     3.067 55338.19614084 35.68 195.571571  62.747977 28.924  221.56  224.59  226.08
  70     2.622 55348.11178378 30.56 195.559699  62.746754 16.328  209.91  220.47  221.28
  70     2.923 55348.11178437 30.91 195.564712  62.748026 19.832  209.91  220.47  221.28
  70     3.176 55348.11178496 30.75 195.569726  62.749298 17.411  209.91  220.47  221.28
  71     1.220 55358.02742600 30.89 195.557712  62.746872 21.010  222.56  232.40  233.38
  71     0.998 55358.02742659 35.59 195.562725  62.748144   -100  222.56  232.40  233.38
  71     1.337 55358.02742718 34.56 195.567739  62.749416 31.590  222.56  232.40  233.38
  72     1.716 55367.94306633 30.72 195.558350  62.746866 20.484  226.62  238.00  235.37
  72     2.267 55367.94306692 29.22 195.563364  62.748139 16.404  226.62  238.00  235.37
  72     2.900 55367.94306752 29.91 195.568378  62.749411 17.457  226.62  238.00  235.37
  73     1.557 55377.85870480 43.03 195.555992  62.745913   -100 -100.00 -100.00 -100.00
  73     1.630 55377.85870539 43.26 195.561005  62.747186   -100 -100.00 -100.00 -100.00
  73     1.642 55377.85870598 46.29 195.566019  62.748458   -100 -100.00 -100.00 -100.00
  74     1.141 55387.77434290 30.74 195.557446  62.746277 26.178 -100.00 -100.00 -100.00
  74     1.077 55387.77434350 35.01 195.562460  62.747549   -100 -100.00 -100.00 -100.00
  74     1.186 55387.77434409 35.35 195.567473  62.748821   -100 -100.00 -100.00 -100.00
  75     1.627 55397.68998025 31.14 195.560676  62.746951 30.780  229.98  242.08  240.65
  75     1.893 55397.68998084 29.13 195.565690  62.748223 21.884  229.98  242.08  240.65
  76     1.576 55407.60562350 26.48 195.556950  62.745329 12.078  223.42  237.36  233.46
  76     1.065 55407.60562409 30.63 195.561963  62.746602 23.408  223.42  237.36  233.46
  76     1.375 55407.60562468 32.77 195.566976  62.747874 30.404  223.42  237.36  233.46
  77     1.924 55417.52127463 25.59 195.559228  62.745005 17.225  225.29  239.32  237.66
  77     1.971 55417.52127522 25.28 195.564240  62.746277 16.176  225.29  239.32  237.66
  77     1.827 55417.52127581 31.29 195.569254  62.747549   -100  225.29  239.32  237.66
  78     1.513 55427.43692255 31.35 195.563913  62.744914 13.805  214.13  226.12  227.22
  78     1.856 55427.43692314 31.66 195.568926  62.746186 12.483  214.13  226.12  227.22
  78     1.876 55427.43692373 38.01 195.573939  62.747458   -100  214.13  226.12  227.22
  79     1.947 55437.35256726 41.39 195.562738  62.744275   -100  218.69  232.16  231.75
  79     1.698 55437.35256785 48.60 195.567751  62.745547 14.264  218.69  232.16  231.75
  79     1.886 55437.35256844 49.71 195.572764  62.746819 20.025  218.69  232.16  231.75
  80     1.671 55447.26821055 29.12 195.559188  62.744204 22.796  219.00  233.23  233.73
  80     1.738 55447.26821114 30.35 195.564201  62.745476 26.934  219.00  233.23  233.73
  80     1.911 55447.26821173 33.34 195.569214  62.746748   -100  219.00  233.23  233.73
  81     1.120 55457.18385402 30.39 195.559683  62.745447 22.396  218.28  231.79  230.54
  81     1.055 55457.18385461 34.52 195.564696  62.746719   -100  218.28  231.79  230.54
  81     1.258 55457.18385520 32.56 195.569710  62.747991 30.446  218.28  231.79  230.54
  82     0.785 55467.09949638 31.07 195.557090  62.745222 25.600  218.40  226.55  229.67
  82     0.804 55467.09949697 33.70 195.562103  62.746494   -100  218.40  226.55  229.67
  82     0.971 55467.09949756 32.62 195.567117  62.747766   -100  218.40  226.55  229.67
  83     1.431 55477.01513605 43.24 195.560431  62.744935 25.703  220.42  229.19  231.62
  83     0.960 55477.01513664 39.46 195.565444  62.746207 25.101  220.42  229.19  231.62
  83     0.930 55477.01513723 43.21 195.570458  62.747479   -100  220.42  229.19  231.62
  84     0.927 55486.93077255 28.37 195.564500  62.744176 14.706  228.65  236.62  238.47
  84     0.791 55486.93077314 30.97 195.569514  62.745448 23.565  228.65  236.62  238.47
  84     2.048 55486.93077373 28.98 195.574528  62.746720 16.979  228.65  236.62  238.47
  85     0.861 55496.84640635 36.99 195.564471  62.742941 28.828  240.18  246.34  247.26
  85     0.776 55496.84640694 39.12 195.569485  62.744214   -100  240.18  246.34  247.26
  85     0.996 55496.84640754 40.33 195.574499  62.745486   -100  240.18  246.34  247.26
  86     0.672 55506.76204237 39.29 195.562153  62.743082 29.477  240.83  241.38  238.80
  86     1.007 55506.76204296 40.09 195.567167  62.744355 26.290  240.83  241.38  238.80
  86     0.629 55506.76204355 42.93 195.572180  62.745627   -100  240.83  241.38  238.80
  87     0.159 55516.67769295 34.15 195.561570  62.745211 27.400  243.49  243.87  242.36
  87     0.433 55516.67769355 31.75 195.566584  62.746483 18.736  243.49  243.87  242.36
  87     0.280 55516.67769414 34.33 195.571598  62.747755 29.138  243.49  243.87  242.36
  88     0.693 55526.59334231 26.72 195.558915  62.746286  9.176  244.26  247.18  247.44
  88     0.726 55526.59334290 25.99 195.563929  62.747558  7.856  244.26  247.18  247.44
  88     0.595 55526.59334349 27.24 195.568943  62.748831 10.730  244.26  247.18  247.44
  89     0.144 55536.50899002 19.95 195.560187  62.747400  4.512 -100.00 -100.00 -100.00
  89     0.703 55536.50899061 19.12 195.565201  62.748672  3.718 -100.00 -100.00 -100.00
  90     0.582 55546.42463476 17.83 195.555035  62.746424  4.155  241.70  241.84  239.77
  90     0.384 55546.42463535 18.29 195.560049  62.747696  5.206  241.70  241.84  239.77
  90     0.873 55546.42463594 17.39 195.565063  62.748968  4.369  241.70  241.84  239.77
  91     1.035 55556.34027870 16.91 195.557780  62.747780  5.106  245.19  243.02  238.07
  91     1.084 55556.34027929 16.24 195.562794  62.749052  3.608  245.19  243.02  238.07
  91     1.223 55556.34027988 16.52 195.567808  62.750324  4.461  245.19  243.02  238.07
  92     0.776 55566.25592148 20.41 195.557690  62.748460  9.535  240.30  239.48  229.74
  92     1.010 55566.25592207 20.63 195.562704  62.749732  9.689  240.30  239.48  229.74
  93     1.176 55576.17156343 24.17 195.556936  62.747757 22.322 -100.00 -100.00 -100.00
  93     1.137 55576.17156402 24.59 195.561950  62.749029 23.395 -100.00 -100.00 -100.00
  93     1.326 55576.17156461 24.54 195.566964  62.750301 22.256 -100.00 -100.00 -100.00
  94     1.104 55586.08720350 22.30 195.556930  62.745766 15.173  229.76  225.91  212.28
  94     1.141 55586.08720409 21.86 195.561943  62.747038 14.445  229.76  225.91  212.28
  94     1.261 55586.08720468 23.31 195.566958  62.748310 19.362  229.76  225.91  212.28
  95     0.942 55596.00284111 18.07 195.563971  62.744970 10.001 -100.00 -100.00 -100.00
  95     1.205 55596.00284170 16.47 195.568985  62.746243  7.377 -100.00 -100.00 -100.00
  95     1.036 55596.00284229 18.29 195.573999  62.747515 10.523 -100.00 -100.00 -100.00
  96     2.063 55605.91847506 14.35 195.565767  62.743828  4.651  227.08  218.86  203.76
  96     1.880 55605.91847565 13.72 195.570781  62.745100  3.553 -100.00 -100.00 -100.00
  96     2.377 55605.91847624 13.72 195.575795  62.746372  3.633 -100.00 -100.00 -100.00
  97     1.905 55615.83410650 14.43 195.563514  62.742899  4.454 -100.00 -100.00 -100.00
  97     1.961 55615.83410709 14.24 195.568528  62.744171  3.295 -100.00 -100.00 -100.00
  97     2.192 55615.83410769 14.03 195.573542  62.745444  3.395 -100.00 -100.00 -100.00
  98     1.929 55625.74974778 16.90 195.560751  62.743347  4.886  219.04  208.13  193.40
  98     2.004 55625.74974837 16.62 195.565764  62.744620  4.463  219.04  208.13  193.40
  98     2.264 55625.74974896 16.27 195.570778  62.745892  3.973  219.04  208.13  193.40
  99     1.866 55635.66540011 17.18 195.562741  62.744944  5.254 -100.00 -100.00 -100.00
  99     2.083 55635.66540070 16.99 195.567755  62.746217  5.439 -100.00 -100.00 -100.00
  99     2.101 55635.66540129 16.89 195.572769  62.747489  5.135 -100.00 -100.00 -100.00
 100     2.008 55645.58104989 14.70 195.562143  62.744770  4.401  223.13  213.23  196.25
 100     2.185 55645.58105048 14.71 195.567157  62.746043  4.233  223.13  213.23  196.25
 100     2.314 55645.58105107 14.60 195.572170  62.747315  4.372  223.13  213.23  196.25
 101     2.046 55655.49669687 12.19 195.561836  62.743920  2.984 -100.00 -100.00 -100.00
 101     2.706 55655.49669746 12.06 195.566849  62.745192  2.911 -100.00 -100.00 -100.00
 101     2.611 55655.49669805 12.31 195.571862  62.746464  3.174 -100.00 -100.00 -100.00
 102     2.338 55665.41233976 12.18 195.564752  62.744142  2.810  221.60  209.78  195.35
 102     2.735 55665.41234035 12.27 195.569765  62.745414  3.115  221.60  209.78  195.35
 102     2.668 55665.41234094 12.19 195.574779  62.746686  2.731  221.60  209.78  195.35
 103     2.399 55675.32797913  7.34 195.561495  62.743752  2.619  253.69  253.47  249.80
 103     2.432 55675.32797972  7.30 195.566508  62.745024  2.867  253.69  253.47  249.80
 103     2.653 55675.32798031  7.09 195.571521  62.746296  2.650  253.69  253.47  249.80
 104     0.645 55685.24361737 26.73 195.561806  62.745013 28.335 -100.00 -100.00 -100.00
 104     1.110 55685.24361796 24.20 195.566819  62.746285 18.717 -100.00 -100.00 -100.00
 104     1.268 55685.24361855 24.59 195.571833  62.747557 18.555 -100.00 -100.00 -100.00
 105     1.525 55695.15925404 34.28 195.558815  62.745110   -100  250.70  254.01  254.41
 105     2.318 55695.15925463 32.34 195.563828  62.746383 21.791  250.70  254.01  254.41
 105     2.476 55695.15925522 35.11 195.568842  62.747655 31.504  250.70  254.01  254.41
 106     2.868 55705.07488979 37.62 195.559773  62.745239   -100  208.23  218.95  220.27
 106     2.862 55705.07489038 41.63 195.564786  62.746511   -100  208.23  218.95  220.27
 106     2.993 55705.07489097 41.95 195.569799  62.747784   -100  208.23  218.95  220.27
 107     2.041 55714.99053771 30.90 195.561833  62.745916 21.393 -100.00 -100.00 -100.00
 107     1.849 55714.99053830 36.84 195.566846  62.747188   -100 -100.00 -100.00 -100.00
 107     2.204 55714.99053889 36.39 195.571860  62.748461   -100 -100.00 -100.00 -100.00
 108     2.032 55724.90618623 31.01 195.557252  62.745540 29.074  229.74  240.15  238.10
 108     2.045 55724.90618682 28.56 195.562265  62.746812 21.666  229.74  240.15  238.10
 108     1.959 55724.90618741 32.00 195.567279  62.748084   -100  229.74  240.15  238.10
 109     1.951 55734.82183346 27.46 195.557871  62.746989 20.454  228.11  237.55  237.47
 109     1.826 55734.82183405 31.50 195.562885  62.748261   -100  228.11  237.55  237.47
 109     1.961 55734.82183464 33.27 195.567899  62.749533   -100  228.11  237.55  237.47
 110     1.868 55744.73747936 46.78 195.558519  62.748219 16.684  226.99  236.56  235.01
 110     1.715 55744.73747995 35.04 195.563532  62.749491   -100  226.99  236.56  235.01
 111     2.080 55754.65312330 28.65 195.557759  62.747652 23.062  219.64  230.49  232.51
 111     2.025 55754.65312389 28.98 195.562772  62.748924 23.450  219.64  230.49  232.51
 111     2.433 55754.65312448 26.52 195.567786  62.750196 13.531  219.64  230.49  232.51
 112     1.614 55764.56876496 27.67 195.559037  62.745618 17.739  220.45  234.15  230.82
 112     1.564 55764.56876555 28.74 195.564050  62.746890 21.295  220.45  234.15  230.82
 112     1.754 55764.56876614 30.64 195.569063  62.748162 27.367  220.45  234.15  230.82
 113     1.463 55774.48440375 25.27 195.560304  62.743157 12.574  219.74  231.66  230.87
 113     1.490 55774.48440434 26.54 195.565316  62.744429 14.927  219.74  231.66  230.87
 113     2.155 55774.48440493 24.68 195.570329  62.745701 11.547  219.74  231.66  230.87
 113     2.311 55774.48440552 26.34 195.575342  62.746973 15.021  219.74  231.66  230.87
 114     1.667 55784.40003995 23.27 195.565555  62.743006 10.858  223.08  239.02  237.39
 114     1.723 55784.40004054 24.06 195.570568  62.744278 11.748  223.08  239.02  237.39
 114     1.654 55784.40004113 30.56 195.575581  62.745550 30.817  223.08  239.02  237.39
 115     1.825 55794.31567334 20.08 195.563971  62.743317  6.591  220.04  229.80  230.80
 115     2.208 55794.31567393 20.37 195.568984  62.744589  7.366  220.04  229.80  230.80
 115     2.256 55794.31567453 24.90 195.573997  62.745861 14.795  220.04  229.80  230.80
 116     1.641 55804.23131035 24.15 195.560323  62.743829 13.440  221.48  234.57  235.03
 116     1.779 55804.23131094 21.89 195.565336  62.745102  8.545  221.48  234.57  235.03
 116     2.096 55804.23131153 23.38 195.570349  62.746374 11.786  221.48  234.57  235.03
 117     1.980 55814.14696019 22.49 195.561033  62.745039 10.819 -100.00 -100.00 -100.00
 117     1.958 55814.14696078 22.11 195.566046  62.746312  9.072 -100.00 -100.00 -100.00
 117     2.498 55814.14696137 20.87 195.571060  62.747584  7.544 -100.00 -100.00 -100.00
 118     0.668 55824.06260763 33.71 195.561221  62.744023   -100  225.68  235.81  236.03
 118     0.922 55824.06260822 33.43 195.566235  62.745296   -100  225.68  235.81  236.03
 118     0.986 55824.06260882 35.91 195.571248  62.746568   -100  225.68  235.81  236.03
 119     0.802 55833.97825077 34.94 195.565193  62.743308   -100  221.42  228.87  232.38
 119     1.012 55833.97825136 34.19 195.570206  62.744581   -100  221.42  228.87  232.38
 119     1.248 55833.97825195 34.16 195.575220  62.745853   -100  221.42  228.87  232.38
 120     0.542 55843.89388922 36.37 195.562594  62.741903   -100  225.31  232.13  234.25
 120     0.880 55843.89388981 34.91 195.567607  62.743175   -100  225.31  232.13  234.25
 120     1.176 55843.89389040 34.32 195.572620  62.744448 28.775  225.31  232.13  234.25
 120     1.004 55843.89389099 38.48 195.577634  62.745720   -100  225.31  232.13  234.25
 121     0.807 55853.80952533 31.45 195.564542  62.743401 27.697  226.44  235.01  237.94
 121     0.849 55853.80952592 33.44 195.569555  62.744673   -100  226.44  235.01  237.94
 121     0.950 55853.80952651 35.75 195.574569  62.745945   -100  226.44  235.01  237.94
 122     1.259 55863.72516271 42.30 195.563506  62.745165   -100 -100.00 -100.00 -100.00
 122     1.444 55863.72516330 48.83 195.568520  62.746437   -100 -100.00 -100.00 -100.00
 122     1.062 55863.72516389 51.99 195.573534  62.747710   -100 -100.00 -100.00 -100.00
 123     0.289 55873.64081610 32.46 195.558989  62.746352   -100  245.14  246.59  245.00
 123     0.456 55873.64081669 27.13 195.564002  62.747624 15.729  245.14  246.59  245.00
 123     0.477 55873.64081728 24.46 195.569016  62.748897  9.846  245.14  246.59  245.00
 133     1.502 55972.79725271 15.65 195.561996  62.744014  5.456  234.59  230.59  218.58
 133     1.574 55972.79725330 15.44 195.567009  62.745286  5.116  234.59  230.59  218.58
 133     1.684 55972.79725389 15.44 195.572024  62.746558  5.204  234.59  230.59  218.58
 134     1.697 55982.71288851 13.99 195.558778  62.744986  4.290 -100.00 -100.00 -100.00
 134     1.885 55982.71288911 14.28 195.563791  62.746259  4.866 -100.00 -100.00 -100.00
 134     2.111 55982.71288970 13.76 195.568805  62.747531  3.885 -100.00 -100.00 -100.00
 135     1.670 55992.62852264 11.88 195.558399  62.744563  3.671 -100.00 -100.00 -100.00
 135     1.866 55992.62852323 11.68 195.563412  62.745835  4.261 -100.00 -100.00 -100.00
 135     1.621 55992.62852382 11.86 195.568425  62.747108  4.330 -100.00 -100.00 -100.00
 136     1.898 56002.54417142 11.63 195.564141  62.744858  3.643 -100.00 -100.00 -100.00
 136     1.984 56002.54417201 11.40 195.569154  62.746131  3.550 -100.00 -100.00 -100.00
 136     1.877 56002.54417260 12.03 195.574168  62.747403  3.872 -100.00 -100.00 -100.00
 137     2.071 56012.45982073 11.58 195.563937  62.743181  4.200  238.89  232.50  217.64
 137     2.374 56012.45982132 11.26 195.568950  62.744453  3.589  238.89  232.50  217.64
 137     2.003 56012.45982191 11.42 195.573964  62.745725  3.649  238.89  232.50  217.64
 139     2.468 56032.29110997  9.77 195.560621  62.744441  3.185  235.09  228.31  209.54
 139     2.469 56032.29111056  9.87 195.565634  62.745713  2.931  235.09  228.31  209.54
 139     2.826 56032.29111115  9.96 195.570647  62.746985  3.421  235.09  228.31  209.54
 141     0.924 56052.12238992 11.79 195.555122  62.746875  8.315 -100.00 -100.00 -100.00
 141     1.429 56052.12239051 10.35 195.560135  62.748148  6.221 -100.00 -100.00 -100.00
 141     1.308 56052.12239110 11.25 195.565149  62.749420  7.528 -100.00 -100.00 -100.00
 142     1.280 56062.03802602 36.91 195.557024  62.746391  7.737  264.89  262.38  257.44
 142     1.439 56062.03802661 34.82 195.562038  62.747663   -100  264.89  262.38  257.44
 142     1.505 56062.03802720 36.64 195.567051  62.748936  3.048  264.89  262.38  257.44
 143     3.624 56071.95366566 41.30 195.558845  62.745039   -100 -100.00 -100.00 -100.00
 143     3.576 56071.95366625 40.87 195.563858  62.746311   -100 -100.00 -100.00 -100.00
 143     3.618 56071.95366684 44.79 195.568871  62.747583   -100 -100.00 -100.00 -100.00
 144     2.521 56081.86931647 31.22 195.561915  62.746066 17.358 -100.00 -100.00 -100.00
 144     2.551 56081.86931706 31.99 195.566929  62.747338 19.476 -100.00 -100.00 -100.00
 144     2.158 56081.86931765 35.82 195.571943  62.748610 31.687 -100.00 -100.00 -100.00
 145     2.739 56091.78496393 33.41 195.557780  62.746322 28.721 -100.00 -100.00 -100.00
 145     2.693 56091.78496452 28.74 195.562793  62.747594 13.587 -100.00 -100.00 -100.00
 145     2.903 56091.78496511 30.59 195.567807  62.748866 19.296 -100.00 -100.00 -100.00
 146     2.441 56101.70060949 27.74 195.557517  62.747637 17.599  227.11  240.77  239.28
 146     1.976 56101.70061008 31.55 195.562531  62.748909   -100  227.11  240.77  239.28
 146     2.839 56101.70061067 30.42 195.567545  62.750181 22.077  227.11  240.77  239.28
 147     2.442 56111.61624057 25.69 195.557491  62.747210 14.222  223.97  236.49  235.04
 147     2.291 56111.61624116 26.67 195.562505  62.748482 18.139  223.97  236.49  235.04
 147     2.552 56111.61624175 27.74 195.567518  62.749754 20.733  223.97  236.49  235.04
 148     1.969 56121.53187967 29.21 195.558512  62.744949 21.678 -100.00 -100.00 -100.00
 148     1.966 56121.53188026 26.05 195.563525  62.746221 14.396 -100.00 -100.00 -100.00
 148     2.054 56121.53188085 25.94 195.568538  62.747493 13.271 -100.00 -100.00 -100.00
 149     1.551 56131.44751541 22.78 195.563555  62.742845 10.038  226.06  241.17  238.16
 149     1.721 56131.44751600 22.16 195.568567  62.744117  8.145  226.06  241.17  238.16
 149     1.694 56131.44751659 28.74 195.573580  62.745389 24.907  226.06  241.17  238.16
 150     1.623 56141.36315053 34.89 195.564212  62.741492   -100  222.89  237.14  236.77
 150     1.749 56141.36315112 33.09 195.569224  62.742764 29.978  222.89  237.14  236.77
 150     1.512 56141.36315171 31.37 195.574237  62.744036 24.566  222.89  237.14  236.77
 151     1.714 56151.27880191 42.76 195.565498  62.744167   -100  227.18  241.59  239.03
 151     1.537 56151.27880250 48.11 195.570511  62.745439 11.056  227.18  241.59  239.03
 151     1.752 56151.27880309 47.03 195.575524  62.746711  0.416  227.18  241.59  239.03
 152     1.520 56161.19445095 25.02 195.561258  62.745945 15.627  224.25  239.61  240.13
 152     1.892 56161.19445154 25.07 195.566271  62.747217 12.834  224.25  239.61  240.13
 152     1.776 56161.19445213 31.20 195.571284  62.748489   -100 -100.00 -100.00 -100.00
 153     1.637 56171.11009834 25.94 195.559341  62.746543 15.140 -100.00 -100.00 -100.00
 153     1.701 56171.11009893 28.11 195.564354  62.747815 19.811 -100.00 -100.00 -100.00
 153     1.739 56171.11009952 32.14 195.569368  62.749087   -100 -100.00 -100.00 -100.00
 154     1.532 56181.02574181 26.72 195.562469  62.745860 14.740  220.60  229.71  230.88
 154     1.567 56181.02574240 27.62 195.567483  62.747132 16.139  220.60  229.71  230.88
 154     1.437 56181.02574299 32.19 195.572497  62.748404 29.161  220.60  229.71  230.88
 155     1.938 56190.94138120 25.37 195.564854  62.744287 10.708  222.67  231.44  233.58
 155     2.463 56190.94138179 25.59 195.569868  62.745559 12.050  222.67  231.44  233.58
 155     1.881 56190.94138238 32.19 195.574882  62.746831 28.913  222.67  231.44  233.58
 156     2.248 56200.85701775 22.61 195.566121  62.743704  6.548 -100.00 -100.00 -100.00
 156     2.549 56200.85701834 25.79 195.571134  62.744976 11.028 -100.00 -100.00 -100.00
 156     2.110 56200.85701893 30.31 195.576148  62.746248 21.533 -100.00 -100.00 -100.00
 157     1.973 56210.77265136 28.48 195.560284  62.743437 12.743  217.76  224.10  228.02
 157     2.332 56210.77265195 29.36 195.565297  62.744710 13.416  217.76  224.10  228.02
 157     2.583 56210.77265254 31.07 195.570310  62.745982 17.843  217.76  224.10  228.02
 158     2.343 56220.68828374 39.69 195.559857  62.745138 18.819 -100.00 -100.00 -100.00
 158     1.916 56220.68828433 44.68 195.564870  62.746410 27.870 -100.00 -100.00 -100.00
 158     1.612 56220.68828492 50.12 195.569884  62.747683   -100 -100.00 -100.00 -100.00
 159     0.989 56230.60393466 42.90 195.556999  62.746695   -100 -100.00 -100.00 -100.00
 159     0.749 56230.60393525 43.72 195.562012  62.747968   -100 -100.00 -100.00 -100.00
 159     0.936 56230.60393584 47.14 195.567026  62.749240   -100 -100.00 -100.00 -100.00
 160     0.920 56240.51958750 41.58 195.555701  62.746658   -100  242.91  249.14  251.39
 160     0.720 56240.51958809 41.81 195.560714  62.747931   -100  242.91  249.14  251.39
 160     0.621 56240.51958868 38.25 195.565728  62.749203 28.281  242.91  249.14  251.39
 161     0.453 56250.43523656 24.01 195.556903  62.746332  4.756  243.41  245.70  247.64
 161     0.427 56250.43523715 24.38 195.561916  62.747605  5.843  243.41  245.70  247.64
 161     0.573 56250.43523774 24.19 195.566930  62.748877  5.702  243.41  245.70  247.64
 162     0.740 56260.35088076 28.31 195.557168  62.745589 14.816  244.53  246.49  245.62
 162     0.880 56260.35088135 27.82 195.562182  62.746861 13.729  244.53  246.49  245.62
 162     0.713 56260.35088194 30.14 195.567195  62.748133 20.020  244.53  246.49  245.62
 163     0.993 56270.26652272 21.29 195.557960  62.746080  5.033  244.64  246.48  241.01
 163     1.054 56270.26652331 21.19 195.562973  62.747353  4.749  244.64  246.48  241.01
 163     1.164 56270.26652390 21.73 195.567987  62.748625  5.862  244.64  246.48  241.01
 164     1.031 56280.18216271 18.34 195.556307  62.746032  6.517 -100.00 -100.00 -100.00
 164     1.112 56280.18216330 18.89 195.561320  62.747305  7.079 -100.00 -100.00 -100.00
 164     1.202 56280.18216389 20.33 195.566334  62.748577  9.136 -100.00 -100.00 -100.00
 165     1.290 56290.09781451 17.62 195.556046  62.746591  6.140 -100.00 -100.00 -100.00
 165     1.420 56290.09781510 16.42 195.561060  62.747863  4.025 -100.00 -100.00 -100.00
 165     1.471 56290.09781569 16.52 195.566074  62.749135  5.147 -100.00 -100.00 -100.00
 166     1.461 56300.01346295 17.52 195.559030  62.746007  5.557  250.34  248.80  239.87
 166     1.451 56300.01346354 17.76 195.564044  62.747280  6.007  250.34  248.80  239.87
 166     1.333 56300.01346413 17.78 195.569058  62.748552  5.819  250.34  248.80  239.87
 167     1.334 56309.92910728 20.92 195.562429  62.744778 13.300  235.06  228.49  212.25
 167     1.332 56309.92910787 24.45 195.567443  62.746050 22.784  235.06  228.49  212.25
 167     1.313 56309.92910846 22.34 195.572458  62.747322 16.871  235.06  228.49  212.25
 168     1.730 56319.84474875 12.28 195.560897  62.743353  3.486  233.36  226.52  209.92
 168     1.466 56319.84474934 14.04 195.565911  62.744625  6.381  233.36  226.52  209.92
 168     1.635 56319.84474993 12.80 195.570925  62.745897  4.498  233.36  226.52  209.92
 169     1.527 56329.76038966 12.75 195.560314  62.744334  3.675  240.82  235.97  222.76
 169     1.628 56329.76039025 12.75 195.565327  62.745606  3.878  240.82  235.97  222.76
 169     1.956 56329.76039084 12.52 195.570342  62.746878  3.591  240.82  235.97  222.76
 170     2.231 56339.67602999 13.29 195.561133  62.746127  3.521  237.46  231.04  217.26
 170     1.801 56339.67603058 13.38 195.566146  62.747399  3.463  237.46  231.04  217.26
 170     2.313 56339.67603117 13.19 195.571161  62.748671  3.278  237.46  231.04  217.26
 171     2.137 56349.59166747 12.71 195.557228  62.745368  3.099 -100.00 -100.00 -100.00
 171     2.062 56349.59166806 12.90 195.562241  62.746640  3.386 -100.00 -100.00 -100.00
 171     2.318 56349.59166865 12.72 195.567255  62.747913  3.318 -100.00 -100.00 -100.00
 172     2.317 56359.50730418 12.08 195.562524  62.744926  3.266  239.58  235.18  222.41
 172     2.810 56359.50730477 11.95 195.567537  62.746198  3.083  239.58  235.18  222.41
 172     2.830 56359.50730536 12.05 195.572551  62.747471  3.287  239.58  235.18  222.41
 173     2.138 56369.42295411 11.41 195.560787  62.743641  3.316  231.04  223.55  207.51
 173     2.240 56369.42295470 11.43 195.565800  62.744913  3.273  231.04  223.55  207.51
 173     2.634 56369.42295529 11.34 195.570813  62.746185  2.960  231.04  223.55  207.51
 175     2.573 56389.25424690 10.88 195.558366  62.745733  3.073  230.90  220.54  203.57
 175     2.624 56389.25424749 11.08 195.563380  62.747005  3.660  230.90  220.54  203.57
 175     2.831 56389.25424808 10.79 195.568393  62.748277  2.847  230.90  220.54  203.57
 176     2.669 56399.16989048 11.60 195.557852  62.747775  3.225  234.10  224.55  207.21
 176     2.574 56399.16989107 11.76 195.562866  62.749047  3.334  234.10  224.55  207.21
 176     3.173 56399.16989166 11.48 195.567880  62.750319  2.966  234.10  224.55  207.21
 177     2.828 56409.08553134 10.76 195.556905  62.748355  4.371 -100.00 -100.00 -100.00
 177     3.158 56409.08553193 10.33 195.561919  62.749627  3.531 -100.00 -100.00 -100.00
 177     3.203 56409.08553252 10.44 195.566934  62.750899  3.552 -100.00 -100.00 -100.00
 178     2.498 56419.00116737 10.94 195.554738  62.746681  3.783 -100.00 -100.00 -100.00
 178     2.665 56419.00116796 11.04 195.559751  62.747953  3.070 -100.00 -100.00 -100.00
 178     2.881 56419.00116855 11.06 195.564765  62.749226  2.972 -100.00 -100.00 -100.00
 179     1.747 56428.91680193  8.95 195.561385  62.746411  4.638 -100.00 -100.00 -100.00
 179     1.724 56428.91680253  8.96 195.566398  62.747683  5.137 -100.00 -100.00 -100.00
 180     1.344 56438.83245504 42.74 195.556585  62.745684   -100 -100.00 -100.00 -100.00
 180     1.243 56438.83245563 44.94 195.561598  62.746956  2.840 -100.00 -100.00 -100.00
 180     1.511 56438.83245622 44.81 195.566612  62.748228   -100 -100.00 -100.00 -100.00
 181     4.353 56448.74810620 54.11 195.556819  62.746562 24.865  189.37  195.61  194.36
 181     4.368 56448.74810679 55.27 195.561833  62.747835 25.893  189.37  195.61  194.36
 181     4.356 56448.74810738 55.31 195.566847  62.749107 31.966  189.37  195.61  194.36
 182     2.403 56458.66375498 36.08 195.555942  62.746850   -100  227.14  244.82  246.23
 182     2.619 56458.66375557 29.97 195.560955  62.748122 16.259  227.14  244.82  246.23
 182     3.025 56458.66375616 30.17 195.565969  62.749394 15.598  227.14  244.82  246.23
 183     2.629 56468.57940081 29.34 195.559237  62.747007 22.216  225.82  241.22  238.89
 183     2.732 56468.57940140 23.63 195.564250  62.748279  9.366  225.82  241.22  238.89
 183     3.088 56468.57940199 24.57 195.569264  62.749551 10.598  225.82  241.22  238.89
 184     2.334 56478.49504222 27.46 195.559568  62.745700 16.500 -100.00 -100.00 -100.00
 184     2.427 56478.49504281 24.64 195.564581  62.746972 12.113 -100.00 -100.00 -100.00
 184     2.669 56478.49504340 26.17 195.569595  62.748244 14.948 -100.00 -100.00 -100.00
 185     2.189 56488.41067967 24.87 195.559296  62.743865 11.010 -100.00 -100.00 -100.00
 185     1.993 56488.41068026 24.80 195.564309  62.745137 11.803 -100.00 -100.00 -100.00
 185     1.718 56488.41068085 28.16 195.569322  62.746409 20.703 -100.00 -100.00 -100.00
 187     1.339 56508.24194901 31.27 195.560721  62.743342 26.711  228.84  243.41  240.79
 187     1.420 56508.24194960 31.57 195.565733  62.744614 26.135  228.84  243.41  240.79
 187     1.495 56508.24195019 35.25 195.570746  62.745886   -100  228.84  243.41  240.79
 188     1.213 56518.15758785 34.91 195.560334  62.743852   -100  232.57  246.42  244.23
 188     1.381 56518.15758844 36.02 195.565347  62.745125   -100  232.57  246.42  244.23
 188     1.335 56518.15758903 37.10 195.570360  62.746397   -100  232.57  246.42  244.23
 189     1.183 56528.07324222 31.51 195.560403  62.744973 24.804  229.98  238.98  239.16
 189     1.228 56528.07324281 35.01 195.565416  62.746246   -100  229.98  238.98  239.16
 189     1.398 56528.07324340 35.45 195.570430  62.747518   -100  229.98  238.98  239.16
 190     1.463 56537.98889202 33.39 195.558670  62.744619 23.793  224.27  235.04  235.51
 190     1.206 56537.98889261 37.87 195.563683  62.745892   -100  224.27  235.04  235.51
 190     1.151 56537.98889320 37.53 195.568697  62.747164   -100  224.27  235.04  235.51
 191     1.505 56547.90453800 42.84 195.559061  62.744439   -100 -100.00 -100.00 -100.00
 191     1.696 56547.90453860 46.04 195.564074  62.745711   -100 -100.00 -100.00 -100.00
 191     1.772 56547.90453919 46.95 195.569088  62.746984   -100 -100.00 -100.00 -100.00
 192     1.047 56557.82018173 34.36 195.561719  62.745857   -100  224.87  231.94  234.75
 192     1.086 56557.82018232 33.69 195.566733  62.747130   -100  224.87  231.94  234.75
 192     1.176 56557.82018291 36.34 195.571747  62.748402   -100  224.87  231.94  234.75
 193     1.103 56567.73582370 31.98 195.557048  62.746011 20.354 -100.00 -100.00 -100.00
 193     1.084 56567.73582429 33.08 195.562062  62.747283 24.489 -100.00 -100.00 -100.00
 193     1.277 56567.73582488 36.14 195.567076  62.748555   -100 -100.00 -100.00 -100.00
 194     1.289 56577.65146504 38.24 195.558368  62.747728   -100  218.10  229.44  230.77
 194     1.218 56577.65146563 38.42 195.563382  62.749000   -100  218.10  229.44  230.77
 194     1.212 56577.65146622 39.89 195.568396  62.750272   -100  218.10  229.44  230.77
 195     1.504 56587.56710216 33.91 195.555783  62.746953 24.826  207.31  216.53  220.35
 195     1.052 56587.56710275 36.25 195.560796  62.748225   -100  207.31  216.53  220.35
 195     1.370 56587.56710334 35.74 195.565810  62.749498 31.428  207.31  216.53  220.35
 196     1.416 56597.48274330 39.99 195.555787  62.746104 26.991  214.52  223.64  227.70
 196     1.968 56597.48274389 47.05 195.560800  62.747377 29.652  214.52  223.64  227.70
 196     1.463 56597.48274448 44.38 195.565813  62.748649   -100  214.52  223.64  227.70
 197     1.614 56607.39839498 39.23 195.556905  62.746306 29.297  212.38  221.23  227.73
 197     2.047 56607.39839557 41.86 195.561918  62.747578 26.680  212.38  221.23  227.73
 197     1.574 56607.39839616 42.90 195.566932  62.748850   -100  212.38  221.23  227.73
 198     0.915 56617.31404200 37.11 195.559594  62.747150   -100  227.23  231.39  236.37
 198     2.373 56617.31404259 32.30 195.564608  62.748422 17.552  227.23  231.39  236.37
 198     2.708 56617.31404319 31.76 195.569622  62.749694 17.358  227.23  231.39  236.37
 199     0.623 56627.22968501 31.78 195.556604  62.746416 18.437  241.04  244.28  247.86
 199     2.430 56627.22968560 27.67 195.561617  62.747688 10.201  241.04  244.28  247.86
 199     2.947 56627.22968619 26.77 195.566631  62.748960  8.062  241.04  244.28  247.86
 200     0.792 56637.14532569 33.11 195.557859  62.746129 17.654  232.34  235.98  237.60
 200     0.856 56637.14532628 35.05 195.562873  62.747402 24.508  232.34  235.98  237.60
 200     0.647 56637.14532687 35.14 195.567887  62.748674 26.438  232.34  235.98  237.60
 201     1.544 56647.06096743 25.29 195.559360  62.745059  6.314 -100.00 -100.00 -100.00
 201     2.106 56647.06096802 25.41 195.564373  62.746331  6.326 -100.00 -100.00 -100.00
 201     2.825 56647.06096861 25.33 195.569387  62.747604  6.384 -100.00 -100.00 -100.00
 202     2.073 56656.97661986 22.30 195.562284  62.745239  3.759 -100.00 -100.00 -100.00
 202     2.512 56656.97662045 22.40 195.567298  62.746512  4.147 -100.00 -100.00 -100.00
 202     2.790 56656.97662104 21.79 195.572313  62.747784  3.476 -100.00 -100.00 -100.00
 203     1.420 56666.89226756 33.33 195.561934  62.744793 23.882  242.63  245.31  243.59
 203     1.210 56666.89226816 35.34 195.566949  62.746066   -100  242.63  245.31  243.59
 203     1.498 56666.89226875 34.04 195.571963  62.747338 27.337  242.63  245.31  243.59
 205     1.101 56686.72355644 37.03 195.559435  62.745898   -100  236.48  235.98  227.32
 205     1.193 56686.72355703 36.16 195.564449  62.747171 32.565  236.48  235.98  227.32
 205     1.296 56686.72355762 37.02 195.569464  62.748443   -100  236.48  235.98  227.32
 206     1.577 56696.63919804 24.12 195.557059  62.745557  6.511 -100.00 -100.00 -100.00
 206     1.972 56696.63919863 24.32 195.562072  62.746830  6.088 -100.00 -100.00 -100.00
 206     2.275 56696.63919922 25.77 195.567086  62.748102  9.059 -100.00 -100.00 -100.00
 207     1.732 56706.55483568 22.77 195.561155  62.745490  5.384  232.63  229.50  223.44
 207     2.042 56706.55483627 23.69 195.566169  62.746762  6.978  232.63  229.50  223.44
 207     2.247 56706.55483686 23.62 195.571183  62.748034  7.159  232.63  229.50  223.44
 208     0.719 56716.47046930 31.10 195.559985  62.743673   -100  241.75  244.38  243.35
 208     1.045 56716.47046989 31.43 195.564998  62.744946 31.323  241.75  244.38  243.35
 208     1.215 56716.47047048 33.38 195.570011  62.746218   -100  241.75  244.38  243.35
 209     1.541 56726.38612254 18.61 195.559686  62.744798  6.020  226.86  223.44  216.65
 209     1.606 56726.38612313 18.25 195.564699  62.746071  5.296  226.86  223.44  216.65
 209     2.296 56726.38612372 17.99 195.569713  62.747343  4.729  226.86  223.44  216.65
 211     0.659 56746.21741777 20.81 195.556701  62.748316  9.463  239.51  236.73  230.57
 211     1.574 56746.21741836 18.03 195.561715  62.749588  6.024  239.51  236.73  230.57
 211     1.001 56746.21741895 25.17 195.566730  62.750860 17.136  239.51  236.73  230.57
 212     1.059 56756.13305903 16.56 195.553608  62.747862  5.038  238.67  235.29  227.18
 212     1.341 56756.13305962 16.72 195.558621  62.749134  5.489  238.67  235.29  227.18
 212     1.874 56756.13306021 15.95 195.563635  62.750406  3.786  238.67  235.29  227.18
 213     0.925 56766.04869501 42.44 195.555881  62.746930   -100 -100.00 -100.00 -100.00
 213     1.113 56766.04869560 41.28 195.560895  62.748203   -100 -100.00 -100.00 -100.00
 213     1.022 56766.04869619 42.81 195.565909  62.749475   -100 -100.00 -100.00 -100.00
 214     0.931 56775.96433611 42.95 195.561196  62.746891   -100  236.44  241.00  243.70
 214     1.013 56775.96433670 44.00 195.566210  62.748163   -100  236.44  241.00  243.70
 215     1.472 56785.87999220 36.14 195.556204  62.746607   -100 -100.00 -100.00 -100.00
 215     1.370 56785.87999280 41.47 195.561218  62.747879  0.682 -100.00 -100.00 -100.00
 215     1.333 56785.87999339 41.19 195.566232  62.749151  0.498 -100.00 -100.00 -100.00
 216     2.555 56795.79564523 26.20 195.555998  62.748037 15.855  221.59  229.03  231.72
 216     2.965 56795.79564582 26.30 195.561012  62.749309 15.873  221.59  229.03  231.72
 216     3.048 56795.79564641 27.92 195.566027  62.750582 16.386  221.59  229.03  231.72
 217     2.000 56805.71129366 31.39 195.554528  62.748436   -100 -100.00 -100.00 -100.00
 217     2.061 56805.71129425 30.33 195.559542  62.749708 30.476 -100.00 -100.00 -100.00
 217     3.051 56805.71129484 28.87 195.564557  62.750980 21.333 -100.00 -100.00 -100.00
 219     1.628 56825.54257381 23.88 195.557278  62.745361 11.647  226.66  238.16  239.22
 219     1.870 56825.54257440 24.72 195.562292  62.746633 13.358  226.66  238.16  239.22
 219     1.737 56825.54257499 27.15 195.567305  62.747905 18.182  226.66  238.16  239.22
 220     1.890 56835.45820870 21.44 195.560447  62.743927 11.192 -100.00 -100.00 -100.00
 220     1.664 56835.45820929 24.02 195.565460  62.745199 15.246 -100.00 -100.00 -100.00
 220     1.675 56835.45820988 28.77 195.570473  62.746471 31.110 -100.00 -100.00 -100.00
 221     1.883 56845.37384015 20.90 195.560643  62.743165  4.989  228.83  243.46  239.84
 221     1.864 56845.37384074 22.29 195.565655  62.744437  7.436  228.83  243.46  239.84
 221     2.049 56845.37384133 22.95 195.570668  62.745709  9.639  228.83  243.46  239.84
 222     2.133 56855.28948727 25.74 195.563238  62.745345 17.751  228.30  243.65  241.27
 222     2.222 56855.28948786 25.80 195.568251  62.746617 17.061  228.30  243.65  241.27
 222     2.186 56855.28948845 29.01 195.573265  62.747889 27.717  228.30  243.65  241.27
 223     2.486 56865.20514067 20.67 195.559515  62.746290  6.129 -100.00 -100.00 -100.00
 223     1.932 56865.20514126 22.71 195.564528  62.747562  9.505 -100.00 -100.00 -100.00
 223     1.918 56865.20514185 30.24 195.569542  62.748834 28.944 -100.00 -100.00 -100.00
 224     1.629 56875.12079365 23.07 195.560700  62.747104 11.417  232.15  244.49  241.29
 224     1.851 56875.12079424 24.65 195.565714  62.748376 12.851  232.15  244.49  241.29
 225     1.712 56885.03644308 24.86 195.559080  62.746398 11.926  237.39  248.86  245.39
 225     1.692 56885.03644367 24.94 195.564094  62.747670 14.013  237.39  248.86  245.39
 225     1.932 56885.03644426 27.04 195.569108  62.748942 15.680  237.39  248.86  245.39
 226     1.469 56894.95208974 29.75 195.559650  62.746128 23.468  243.44  250.90  248.37
 226     1.482 56894.95209034 35.43 195.564664  62.747400   -100  243.44  250.90  248.37
 226     1.462 56894.95209093 35.45 195.569678  62.748672   -100  243.44  250.90  248.37
 227     1.435 56904.86773329 33.92 195.559659  62.746977   -100  231.70  240.91  239.44
 227     1.462 56904.86773388 34.98 195.564673  62.748249   -100  231.70  240.91  239.44
 227     1.455 56904.86773447 36.32 195.569688  62.749520   -100  231.70  240.91  239.44
 228     2.203 56914.78337447 23.15 195.557141  62.748266 11.949  233.60  242.14  239.96
 228     2.794 56914.78337506 22.84 195.562155  62.749538 11.126  233.60  242.14  239.96
 228     2.082 56914.78337565 28.49 195.567170  62.750810 23.295  233.60  242.14  239.96
 229     1.535 56924.69901393 51.67 195.556139  62.749402 28.416  227.45  233.62  234.64
 229     1.623 56924.69901452 54.60 195.561153  62.750674   -100  227.45  233.62  234.64
 230     1.125 56934.61465060 34.79 195.556955  62.749222   -100  221.30  229.59  233.01
 230     1.121 56934.61465119 35.38 195.561969  62.750495   -100  221.30  229.59  233.01
 231     1.078 56944.53028194 32.14 195.559266  62.747368 27.304 -100.00 -100.00 -100.00
 231     1.320 56944.53028253 33.49 195.564279  62.748640 25.890 -100.00 -100.00 -100.00
 232     1.470 56954.44593076 42.17 195.559722  62.746083 28.991 -100.00 -100.00 -100.00
 232     1.014 56954.44593135 45.25 195.564735  62.747356  8.646 -100.00 -100.00 -100.00
 232     0.811 56954.44593194 45.36 195.569749  62.748628 10.908 -100.00 -100.00 -100.00
 233     1.427 56964.36158042 40.20 195.558073  62.745750 32.038  232.14  236.54  234.00
 233     1.160 56964.36158101 41.03 195.563086  62.747023   -100  232.14  236.54  234.00
 233     1.116 56964.36158160 43.22 195.568099  62.748295   -100  232.14  236.54  234.00
 234     1.733 56974.27722564 45.79 195.556558  62.746648   -100 -100.00 -100.00 -100.00
 234     1.424 56974.27722623 48.41 195.561572  62.747920 11.468 -100.00 -100.00 -100.00
 234     1.529 56974.27722682 48.32 195.566585  62.749192 15.465 -100.00 -100.00 -100.00
 235     1.038 56984.19286634 31.49 195.554226  62.746872  9.363  235.77  238.80  240.26
 235     1.205 56984.19286693 31.27 195.559239  62.748144  9.239  235.77  238.80  240.26
 235     1.304 56984.19286752 31.72 195.564253  62.749416 10.798  235.77  238.80  240.26
 236     1.010 56994.10850243 24.29 195.557026  62.746100  5.912  236.72  240.89  237.43
 236     0.967 56994.10850302 24.25 195.562040  62.747372  5.946  236.72  240.89  237.43
 236     1.051 56994.10850361 25.98 195.567054  62.748645  8.806  236.72  240.89  237.43
 237     0.921 57004.02414111 20.27 195.559694  62.743728  3.731  236.54  235.09  231.79
 237     1.119 57004.02414170 19.90 195.564708  62.745001  3.488  236.54  235.09  231.79
 237     1.163 57004.02414229 20.22 195.569721  62.746273  3.411  236.54  235.09  231.79
 238     0.996 57013.93979741 18.81 195.561791  62.743172  3.316  243.21  242.01  238.48
 238     1.240 57013.93979800 18.98 195.566804  62.744444  3.380  243.21  242.01  238.48
 238     1.279 57013.93979859 19.46 195.571818  62.745716  4.034  243.21  242.01  238.48
 239     1.398 57023.85544876 37.37 195.563657  62.744357 29.059  241.62  240.67  231.23
 239     1.129 57023.85544935 38.92 195.568671  62.745629   -100  241.62  240.67  231.23
 239     1.087 57023.85544994 41.93 195.573685  62.746901   -100  241.62  240.67  231.23
 240     1.152 57033.77109717 23.31 195.560473  62.746143  9.815  235.02  236.58  226.98
 240     1.153 57033.77109776 23.95 195.565487  62.747415 10.424  235.02  236.58  226.98
 240     1.511 57033.77109835 23.10 195.570502  62.748687 10.029  235.02  236.58  226.98
 241     1.285 57043.68674305 17.79 195.556989  62.747157  3.717  232.25  231.32  222.51
 241     1.303 57043.68674364 17.79 195.562002  62.748429  4.341  232.25  231.32  222.51
 241     1.370 57043.68674423 17.96 195.567017  62.749701  4.212  232.25  231.32  222.51
