#   32.005 -68.832  63.930 ;Mean Elev.(m), Avg Gradient(m/km), RMS Gradient(m/km)
   1 202.069511  64.818324    36.445    36.630  4 54659.09646540 20.960
   3 202.068521  64.818191    15.119    15.216  4 54678.92775569  7.666
   4 202.066430  64.820168   119.667   123.226  4 54688.84339839  4.182
   5 202.067141  64.821378    16.711    16.760  4 54698.75903937  8.512
   6 202.063187  64.821230   122.644   122.644  2 54708.67468244  7.725
   7 202.067193  64.818157    19.567    20.177  4 54718.59033464 15.274
   9 202.069989  64.814013    96.466    97.042  3 54738.42163161 12.756
  10 202.066636  64.815134    83.037    83.090  5 54748.33727846 24.876
  11 202.065871  64.816318    98.134    97.948  4 54758.25292522 22.405
  12 202.068032  64.816303    32.702    32.737  4 54768.16857015 43.835
  13 202.066792  64.815451    95.879    95.759  4 54778.08421147 12.421
  14 202.064109  64.814520    82.208    82.100  4 54787.99985028 17.909
  15 202.067217  64.813924    32.776    32.817  4 54797.91548860 34.726
  17 202.067852  64.817821    33.056    32.863  4 54817.74676377 21.272
  18 202.066535  64.818838    32.993    32.995  4 54827.66241383 22.194
  19 202.066791  64.818208    33.928    33.939  4 54837.57805296 16.659
  21 202.066892  64.817875    34.173    34.316  4 54857.40935112 10.503
  22 202.068575  64.818452    33.244    33.316  4 54867.32500004 12.079
  23 202.069220  64.818394    35.083    35.237  4 54877.24064824  9.937
  24 202.069586  64.817359    35.921    35.787  4 54887.15629348 11.048
  25 202.067198  64.815694    36.091    36.012  4 54897.07193513  8.956
  26 202.068166  64.814076    36.788    36.817  4 54906.98757448  7.890
  27 202.068270  64.814100    35.213    35.338  4 54916.90321248  7.017
  28 202.067261  64.815280    33.480    33.374  4 54926.81885019  7.408
  29 202.067536  64.816154    36.451    36.305  4 54936.73448740  8.388
  31 202.066819  64.816051   144.246   144.829  4 54956.56575604  1.218
  32 202.065189  64.815245    93.259    88.455  4 54966.48140461 14.955
  33 202.058484  64.816232   129.366   129.366  2 54976.39705159  0.671
  38 202.067122  64.818136    96.957    97.010  4 55025.97528001 23.650
  40 202.067546  64.819534    96.243    96.362  4 55045.80656328 24.601
  41 202.065626  64.819570    82.649    82.607  4 55055.72220259 26.128
  46 202.065430  64.815945    94.662    95.196  4 55105.30042852 23.741
  47 202.069049  64.815355    99.944    99.103  4 55115.21607457  8.302
  48 202.067379  64.814829    96.130    96.315  4 55125.13171773 12.597
  50 202.065205  64.814509    32.602    32.610  4 55144.96299673 37.140
  51 202.066531  64.815436    34.500    34.710  5 55154.87863469 24.416
  52 202.068187  64.816515    34.575    34.433  4 55164.79427298 22.179
  53 202.069092  64.817693    35.072    35.282  4 55174.70991099 20.121
  54 202.066860  64.818460    34.852    34.875  4 55184.62555056 19.075
  55 202.067520  64.818140    34.852    34.927  4 55194.54120183 17.118
  56 202.065385  64.818607    34.307    34.212  4 55204.45685147 17.991
  57 202.066311  64.819203    34.987    35.070  4 55214.37250069 13.826
  58 202.065924  64.819317    34.814    34.835  4 55224.28814932 13.221
  59 202.065099  64.818007    34.684    34.456  4 55234.20379624 12.770
  60 202.068520  64.815221    35.209    35.036  4 55244.11944042 12.983
  61 202.068264  64.813442    34.902    34.762  4 55254.03508119 13.025
  62 202.067263  64.813636    35.692    35.706  4 55263.95071988 12.439
  63 202.068028  64.815282    35.274    35.348  4 55273.86635773 13.055
  64 202.069521  64.816415    35.384    35.318  4 55283.78199522 10.817
  65 202.066623  64.816557    34.982    35.101  4 55293.69763097 10.886
  66 202.064000  64.815506    35.133    35.104  4 55303.61326789 12.008
  68 202.064763  64.814589   129.527   128.878  4 55323.44456103  3.051
  76 202.064724  64.820958    97.529    97.598  4 55402.76968502 19.411
  80 202.068384  64.813710    97.733    98.596  4 55442.43227810 20.225
  81 202.066373  64.815629    97.911    97.858  4 55452.34792085 23.911
  82 202.065940  64.817207   118.471   118.471  2 55462.26356296  2.921
  83 202.066297  64.816647    95.880    95.201  4 55472.17920356 19.470
  84 202.067917  64.814783    94.807    94.852  4 55482.09484153 21.877
  85 202.065592  64.813864    31.738    31.729  4 55492.01047686 43.267
  86 202.067739  64.814664    31.414    31.429  4 55501.92611077 34.608
  87 202.069218  64.816618    31.336    31.342  4 55511.84175558 38.142
  88 202.066101  64.818751    32.454    32.452  4 55521.75740480 38.433
  89 202.065291  64.819069    32.650    32.688  4 55531.67305311 30.681
  90 202.068219  64.817620    32.173    32.260  4 55541.58870024 31.200
  91 202.064372  64.817462    32.231    32.272  4 55551.50434454 28.662
  92 202.067278  64.817594    32.499    32.504  4 55561.41998794 19.348
  93 202.066211  64.819141    32.285    32.239  4 55571.33563010 20.309
  94 202.069229  64.819151    34.528    34.586  4 55581.25127160 15.401
  95 202.067112  64.817899    34.227    34.249  4 55591.16690964 14.300
  96 202.068271  64.815265    34.146    33.946  4 55601.08254487 14.999
  97 202.066913  64.814046    33.525    33.628  4 55610.99817762 16.025
  98 202.068254  64.814965    33.559    33.902  4 55620.91380948 16.874
  99 202.068478  64.816696    33.936    33.590  4 55630.82946229 16.184
 100 202.068034  64.817825    33.343    33.287  4 55640.74511309 16.711
 101 202.066950  64.816981    31.855    31.431  4 55650.66076134 18.941
 102 202.067711  64.814378    34.729    34.659  4 55660.57640627 12.799
 103 202.066232  64.813210    32.953    33.063  5 55670.49204745 15.230
 105 202.058130  64.818317    79.582    79.582  2 55690.32332324  9.368
 106 202.065425  64.819649    94.836    95.160  4 55700.23895973 21.582
 109 202.065669  64.817958    98.458    98.516  4 55729.98589729 21.104
 110 202.064375  64.818274    97.765    97.900  4 55739.90154379 18.456
 112 202.069158  64.818246    98.607    99.182  4 55759.73283274 19.425
 115 202.066342  64.814379    99.479    99.405  5 55789.47974422 11.381
 116 202.066334  64.815178    93.166    92.679  4 55799.39537724 28.048
 118 202.066448  64.817971    96.355    96.255  4 55819.22667245 16.970
 119 202.071527  64.816960   100.883   100.883  2 55829.14231747  3.747
 120 202.063133  64.816514    95.823    96.323  3 55839.05795680 15.903
 121 202.073683  64.813606    77.720    77.720  2 55848.97359501  6.331
 122 202.065269  64.815810    95.750    95.974  4 55858.88922913 20.295
 123 202.065818  64.817832    31.686    31.669  4 55868.80487730 40.516
 133 202.064349  64.814557    35.701    35.729  4 55967.96132058 10.027
 134 202.065709  64.815409    35.386    35.277  4 55977.87695745 10.232
 135 202.067881  64.816655    35.933    35.928  4 55987.79259374  9.852
 136 202.067626  64.817473    35.499    35.596  4 55997.70823337  9.794
 137 202.067673  64.816553    35.510    35.454  4 56007.62388479  9.373
 138 202.067676  64.815172    35.512    35.578  4 56017.53953202  8.472
 139 202.065860  64.814948    32.360    32.335  4 56027.45517607  9.215
 142 202.065339  64.819368   109.651   110.158  4 56057.20209647 10.847
 143 202.066215  64.820148   103.693   103.800  4 56067.11772991 20.796
 145 202.065713  64.818808   111.515   121.927  3 56086.94902766  2.383
 147 202.067690  64.817911    98.576    98.581  4 56106.78031877 13.991
 150 202.072894  64.814762   110.360   110.360  2 56136.52722116  3.794
 151 202.068408  64.815360    83.474    83.341  4 56146.44286457 26.460
 153 202.064485  64.816983    98.187    96.930  4 56166.27416203  8.059
 156 202.068919  64.815312   103.996   103.996  2 56196.02108736  6.776
 157 202.062341  64.816867   123.926   123.926  2 56205.93672116  0.860
 159 202.066151  64.819869    97.216    97.306  4 56225.76799392 19.906
 160 202.066071  64.820017    31.752    31.721  4 56235.68364927 41.301
 161 202.069609  64.818815    33.116    32.285  4 56245.59930115 30.198
 162 202.069679  64.818101    35.333    35.501  4 56255.51494757 19.035
 163 202.066934  64.818647    34.576    34.802  4 56265.43058969 20.451
 164 202.067197  64.818990    35.220    35.191  5 56275.34623036 16.664
 165 202.065935  64.818581    35.250    35.228  4 56285.26187587 15.550
 166 202.069398  64.816186    35.370    35.395  4 56295.17752688 15.236
 167 202.063947  64.814853    34.592    34.744  4 56305.09317284 16.344
 168 202.066594  64.813854    35.377    35.435  5 56315.00881594 14.941
 169 202.067263  64.815018    35.498    35.611  4 56324.92445683 13.575
 170 202.067653  64.816748    35.693    35.762  4 56334.84009690 13.123
 171 202.069069  64.817147    36.061    35.955  4 56344.75573626 12.544
 172 202.065094  64.817101    35.685    35.886  4 56354.67137284 12.589
 173 202.068840  64.815224    35.783    35.763  4 56364.58701812 12.806
 174 202.066154  64.815209    35.868    35.799  4 56374.50266681 11.714
 176 202.069731  64.817690    36.053    36.110  4 56394.33395679 11.154
 177 202.069095  64.818859    35.715    35.577  4 56404.24959861 10.015
 178 202.067490  64.819323    35.913    36.007  4 56414.16523737  7.897
 180 202.068552  64.818305    95.977    94.912  4 56433.99651693  4.268
 181 202.065707  64.818403   100.883   100.842  4 56443.91216889 20.248
 182 202.067769  64.818498    38.483    38.471  4 56453.82781880 29.421
 187 202.067210  64.815811    99.170    99.379  4 56503.40602082  6.619
 190 202.068766  64.817153    90.380    90.380  2 56533.15295493  7.822
 193 202.067847  64.816680   108.837   108.837  2 56562.89989057  1.718
 194 202.068179  64.819163    93.649    95.260  4 56572.81553196 25.950
 195 202.068353  64.820685    97.866   103.083  4 56582.73117132 23.224
 196 202.067021  64.820628   108.983   105.131  3 56592.64680621 17.662
 197 202.068901  64.818355    96.091    96.030  4 56602.56245769 25.835
 198 202.064488  64.817712    31.626    31.667  4 56612.47810664 41.360
 199 202.068630  64.817710    32.390    32.496  4 56622.39375195 28.963
 200 202.068961  64.818582    32.621    32.600  4 56632.30939391 26.519
 201 202.065307  64.819239    33.438    32.857  4 56642.22503117 23.580
 202 202.064771  64.817120    34.653    34.774  4 56652.14068069 18.951
 203 202.063976  64.814739    34.984    34.988  4 56662.05633047 18.012
 204 202.065528  64.813646    34.314    34.288  4 56671.97197746 18.473
 205 202.066735  64.815240    35.196    35.288  5 56681.88762256 18.266
 206 202.065708  64.817574    35.690    35.776  4 56691.80326541 17.015
 207 202.066850  64.818558    35.717    35.685  4 56701.71890471 16.251
 208 202.064359  64.818001    35.195    35.178  4 56711.63453885 16.242
 210 202.066901  64.815162    35.818    35.954  4 56731.46583589 14.157
 211 202.066061  64.817051    35.249    35.247  4 56741.38148354 13.709
 212 202.069718  64.819031    35.744    35.618  4 56751.29712728 12.936
 213 202.069739  64.820522    36.998    37.015  4 56761.21276564 12.411
 215 202.060352  64.819267   124.687   124.687  2 56781.04405111  1.428
 216 202.065554  64.816831    97.750    97.682  4 56790.95970658 20.982
 217 202.069287  64.816108   115.710   115.799  4 56800.87535875  9.895
 219 202.066078  64.817873    98.886   102.094  4 56820.70664334 21.541
 221 202.064757  64.815471    99.046    99.652  4 56840.53791230 18.558
 222 202.064239  64.815249    97.663    98.413  4 56850.45354765 23.327
 223 202.064114  64.816125    98.590    98.687  4 56860.36920199 25.032
 226 202.068446  64.816986   104.047   100.119  3 56890.11615426  6.364
 227 202.063025  64.816056   101.537    98.542  3 56900.03179839 14.248
 228 202.065180  64.815624    96.764    96.494  4 56909.94744106 17.698
 229 202.061279  64.817976   102.952   103.408  3 56919.86308134 19.145
 232 202.064922  64.820987    96.867    92.230  4 56949.60999107 13.888
 233 202.067715  64.818321    32.866    32.857  4 56959.52564389 49.444
 234 202.065292  64.817280    31.915    31.921  4 56969.44129097 43.141
 235 202.065857  64.817309    32.996    32.949  4 56979.35693431 35.527
 236 202.068323  64.817844    33.823    33.798  4 56989.27257333 34.249
 237 202.069782  64.818165    33.660    33.057  4 56999.18820601 22.297
 238 202.069382  64.816862    34.079    33.370  4 57009.10385784 20.773
 239 202.065688  64.815536    33.695    33.575  4 57019.01951019 20.081
 240 202.068731  64.814396    35.475    35.545  4 57028.93516010 18.338
 241 202.067655  64.815397    34.686    34.818  4 57038.85080785 17.892
