#   62.837  -0.680   2.507 ;Mean Elev.(m), Avg Gradient(m/km), RMS Gradient(m/km)
   1 208.116999  65.146040    62.810    62.842  3 54667.99687909 53.939
   2 208.114237  65.147122    62.930    62.964  3 54677.91252313 32.154
   6 208.114598  65.147049    62.383    62.384  3 54717.57510132 48.185
   8 208.118508  65.142684   108.290   108.146  3 54737.40639892 17.096
   9 208.116842  65.143848    61.439    61.439  4 54747.32204598 44.619
  10 208.115167  65.145429    60.865    60.883  3 54757.23769260 41.765
  11 208.116352  65.145516    61.405    61.488  3 54767.15333761 37.158
  12 208.118450  65.143795    62.180    62.208  3 54777.06897959 37.332
  13 208.116641  65.142382    62.240    62.263  3 54786.98461880 38.596
  14 208.115812  65.142371    62.269    62.322  3 54796.90025695 36.095
  17 208.114267  65.147790    62.160    62.180  3 54826.64718042 21.482
  18 208.116702  65.146609    62.289    62.303  4 54836.56281996 17.500
  19 208.117860  65.145914    62.754    62.732  3 54846.47846965 17.307
  20 208.117616  65.146197    62.843    62.827  3 54856.39411848 16.980
  21 208.117296  65.147341    62.944    62.958  3 54866.30976722 16.683
  22 208.115798  65.147812    62.747    62.723  3 54876.22541536 16.143
  23 208.117825  65.146718    63.243    63.257  3 54886.14106101 14.729
  24 208.117341  65.144635    62.941    62.909  3 54896.05670307 15.073
  26 208.118415  65.142417    63.437    63.381  3 54915.88798087 10.726
  27 208.116170  65.143803    63.324    63.319  4 54925.80361859 11.163
  28 208.119636  65.144668    58.825    58.825  2 54935.71925620 18.000
  29 208.118077  65.145349    62.514    62.376  3 54945.63489144 24.725
  30 208.115797  65.144907   112.000   111.866  3 54955.55052412 23.174
  31 208.118197  65.143108   111.829   111.644  4 54965.46617204 23.035
  32 208.118449  65.142810    62.319    62.320  3 54975.38182000 50.769
  33 208.117079  65.144257   109.891   109.915  4 54985.29746747 24.604
  35 208.118808  65.146479   110.067   109.890  3 55005.12876134 32.900
  36 208.116975  65.146664    62.912    62.904  4 55015.04440519 52.947
  37 208.116340  65.146554    62.487    62.480  3 55024.96004779 51.059
  38 208.118148  65.146973    62.589    62.532  3 55034.87569008 40.525
  39 208.115608  65.148094    62.359    62.359  2 55044.79133121 49.272
  40 208.116611  65.148114    62.411    62.445  3 55054.70697104 52.096
  41 208.115283  65.147011   108.600   108.592  3 55064.62260845 20.311
  42 208.116110  65.144984    62.007    61.989  3 55074.53825570 49.283
  43 208.116594  65.143557   109.127   109.192  3 55084.45390377 27.174
  44 208.117655  65.143434   108.676   108.755  3 55094.36955019 21.977
  45 208.117021  65.144015    61.682    61.661  4 55104.28519625 36.507
  46 208.116538  65.144400    61.275    61.214  3 55114.20084212 40.527
  47 208.115179  65.144163    60.885    60.858  3 55124.11648549 47.056
  48 208.116807  65.143321    60.697    60.713  3 55134.03212638 39.524
  49 208.116350  65.142936    61.168    61.143  3 55143.94776495 38.294
  50 208.117161  65.143473    61.496    61.498  4 55153.86340301 28.402
  51 208.117986  65.144642    61.705    61.711  3 55163.77904140 23.254
  52 208.114742  65.146589    62.005    62.188  3 55173.69467914 22.016
  53 208.117925  65.147071    62.032    62.134  3 55183.61031757 20.228
  54 208.115990  65.147157    62.166    61.998  4 55193.52596863 18.340
  55 208.116384  65.147109    62.178    62.154  4 55203.44161863 17.093
  56 208.115706  65.147634    62.270    62.277  3 55213.35726779 16.301
  57 208.118079  65.147384    62.123    61.903  3 55223.27291681 15.868
  58 208.115660  65.146528    62.293    62.100  3 55233.18856392 16.142
  60 208.117457  65.142784    62.168    62.071  4 55253.01984927 15.709
  61 208.116726  65.142584    62.017    61.906  3 55262.93548800 14.900
  62 208.117540  65.143736    62.096    62.061  4 55272.85112586 14.601
  63 208.114798  65.145140    61.429    61.421  3 55282.76676313 18.854
  64 208.115453  65.145012    61.409    61.535  3 55292.68239956 33.835
  65 208.116166  65.144026    61.294    61.301  4 55302.59803540 34.342
  66 208.116448  65.142814   108.590   108.653  3 55312.51368324 18.952
  67 208.117084  65.142994   109.026   109.035  3 55322.42932870 20.619
  68 208.116143  65.144374   108.932   108.953  3 55332.34497267 18.709
  69 208.115249  65.145756    61.568    61.562  3 55342.26061660 49.051
  70 208.115038  65.146186    62.041    62.128  3 55352.17626039 46.497
  71 208.118349  65.145831   109.757   110.226  3 55362.09190238 22.504
  72 208.115991  65.146420    62.192    62.227  3 55372.00754180 46.617
  74 208.114552  65.148776    62.677    62.616  3 55391.83881740 36.951
  75 208.114127  65.149197    63.030    63.030  2 55401.75445355 47.990
  76 208.113074  65.147527   137.378   132.083  3 55411.67010381 19.769
  77 208.116311  65.144396    63.244    63.231  3 55421.58575399 52.043
  78 208.117972  65.142355   109.594   109.566  4 55431.50140110 24.426
  79 208.116983  65.142818   109.320   109.258  3 55441.41704559 11.289
  80 208.117091  65.144278   108.727   108.639  4 55451.33268856 22.794
  81 208.116438  65.145481    62.047    62.132  4 55461.24833078 37.867
  82 208.116088  65.144882    61.398    61.413  3 55471.16397180 34.686
  83 208.118355  65.143170    61.132    61.133  3 55481.07961018 46.288
  84 208.118387  65.142279    60.758    60.749  3 55490.99524593 45.923
  85 208.116419  65.143600    61.262    61.262  3 55500.91087939 41.995
  86 208.115993  65.145583    61.500    61.383  3 55510.82652221 40.099
  87 208.117033  65.146782    62.051    62.066  3 55520.74217199 34.927
  88 208.115708  65.147145    62.344    62.352  3 55530.65782054 33.165
  89 208.116635  65.146312    62.330    62.341  3 55540.57346769 27.685
  90 208.118784  65.145627    62.402    62.363  3 55550.48911277 24.040
  91 208.116201  65.146544    62.473    62.468  4 55560.40475569 20.735
  93 208.115345  65.148244    62.609    62.586  3 55580.23603921 15.491
  94 208.115949  65.146540    62.608    62.648  4 55590.15167788 15.239
  95 208.117469  65.143843    62.567    62.521  3 55600.06731358 15.561
  96 208.118060  65.142367    62.670    62.748  3 55609.98294686 14.970
  97 208.118106  65.143445    62.890    62.924  3 55619.89857859 14.677
  98 208.116328  65.145641    62.849    62.877  4 55629.81422886 13.674
  99 208.114259  65.146929    62.955    63.015  3 55639.72987963 12.755
 102 208.117909  65.141458    62.777    62.619  3 55669.47681586 12.941
 103 208.117482  65.142747   128.851   125.946  3 55679.39245520  8.369
 104 208.117543  65.145568    63.538    63.483  3 55689.30809252 50.062
 105 208.115330  65.148053   112.234   111.594  3 55699.22372819 24.357
 106 208.115982  65.148309    64.092    64.115  3 55709.13936596 43.576
 107 208.114014  65.147228    63.209    63.111  3 55719.05501640 46.420
 108 208.117268  65.146101   109.439   109.987  3 55728.97066492 19.983
 109 208.115282  65.146750    62.845    62.845  3 55738.88631146 54.431
 110 208.113857  65.147774    63.599    63.657  3 55748.80195682 54.875
 111 208.115840  65.147546   124.317   124.402  4 55758.71760026 22.282
 112 208.117612  65.145977    63.249    63.286  3 55768.63324096 53.199
 113 208.118809  65.143609   109.737   109.629  3 55778.54887849 19.773
 114 208.117622  65.142432    62.724    62.728  4 55788.46451314 49.686
 115 208.117962  65.143337   109.808   109.726  4 55798.38014645 22.312
 116 208.117536  65.145162   109.548   109.794  4 55808.29579100 21.182
 117 208.114702  65.146906    61.986    62.020  3 55818.21143953 41.838
 118 208.116999  65.146067    61.883    61.874  4 55828.12708470 41.452
 119 208.117523  65.144185    61.518    61.512  3 55838.04272542 42.376
 120 208.117561  65.142696    61.155    61.137  4 55847.95836302 46.292
 121 208.115233  65.144085    61.076    61.151  3 55857.87399807 42.454
 122 208.118837  65.145975    60.571    60.566  3 55867.78964436 35.836
 123 208.113047  65.148620    61.363    61.349  3 55877.70529562 29.470
 133 208.118061  65.143187    62.717    62.637  4 55976.86172630 13.006
 134 208.116380  65.145356    63.179    63.159  4 55986.77736234 12.468
 135 208.117232  65.146499    62.947    63.022  3 55996.69300005 12.230
 136 208.114776  65.145839    63.098    63.091  3 56006.60865148 10.762
 137 208.117289  65.143686    61.754    61.455  4 56016.52429934 16.809
 139 208.118553  65.143641    61.646    61.673  3 56036.35558680 34.209
 141 208.116263  65.147939    62.033    61.963  3 56056.18686510 41.529
 142 208.113952  65.148999    61.636    61.761  3 56066.10249864 43.812
 143 208.117680  65.147671    63.259    63.258  3 56076.01814587 54.970
 144 208.114205  65.147276    63.692    63.703  3 56085.93379477 52.387
 145 208.117831  65.146517    63.658    63.654  3 56095.84944198 42.850
 146 208.116386  65.146663    63.376    63.345  3 56105.76508656 52.065
 147 208.116623  65.146003   111.174   111.261  4 56115.68071689 24.285
 148 208.116727  65.145207    63.201    63.124  3 56125.59635503 52.476
 149 208.115230  65.144470    63.455    63.497  3 56135.51198904 47.790
 150 208.116530  65.143908    62.868    62.868  4 56145.42763125 47.859
 151 208.117187  65.144049    62.475    62.473  3 56155.34328109 50.209
 152 208.117316  65.144851    62.338    62.373  4 56165.25892981 46.877
 153 208.116932  65.145343    62.138    62.129  4 56175.17457630 39.478
 154 208.118294  65.144989    62.115    62.131  3 56185.09021790 46.352
 155 208.117589  65.144290    62.844    62.809  4 56195.00585556 48.954
 156 208.116173  65.144448    61.954    61.975  4 56204.92149022 43.880
 157 208.116008  65.145831    61.542    61.536  4 56214.83712348 46.326
 158 208.115974  65.147951    60.575    60.552  3 56224.75276037 37.240
 159 208.113340  65.148956    61.210    61.089  3 56234.66841583 36.596
 160 208.113700  65.148557    62.051    62.069  3 56244.58406771 34.788
 161 208.116103  65.147394    62.457    62.520  3 56254.49971484 31.680
 162 208.117251  65.146991    62.726    62.714  3 56264.41535760 28.571
 165 208.117168  65.145352    63.039    63.049  3 56294.16229402 17.868
 166 208.115395  65.143733    62.811    62.786  3 56304.07794075 17.727
 168 208.115382  65.143712    62.809    62.748  3 56323.90922452 15.154
 169 208.118836  65.144737    63.101    63.062  3 56333.82486502 15.357
 170 208.118719  65.145387    63.426    63.380  3 56343.74050461 14.910
 171 208.115321  65.145562    63.193    63.267  3 56353.65614162 14.638
 173 208.117010  65.143974    63.275    63.363  3 56373.48743409 14.004
 175 208.115709  65.146431    63.465    63.374  3 56393.31872410 12.957
 176 208.121982  65.146716    62.865    62.865  2 56403.23436698 23.678
 177 208.114616  65.148055    62.948    62.927  3 56413.15000568 36.942
 178 208.113125  65.148120   124.975   124.781  3 56423.06564003  9.434
 179 208.114976  65.147643    63.077    63.107  3 56432.98128326 44.290
 180 208.116165  65.147108    64.480    64.465  3 56442.89693585 55.796
 181 208.116971  65.147081    65.449    65.479  3 56452.81258584 33.926
 182 208.117425  65.146258   118.082   111.990  3 56462.72823329  9.780
 184 208.117681  65.143084    62.977    62.917  3 56482.55951813 52.600
 185 208.117837  65.142914    63.133    63.140  4 56492.47515514 52.134
 187 208.116332  65.146676    63.039    63.028  4 56512.30642211 50.691
 188 208.116110  65.147082    62.788    62.786  4 56522.22206925 50.157
 189 208.115406  65.145920    62.627    62.623  3 56532.13772177 51.129
 191 208.115255  65.144140   108.401   108.275  3 56551.96901550 13.891
 192 208.115087  65.145688    61.870    61.871  3 56561.88465812 48.648
 193 208.114711  65.147872    61.744    61.747  3 56571.80029954 44.976
 194 208.110427  65.149811    61.280    61.280  2 56581.71593889 45.162
 195 208.113560  65.149259    61.119    61.082  3 56591.63157480 41.178
 196 208.116538  65.147284    60.995    60.995  4 56601.54722446 41.074
 197 208.116033  65.146239    61.392    61.397  4 56611.46287426 35.338
 198 208.114984  65.146958    61.741    61.736  3 56621.37851933 24.134
 199 208.115376  65.147753    61.817    61.812  3 56631.29416150 21.392
 200 208.116748  65.147433    61.977    61.921  3 56641.20979986 22.509
 201 208.114935  65.145483    61.963    61.939  3 56651.12544764 18.323
 202 208.116344  65.142865    62.504    62.500  4 56661.04109815 15.832
 203 208.117313  65.142126    62.380    62.297  3 56670.95674530 15.143
 205 208.116643  65.146186    63.176    63.121  3 56690.78803328 16.931
 206 208.117223  65.146859    63.526    63.379  3 56700.70367305 15.638
 207 208.116231  65.145845    63.133    63.124  4 56710.61930801 16.608
 208 208.116809  65.144278    62.987    63.081  3 56720.53495105 15.623
 211 208.115618  65.148249    63.334    63.272  3 56750.28189475 15.268
 212 208.113063  65.149745    63.260    63.260  2 56760.19753346 15.035
 213 208.115557  65.149004   122.187   122.187  2 56770.11316630 12.576
 214 208.117694  65.146677    62.806    62.807  3 56780.02881830 43.967
 215 208.114545  65.145676   110.858   110.679  3 56789.94447335 19.544
 216 208.118429  65.145195   135.879   135.879  2 56799.86012578  6.860
 217 208.114779  65.146618    62.218    62.207  3 56809.77577091 39.582
 219 208.117299  65.145142    62.790    62.798  4 56829.60704813 42.940
 221 208.116646  65.143279    63.450    63.473  4 56849.43831462 52.282
 222 208.116465  65.144386    63.554    63.571  4 56859.35396902 50.907
 223 208.118152  65.146174   109.403   109.419  3 56869.26962261 27.993
 224 208.115725  65.147137    63.237    63.240  3 56879.18527352 40.207
 225 208.118280  65.145606    62.944    62.956  3 56889.10092160 45.998
 226 208.115273  65.144119    62.817    62.810  3 56899.01656645 34.297
 227 208.117640  65.143687   110.039   109.983  4 56908.93220941 20.552
 228 208.117217  65.145733    62.733    62.723  4 56918.84785016 44.781
 229 208.115403  65.148656    62.245    62.245  2 56928.76348869 48.628
 231 208.114770  65.149477    61.211    61.211  2 56948.59475749 40.724
 232 208.114832  65.147045    61.164    61.165  3 56958.51041068 42.194
 233 208.117337  65.145327    61.321    61.345  4 56968.42605878 37.079
 234 208.115041  65.145967    62.106    62.113  3 56978.34170233 33.840
 235 208.116690  65.146910    62.221    62.221  3 56988.25734173 27.214
 236 208.118402  65.147175    62.760    62.579  3 56998.17297503 22.805
 237 208.117246  65.145810    62.467    62.466  3 57008.08862397 21.099
 238 208.116532  65.143736    62.140    62.161  4 57018.00427720 20.815
 239 208.116278  65.142958    62.436    62.151  4 57027.91992714 19.268
 240 208.116478  65.144112    62.700    62.717  3 57037.83557532 19.223
 241 208.118541  65.145634    62.418    62.460  3 57047.75122116 17.355
