#   88.083  -0.215   4.939 ;Mean Elev.(m), Avg Gradient(m/km), RMS Gradient(m/km)
   1    90.198 54662.99895112 43.19 210.998705  66.044320 28.824 -100.00 -100.00 -100.00
   1    90.454 54662.99895171 43.14 211.005138  66.044075 28.480 -100.00 -100.00 -100.00
   2    90.025 54672.91459588 27.76 210.996540  66.045076 23.430 -100.00 -100.00 -100.00
   2    90.192 54672.91459647 28.57 211.002973  66.044832 25.975 -100.00 -100.00 -100.00
   3     5.005 54682.83023929  1.22 210.995077  66.046285  2.024 -100.00 -100.00 -100.00
   3     3.663 54682.83023988  1.52 211.001510  66.046040  1.942 -100.00 -100.00 -100.00
   3     2.273 54682.83024047  1.50 211.007942  66.045796  1.818 -100.00 -100.00 -100.00
   4    89.405 54692.74588205 30.81 211.000251  66.046799 26.181 -100.00 -100.00 -100.00
   4    89.586 54692.74588264 32.96 211.006684  66.046554   -100 -100.00 -100.00 -100.00
   5    -0.193 54702.66152175  0.30 210.998501  66.046430  2.081 -100.00 -100.00 -100.00
   5     0.270 54702.66152234  0.28 211.004934  66.046185  2.032 -100.00 -100.00 -100.00
   6    90.100 54712.57717061 43.06 210.999202  66.044585   -100 -100.00 -100.00 -100.00
   6    90.122 54712.57717120 49.14 211.005634  66.044341   -100 -100.00 -100.00 -100.00
   8    89.331 54732.40846970 41.89 210.995496  66.042069 21.511 -100.00 -100.00 -100.00
   8    88.370 54732.40847029 47.28 211.001927  66.041824   -100 -100.00 -100.00 -100.00
   8    88.236 54732.40847088 42.38 211.008358  66.041579 27.293 -100.00 -100.00 -100.00
   9    89.049 54742.32411646 36.65 210.994815  66.042693 24.791 -100.00 -100.00 -100.00
   9    88.371 54742.32411705 41.06 211.001247  66.042448  9.126 -100.00 -100.00 -100.00
   9    88.211 54742.32411764 37.96 211.007678  66.042203   -100 -100.00 -100.00 -100.00
  10    88.077 54752.23976344 23.84 210.998485  66.043237 10.353 -100.00 -100.00 -100.00
  10    88.053 54752.23976403 22.65 211.004916  66.042992  8.067 -100.00 -100.00 -100.00
  11    87.894 54762.15540976 43.57 210.997915  66.043148   -100 -100.00 -100.00 -100.00
  11    87.621 54762.15541035 47.13 211.004347  66.042903  9.091 -100.00 -100.00 -100.00
  12    86.678 54772.07105330 39.64 210.993618  66.042072 28.279 -100.00 -100.00 -100.00
  12    86.609 54772.07105389 43.84 211.000050  66.041827   -100 -100.00 -100.00 -100.00
  12    86.210 54772.07105448 44.02 211.006482  66.041582  7.607 -100.00 -100.00 -100.00
  13    87.728 54781.98669446 36.55 210.995861  66.040974   -100 -100.00 -100.00 -100.00
  13    87.324 54781.98669505 34.78 211.002293  66.040729   -100 -100.00 -100.00 -100.00
  13    87.256 54781.98669564 32.04 211.008724  66.040484   -100 -100.00 -100.00 -100.00
  14    88.366 54791.90233266 35.07 210.993372  66.041029 26.411 -100.00 -100.00 -100.00
  14    88.011 54791.90233325 28.30 210.999804  66.040784 17.351 -100.00 -100.00 -100.00
  14    87.849 54791.90233384 29.99 211.006236  66.040539 18.936 -100.00 -100.00 -100.00
  17    87.634 54821.64924897 35.27 210.996844  66.044239   -100 -100.00 -100.00 -100.00
  17    87.336 54821.64924956 33.65 211.003276  66.043994  7.797 -100.00 -100.00 -100.00
  18    87.128 54831.56490136 36.03 210.999559  66.043710 23.889 -100.00 -100.00 -100.00
  18    87.255 54831.56490195 27.41 211.005991  66.043465   -100 -100.00 -100.00 -100.00
  19    87.101 54841.48053976 23.67 210.996596  66.043798 18.909 -100.00 -100.00 -100.00
  19    86.936 54841.48054036 30.05 211.003028  66.043553   -100 -100.00 -100.00 -100.00
  20    86.975 54851.39618866 29.35 210.996177  66.044757   -100 -100.00 -100.00 -100.00
  20    86.849 54851.39618925 26.69 211.002609  66.044512   -100 -100.00 -100.00 -100.00
  21    86.751 54861.31183737 29.27 210.998113  66.046146   -100 -100.00 -100.00 -100.00
  21    86.525 54861.31183796 25.55 211.004545  66.045901 29.333 -100.00 -100.00 -100.00
  22    86.974 54871.22748572 27.78 210.995495  66.046937 28.907 -100.00 -100.00 -100.00
  22    86.385 54871.22748631 30.93 211.001928  66.046692   -100 -100.00 -100.00 -100.00
  22    86.840 54871.22748690 18.83 211.008361  66.046447 10.839 -100.00 -100.00 -100.00
  23    86.430 54881.14313303 25.26 210.998159  66.045638 27.119 -100.00 -100.00 -100.00
  23    86.848 54881.14313362 20.47 211.004591  66.045393 13.746 -100.00 -100.00 -100.00
  24    87.212 54891.05877693 16.42 210.998829  66.043108  7.059 -100.00 -100.00 -100.00
  24    87.187 54891.05877752 17.81 211.005261  66.042863  9.717 -100.00 -100.00 -100.00
  25    88.896 54900.97441759 15.37 210.996387  66.041073  7.402 -100.00 -100.00 -100.00
  25    87.505 54900.97441819 14.26 211.002819  66.040828  5.936 -100.00 -100.00 -100.00
  26    89.337 54910.89005667  9.74 210.997100  66.041139  3.476 -100.00 -100.00 -100.00
  26    88.827 54910.89005726 10.21 211.003532  66.040894  3.690 -100.00 -100.00 -100.00
  27    88.608 54920.80569449  8.37 210.997210  66.042711  2.788 -100.00 -100.00 -100.00
  27    87.603 54920.80569508  8.79 211.003642  66.042466  3.453 -100.00 -100.00 -100.00
  28    89.664 54930.72133193  8.82 210.998741  66.043821  3.047 -100.00 -100.00 -100.00
  28    87.885 54930.72133252  9.02 211.005173  66.043576  3.345 -100.00 -100.00 -100.00
  29    91.418 54940.63696786  8.46 210.997450  66.043209  3.198 -100.00 -100.00 -100.00
  29    89.875 54940.63696845  8.59 211.003882  66.042964  3.507 -100.00 -100.00 -100.00
  30    85.770 54950.55260218 34.09 210.996313  66.041552   -100 -100.00 -100.00 -100.00
  30    85.913 54950.55260277 35.04 211.002744  66.041307   -100 -100.00 -100.00 -100.00
  31    90.876 54960.46824215 41.67 210.996279  66.040285   -100 -100.00 -100.00 -100.00
  31    91.043 54960.46824274 42.69 211.002710  66.040041   -100 -100.00 -100.00 -100.00
  32    90.864 54970.38389064 47.99 210.994861  66.040963 31.354 -100.00 -100.00 -100.00
  32    90.867 54970.38389123 50.06 211.001292  66.040719 32.389 -100.00 -100.00 -100.00
  32    90.434 54970.38389182 51.42 211.007723  66.040474  3.433 -100.00 -100.00 -100.00
  33    91.006 54980.29953811 50.32 210.995604  66.042645 15.930 -100.00 -100.00 -100.00
  33    90.955 54980.29953870 51.22 211.002036  66.042400  7.825 -100.00 -100.00 -100.00
  33    90.832 54980.29953929 54.37 211.008467  66.042156   -100 -100.00 -100.00 -100.00
  34    75.975 54990.21518544 20.98 210.997475  66.044018  7.816 -100.00 -100.00 -100.00
  34    74.648 54990.21518603 17.14 211.003907  66.043774  4.181 -100.00 -100.00 -100.00
  35    93.894 55000.13083241 30.06 210.996570  66.044134 15.725 -100.00 -100.00 -100.00
  35    90.186 55000.13083300 38.06 211.003002  66.043889   -100 -100.00 -100.00 -100.00
  36    94.021 55010.04647760 30.01 210.995621  66.043893 13.528 -100.00 -100.00 -100.00
  36    93.661 55010.04647819 28.13 211.002053  66.043648 10.565 -100.00 -100.00 -100.00
  36    93.350 55010.04647878 28.55 211.008485  66.043403 11.286 -100.00 -100.00 -100.00
  37    93.652 55019.96212161 27.86 210.999292  66.043595 10.362 -100.00 -100.00 -100.00
  37    92.918 55019.96212220 28.54 211.005724  66.043350 12.043 -100.00 -100.00 -100.00
  38    88.738 55029.87776382 48.36 210.997009  66.044706   -100 -100.00 -100.00 -100.00
  38    88.464 55029.87776441 52.24 211.003442  66.044462 13.204 -100.00 -100.00 -100.00
  39    88.478 55039.79340591 47.11 211.000114  66.045949   -100 -100.00 -100.00 -100.00
  39    88.018 55039.79340650 51.40 211.006547  66.045704 24.000 -100.00 -100.00 -100.00
  40    88.068 55049.70904615 43.05 210.997624  66.046819   -100 -100.00 -100.00 -100.00
  40    87.834 55049.70904674 42.73 211.004057  66.046574   -100 -100.00 -100.00 -100.00
  41    87.844 55059.62468439 33.61 210.995922  66.045729 31.835 -100.00 -100.00 -100.00
  41    87.678 55059.62468498 35.28 211.002354  66.045484   -100 -100.00 -100.00 -100.00
  42    88.032 55069.54032491 43.80 210.999474  66.043060 28.360 -100.00 -100.00 -100.00
  42    88.104 55069.54032550 40.12 211.005905  66.042815   -100 -100.00 -100.00 -100.00
  43    89.347 55079.45597447 46.03 210.998878  66.040792 24.057 -100.00 -100.00 -100.00
  43    88.438 55079.45597506 50.47 211.005309  66.040547   -100 -100.00 -100.00 -100.00
  44    88.796 55089.37162187 47.93 210.997421  66.040658 25.966 -100.00 -100.00 -100.00
  44    87.937 55089.37162246 50.46 211.003852  66.040413   -100 -100.00 -100.00 -100.00
  45    88.929 55099.28726802 46.18 210.996356  66.042311   -100 -100.00 -100.00 -100.00
  45    88.936 55099.28726861 50.23 211.002787  66.042066   -100 -100.00 -100.00 -100.00
  46    87.977 55109.20291399 46.06 210.999000  66.043862   -100 -100.00 -100.00 -100.00
  46    88.178 55109.20291458 51.42 211.005432  66.043617   -100 -100.00 -100.00 -100.00
  47    87.300 55119.11855845 45.12 210.998817  66.043563   -100 -100.00 -100.00 -100.00
  47    87.614 55119.11855904 50.34 211.005250  66.043318   -100 -100.00 -100.00 -100.00
  48    86.633 55129.03420034 42.85 210.997022  66.041553   -100 -100.00 -100.00 -100.00
  48    86.636 55129.03420093 48.42 211.003454  66.041308   -100 -100.00 -100.00 -100.00
  49    86.868 55138.94984052 42.79 210.998981  66.039623   -100 -100.00 -100.00 -100.00
  49    86.520 55138.94984111 47.31 211.005412  66.039378  9.264 -100.00 -100.00 -100.00
  50    86.627 55148.86547885 38.70 210.995845  66.040142   -100 -100.00 -100.00 -100.00
  50    86.578 55148.86547945 39.84 211.002276  66.039897   -100 -100.00 -100.00 -100.00
  50    86.502 55148.86548004 39.43 211.008708  66.039652   -100 -100.00 -100.00 -100.00
  51    86.514 55158.78111710 31.28 210.996639  66.042493 19.686 -100.00 -100.00 -100.00
  51    86.387 55158.78111769 30.01 211.003071  66.042249 15.028 -100.00 -100.00 -100.00
  52    86.737 55168.69675501 31.33 210.996802  66.044678 18.301 -100.00 -100.00 -100.00
  52    86.897 55168.69675560 30.86 211.003234  66.044433 15.830 -100.00 -100.00 -100.00
  53    86.973 55178.61239195 30.37 210.995604  66.045356 16.472 -100.00 -100.00 -100.00
  53    87.109 55178.61239254 31.31 211.002037  66.045112 17.796 -100.00 -100.00 -100.00
  53    86.675 55178.61239313 32.20 211.008469  66.044867 23.754 -100.00 -100.00 -100.00
  54    86.587 55188.52803727 27.05 210.993874  66.044444 12.931 -100.00 -100.00 -100.00
  54    86.810 55188.52803786 28.90 211.000306  66.044200 13.787 -100.00 -100.00 -100.00
  54    86.782 55188.52803845 25.89 211.006738  66.043955  9.611 -100.00 -100.00 -100.00
  55    91.206 55198.44368850 20.14 210.999656  66.043701  5.575 -100.00 -100.00 -100.00
  55    90.986 55198.44368909 19.83 211.006088  66.043456  5.395 -100.00 -100.00 -100.00
  56    90.348 55208.35933799 19.55 210.996961  66.044543  5.771 -100.00 -100.00 -100.00
  56    91.118 55208.35933858 19.03 211.003393  66.044298  6.001 -100.00 -100.00 -100.00
  57    91.717 55218.27498700 18.04 210.994924  66.046013  5.406 -100.00 -100.00 -100.00
  57    90.988 55218.27498759 18.37 211.001356  66.045768  5.543 -100.00 -100.00 -100.00
  57    90.757 55218.27498818 17.44 211.007789  66.045523  4.324 -100.00 -100.00 -100.00
  58    91.599 55228.19063561 17.68 210.996610  66.046165  4.633 -100.00 -100.00 -100.00
  58    91.222 55228.19063620 18.49 211.003043  66.045921  5.591 -100.00 -100.00 -100.00
  59    91.580 55238.10628106 17.78 210.995981  66.044749  4.983 -100.00 -100.00 -100.00
  59    91.486 55238.10628165 18.06 211.002413  66.044504  5.342 -100.00 -100.00 -100.00
  60    92.008 55248.02192338 18.39 210.999528  66.042038  6.187 -100.00 -100.00 -100.00
  60    91.462 55248.02192397 18.07 211.005959  66.041793  5.826 -100.00 -100.00 -100.00
  61    92.255 55257.93756274 17.55 210.997412  66.040289  5.712 -100.00 -100.00 -100.00
  61    91.778 55257.93756333 17.60 211.003844  66.040044  5.696 -100.00 -100.00 -100.00
  62    92.191 55267.85320154 16.99 210.998245  66.040459  4.486 -100.00 -100.00 -100.00
  62    91.853 55267.85320213 17.38 211.004677  66.040214  4.973 -100.00 -100.00 -100.00
  63    91.888 55277.76883954 18.04 210.995250  66.042367  6.294 -100.00 -100.00 -100.00
  63    91.711 55277.76884013 17.64 211.001682  66.042122  5.413 -100.00 -100.00 -100.00
  63    91.152 55277.76884072 18.08 211.008113  66.041877  7.411 -100.00 -100.00 -100.00
  64    92.080 55287.68447655 15.82 210.994524  66.043708  7.283 -100.00 -100.00 -100.00
  64    91.739 55287.68447714 14.52 211.000956  66.043464  4.821 -100.00 -100.00 -100.00
  64    91.290 55287.68447773 14.58 211.007388  66.043219  5.404 -100.00 -100.00 -100.00
  65    92.230 55297.60011123 14.08 210.993904  66.043533  4.822 -100.00 -100.00 -100.00
  65    91.850 55297.60011182 14.24 211.000336  66.043289  4.948 -100.00 -100.00 -100.00
  65    91.378 55297.60011241 14.32 211.006767  66.043044  4.993 -100.00 -100.00 -100.00
  66    86.210 55307.51575315 30.03 210.993830  66.041660   -100 -100.00 -100.00 -100.00
  66    86.304 55307.51575374 30.59 211.000261  66.041416   -100 -100.00 -100.00 -100.00
  66    85.657 55307.51575433 29.23 211.006691  66.041171 25.600 -100.00 -100.00 -100.00
  67    87.173 55317.43139960 41.33 210.993338  66.040155   -100 -100.00 -100.00 -100.00
  67    87.065 55317.43140019 41.20 210.999768  66.039911   -100 -100.00 -100.00 -100.00
  67    87.031 55317.43140078 44.35 211.006198  66.039666   -100 -100.00 -100.00 -100.00
  68    89.836 55327.34704518 47.37 210.996240  66.040378 20.294 -100.00 -100.00 -100.00
  68    88.902 55327.34704577 50.33 211.002670  66.040133   -100 -100.00 -100.00 -100.00
  69    88.329 55337.26268947 44.13 210.994897  66.042438   -100 -100.00 -100.00 -100.00
  69    87.873 55337.26269006 46.52 211.001328  66.042193 17.023 -100.00 -100.00 -100.00
  69    87.659 55337.26269065 44.07 211.007759  66.041948  6.746 -100.00 -100.00 -100.00
  70    89.695 55347.17833336 44.24 210.994180  66.044452 19.731 -100.00 -100.00 -100.00
  70    88.742 55347.17833395 47.18 211.000612  66.044207   -100 -100.00 -100.00 -100.00
  70    88.737 55347.17833454 52.36 211.007043  66.043963  8.231 -100.00 -100.00 -100.00
  71    88.324 55357.09397616 26.00 210.998200  66.044985 15.845 -100.00 -100.00 -100.00
  71    88.395 55357.09397675 32.34 211.004633  66.044740   -100 -100.00 -100.00 -100.00
  72    91.492 55367.00961667 21.65 210.999095  66.044615  8.593 -100.00 -100.00 -100.00
  72    91.607 55367.00961726 22.99 211.005527  66.044371 11.591 -100.00 -100.00 -100.00
  73    89.312 55376.92525529 43.09 210.995210  66.044315 28.798 -100.00 -100.00 -100.00
  73    89.218 55376.92525588 47.34 211.001642  66.044071   -100 -100.00 -100.00 -100.00
  73    88.870 55376.92525647 52.75 211.008074  66.043826   -100 -100.00 -100.00 -100.00
  74    90.371 55386.84089377 45.29 210.999503  66.044522 29.946 -100.00 -100.00 -100.00
  74    89.686 55386.84089436 51.68 211.005935  66.044278 30.101 -100.00 -100.00 -100.00
  75    89.451 55396.75653071 30.44 210.996842  66.045400 24.007 -100.00 -100.00 -100.00
  75    89.330 55396.75653130 33.22 211.003275  66.045155   -100 -100.00 -100.00 -100.00
  76    89.371 55406.67217298 29.39 210.996713  66.045622 21.217 -100.00 -100.00 -100.00
  76    89.614 55406.67217357 34.47 211.003145  66.045378   -100 -100.00 -100.00 -100.00
  77    89.520 55416.58782423 43.33 210.996829  66.044376   -100 -100.00 -100.00 -100.00
  77    89.514 55416.58782482 48.43 211.003261  66.044132   -100 -100.00 -100.00 -100.00
  78    89.965 55426.50347239 33.15 210.999873  66.042030   -100 -100.00 -100.00 -100.00
  78    89.863 55426.50347298 35.49 211.006304  66.041785   -100 -100.00 -100.00 -100.00
  79    91.345 55436.41911745 44.13 210.998698  66.040530 14.759 -100.00 -100.00 -100.00
  79    89.895 55436.41911804 49.33 211.005128  66.040285   -100 -100.00 -100.00 -100.00
  80    88.924 55446.33476087 42.90 210.994563  66.040794   -100 -100.00 -100.00 -100.00
  80    89.284 55446.33476146 47.17 211.000994  66.040550 27.894 -100.00 -100.00 -100.00
  80    88.494 55446.33476205 51.36 211.007425  66.040305   -100 -100.00 -100.00 -100.00
  81    88.479 55456.25040455 46.44 210.999830  66.041924  1.550 -100.00 -100.00 -100.00
  81    88.580 55456.25040514 52.41 211.006261  66.041679   -100 -100.00 -100.00 -100.00
  82    87.479 55466.16604685 37.21 210.997580  66.043287   -100 -100.00 -100.00 -100.00
  82    87.510 55466.16604744 38.07 211.004012  66.043042   -100 -100.00 -100.00 -100.00
  83    86.889 55476.08168595 38.37 210.993816  66.043254   -100 -100.00 -100.00 -100.00
  83    86.986 55476.08168654 40.42 211.000248  66.043009   -100 -100.00 -100.00 -100.00
  83    87.113 55476.08168713 42.26 211.006680  66.042764   -100 -100.00 -100.00 -100.00
  84    86.647 55485.99732274 42.25 210.999074  66.041669   -100 -100.00 -100.00 -100.00
  84    86.263 55485.99732333 47.47 211.005506  66.041425 10.222 -100.00 -100.00 -100.00
  85    87.134 55495.91295676 42.27 210.997328  66.040482 18.004 -100.00 -100.00 -100.00
  85    85.944 55495.91295735 47.58 211.003760  66.040238 14.745 -100.00 -100.00 -100.00
  86    86.062 55505.82859135 40.21 210.995456  66.041189 25.707 -100.00 -100.00 -100.00
  86    85.774 55505.82859194 44.32 211.001888  66.040945   -100 -100.00 -100.00 -100.00
  86    85.363 55505.82859253 42.48 211.008320  66.040700  0.720 -100.00 -100.00 -100.00
  87    85.830 55515.74424204 41.36 210.997348  66.042835   -100 -100.00 -100.00 -100.00
  87    85.520 55515.74424263 47.54 211.003780  66.042590  7.557 -100.00 -100.00 -100.00
  88    87.012 55525.65989150 34.45 210.995787  66.044673   -100 -100.00 -100.00 -100.00
  88    87.045 55525.65989209 34.33 211.002220  66.044428   -100 -100.00 -100.00 -100.00
  88    86.912 55525.65989268 34.89 211.008652  66.044183   -100 -100.00 -100.00 -100.00
  89    86.770 55535.57553900 25.80 210.994289  66.045344 16.595 -100.00 -100.00 -100.00
  89    89.947 55535.57553959 24.63 211.000721  66.045100 12.294 -100.00 -100.00 -100.00
  89    86.790 55535.57554018 24.00 211.007154  66.044855 12.033 -100.00 -100.00 -100.00
  90    87.047 55545.49118503 25.05 210.999417  66.044788 13.678 -100.00 -100.00 -100.00
  90    90.218 55545.49118562 24.63 211.005850  66.044544 11.715 -100.00 -100.00 -100.00
  91    87.132 55555.40682857 32.59 210.997622  66.044599 30.135 -100.00 -100.00 -100.00
  91    87.097 55555.40682916 33.35 211.004054  66.044354   -100 -100.00 -100.00 -100.00
  92    87.224 55565.32247107 22.03 210.994725  66.045035  8.153 -100.00 -100.00 -100.00
  92    86.973 55565.32247166 24.40 211.001157  66.044790 13.556 -100.00 -100.00 -100.00
  92    86.951 55565.32247225 22.67 211.007590  66.044545  9.733 -100.00 -100.00 -100.00
  93    90.647 55575.23811351 22.45 210.998016  66.045139  8.479 -100.00 -100.00 -100.00
  93    90.289 55575.23811411 22.50 211.004448  66.044895  9.190 -100.00 -100.00 -100.00
  94    87.367 55585.15375396 21.75 210.997156  66.044419  6.877 -100.00 -100.00 -100.00
  94    87.273 55585.15375455 21.64 211.003589  66.044175  6.502 -100.00 -100.00 -100.00
  95    90.697 55595.06939100 21.51 210.995393  66.043059  7.056 -100.00 -100.00 -100.00
  95    88.261 55595.06939159 21.05 211.001825  66.042814  7.174 -100.00 -100.00 -100.00
  95    90.157 55595.06939218 21.54 211.008258  66.042569  8.616 -100.00 -100.00 -100.00
  96    91.083 55604.98502528 20.80 210.998914  66.041656  6.564 -100.00 -100.00 -100.00
  96    87.022 55604.98502587 22.20 211.005346  66.041412  9.170 -100.00 -100.00 -100.00
  97    91.237 55614.90065680 19.47 210.995156  66.041463  8.133 -100.00 -100.00 -100.00
  97    91.252 55614.90065739 17.99 211.001588  66.041218  6.491 -100.00 -100.00 -100.00
  97    90.766 55614.90065798 18.04 211.008020  66.040974  6.072 -100.00 -100.00 -100.00
  98    91.216 55624.81629635 15.93 210.993720  66.042120  5.726 -100.00 -100.00 -100.00
  98    90.916 55624.81629694 15.99 211.000152  66.041876  6.032 -100.00 -100.00 -100.00
  98    90.775 55624.81629753 16.39 211.006584  66.041631  6.249 -100.00 -100.00 -100.00
  99    90.946 55634.73194914 15.67 210.997673  66.042554  5.598 -100.00 -100.00 -100.00
  99    90.804 55634.73194973 15.69 211.004105  66.042309  5.546 -100.00 -100.00 -100.00
 100    91.131 55644.64759930 14.48 210.996717  66.042687  5.224 -100.00 -100.00 -100.00
 100    90.644 55644.64759989 14.70 211.003149  66.042442  5.849 -100.00 -100.00 -100.00
 101    91.014 55654.56324691 14.55 210.998482  66.042098  5.107 -100.00 -100.00 -100.00
 101    90.649 55654.56324750 14.92 211.004913  66.041854  5.826 -100.00 -100.00 -100.00
 102    91.206 55664.47888975 13.77 210.997589  66.041327  4.634 -100.00 -100.00 -100.00
 102    90.869 55664.47889034 14.17 211.004020  66.041082  5.436 -100.00 -100.00 -100.00
 103    91.291 55674.39452981  8.59 210.998963  66.041069  4.223 -100.00 -100.00 -100.00
 103    90.835 55674.39453040  9.32 211.005394  66.040824  5.016 -100.00 -100.00 -100.00
 104    87.025 55684.31016819 32.78 210.999767  66.041806 30.775 -100.00 -100.00 -100.00
 104    86.870 55684.31016878 33.45 211.006198  66.041561   -100 -100.00 -100.00 -100.00
 105    88.835 55694.22580493 41.51 210.996325  66.043353   -100 -100.00 -100.00 -100.00
 105    88.708 55694.22580552 40.42 211.002757  66.043108   -100 -100.00 -100.00 -100.00
 106    89.198 55704.14144084 44.45 210.998918  66.044537   -100 -100.00 -100.00 -100.00
 106    89.173 55704.14144143 49.58 211.005351  66.044292   -100 -100.00 -100.00 -100.00
 107    92.916 55714.05708685 35.46 210.999347  66.044906 30.826 -100.00 -100.00 -100.00
 107    93.285 55714.05708744 39.18 211.005780  66.044662   -100 -100.00 -100.00 -100.00
 108    90.532 55723.97273554 42.57 210.994818  66.044979 26.385 -100.00 -100.00 -100.00
 108    90.779 55723.97273613 47.56 211.001250  66.044735 27.146 -100.00 -100.00 -100.00
 108    90.206 55723.97273672 52.89 211.007683  66.044490   -100 -100.00 -100.00 -100.00
 109    90.077 55733.88838270 42.16 210.994830  66.045067   -100 -100.00 -100.00 -100.00
 109    90.449 55733.88838329 48.48 211.001263  66.044823 26.636 -100.00 -100.00 -100.00
 109    89.788 55733.88838388 52.61 211.007695  66.044578  5.977 -100.00 -100.00 -100.00
 110    90.791 55743.80402871 30.14 210.996055  66.045258 29.916 -100.00 -100.00 -100.00
 110    90.779 55743.80402930 33.73 211.002487  66.045014   -100 -100.00 -100.00 -100.00
 111    89.986 55753.71967342 32.57 210.998756  66.044899 30.529 -100.00 -100.00 -100.00
 111    90.312 55753.71967401 33.72 211.005189  66.044654 27.763 -100.00 -100.00 -100.00
 112    90.811 55763.63531517 38.40 210.993946  66.043853 29.043 -100.00 -100.00 -100.00
 112    90.590 55763.63531576 40.19 211.000377  66.043609   -100 -100.00 -100.00 -100.00
 112    90.647 55763.63531635 43.37 211.006809  66.043364   -100 -100.00 -100.00 -100.00
 113    89.963 55773.55095454 31.41 210.993665  66.042257 21.272 -100.00 -100.00 -100.00
 113    89.671 55773.55095513 32.15 211.000096  66.042013 28.633 -100.00 -100.00 -100.00
 113    89.652 55773.55095572 32.54 211.006527  66.041768 29.336 -100.00 -100.00 -100.00
 114    89.552 55783.46659095 31.45 210.998319  66.040925 24.014 -100.00 -100.00 -100.00
 114    89.466 55783.46659154 31.14 211.004749  66.040680 25.587 -100.00 -100.00 -100.00
 115    91.519 55793.38222444 21.62 210.998665  66.041420 10.352 -100.00 -100.00 -100.00
 115    91.332 55793.38222503 19.71 211.005096  66.041176  8.185 -100.00 -100.00 -100.00
 116    90.456 55803.29785973 43.44 210.996444  66.042760 20.199 -100.00 -100.00 -100.00
 116    90.134 55803.29786032 46.48 211.002876  66.042516 24.737 -100.00 -100.00 -100.00
 117    89.250 55813.21350955 42.38 210.997233  66.043339 24.195 -100.00 -100.00 -100.00
 117    89.015 55813.21351014 48.62 211.003665  66.043095   -100 -100.00 -100.00 -100.00
 118    89.673 55823.12915753 41.50 210.997853  66.042750 17.650 -100.00 -100.00 -100.00
 118    88.431 55823.12915812 53.92 211.004285  66.042506   -100 -100.00 -100.00 -100.00
 119    88.649 55833.04480080 44.26 210.998747  66.041617   -100 -100.00 -100.00 -100.00
 119    88.038 55833.04480139 55.75 211.005180  66.041372 21.279 -100.00 -100.00 -100.00
 120    88.402 55842.96043955 43.61 210.997129  66.041099 21.680 -100.00 -100.00 -100.00
 120    87.905 55842.96044014 49.50 211.003561  66.040855   -100 -100.00 -100.00 -100.00
 121    87.218 55852.87607544 44.57 210.997657  66.041754   -100 -100.00 -100.00 -100.00
 121    87.312 55852.87607603 48.78 211.004090  66.041509   -100 -100.00 -100.00 -100.00
 122    87.359 55862.79171102 43.58 210.999873  66.043378 25.272 -100.00 -100.00 -100.00
 122    86.610 55862.79171161 46.80 211.006306  66.043134   -100 -100.00 -100.00 -100.00
 123    85.956 55872.70736473 40.43 210.994454  66.044704 32.038 -100.00 -100.00 -100.00
 123    85.933 55872.70736532 44.58 211.000886  66.044459   -100 -100.00 -100.00 -100.00
 123    85.540 55872.70736591 47.86 211.007319  66.044215 21.896 -100.00 -100.00 -100.00
 133    90.055 55971.86380295 16.72 210.998301  66.041372  5.249 -100.00 -100.00 -100.00
 133    89.899 55971.86380354 16.82 211.004733  66.041127  4.806 -100.00 -100.00 -100.00
 134    89.929 55981.77943902 16.59 210.998296  66.043275  5.223 -100.00 -100.00 -100.00
 134    89.520 55981.77943961 16.19 211.004728  66.043031  5.164 -100.00 -100.00 -100.00
 135    89.788 55991.69507344 15.79 210.995458  66.044010  5.052 -100.00 -100.00 -100.00
 135    89.573 55991.69507403 15.34 211.001890  66.043766  4.738 -100.00 -100.00 -100.00
 135    89.256 55991.69507462 15.29 211.008322  66.043521  4.268 -100.00 -100.00 -100.00
 136    89.736 56001.61072034 16.66 210.997037  66.042914  6.990 -100.00 -100.00 -100.00
 136    89.403 56001.61072093 15.46 211.003468  66.042670  4.641 -100.00 -100.00 -100.00
 137    89.316 56011.52637035 15.13 210.995877  66.041153  5.218 -100.00 -100.00 -100.00
 137    89.936 56011.52637094 15.61 211.002307  66.040909  5.619 -100.00 -100.00 -100.00
 137    86.619 56011.52637153 15.91 211.008738  66.040664  5.841 -100.00 -100.00 -100.00
 138    90.376 56021.44201694 14.48 210.998327  66.040565  4.429 -100.00 -100.00 -100.00
 138    89.819 56021.44201753 15.50 211.004757  66.040320  5.495 -100.00 -100.00 -100.00
 139    85.340 56031.35766029 17.48 210.997708  66.041806 12.683 -100.00 -100.00 -100.00
 139    85.265 56031.35766088 22.12 211.004139  66.041561 24.627 -100.00 -100.00 -100.00
 141    88.393 56051.18894084 39.77 210.999477  66.045267 13.672 -100.00 -100.00 -100.00
 141    88.686 56051.18894143 40.80 211.005909  66.045022   -100 -100.00 -100.00 -100.00
 142    89.435 56061.10457703 35.61 210.997785  66.045502   -100 -100.00 -100.00 -100.00
 142    89.385 56061.10457762 32.76 211.004217  66.045257 29.191 -100.00 -100.00 -100.00
 143    90.284 56071.02021474 43.64 210.995475  66.044708 29.845 -100.00 -100.00 -100.00
 143    89.867 56071.02021533 45.68 211.001907  66.044463   -100 -100.00 -100.00 -100.00
 143    90.027 56071.02021592 50.15 211.008339  66.044219   -100 -100.00 -100.00 -100.00
 144    91.847 56080.93586568 36.97 210.998174  66.044092   -100 -100.00 -100.00 -100.00
 144    92.270 56080.93586627 37.00 211.004607  66.043847 26.273 -100.00 -100.00 -100.00
 145    90.550 56090.85151341 28.82 210.995066  66.044704 21.439 -100.00 -100.00 -100.00
 145    90.595 56090.85151400 33.80 211.001498  66.044459   -100 -100.00 -100.00 -100.00
 145    91.274 56090.85151459 33.77 211.007930  66.044215 24.220 -100.00 -100.00 -100.00
 146    90.989 56100.76715917 42.74 210.996599  66.045618 29.043 -100.00 -100.00 -100.00
 146    90.513 56100.76715976 50.03 211.003032  66.045373 11.350 -100.00 -100.00 -100.00
 147    90.949 56110.68279048 42.77 210.994857  66.045384 19.983 -100.00 -100.00 -100.00
 147    90.283 56110.68279107 45.93 211.001289  66.045139   -100 -100.00 -100.00 -100.00
 147    90.117 56110.68279166 51.75 211.007721  66.044894   -100 -100.00 -100.00 -100.00
 148    91.968 56120.59843023 42.73 210.994016  66.043548 18.668 -100.00 -100.00 -100.00
 148    91.611 56120.59843082 45.72 211.000448  66.043304 27.271 -100.00 -100.00 -100.00
 148    91.146 56120.59843141 50.71 211.006879  66.043059   -100 -100.00 -100.00 -100.00
 149    91.166 56130.51406669 43.66 210.997556  66.041104 19.893 -100.00 -100.00 -100.00
 149    90.365 56130.51406729 47.92 211.003987  66.040860   -100 -100.00 -100.00 -100.00
 150    90.187 56140.42969994 42.74 210.993398  66.040381 24.879 -100.00 -100.00 -100.00
 150    90.383 56140.42970053 44.83 210.999828  66.040137 20.542 -100.00 -100.00 -100.00
 150    89.540 56140.42970112 49.82 211.006258  66.039893  0.525 -100.00 -100.00 -100.00
 151    89.168 56150.34535144 42.72 210.999365  66.041398 27.548 -100.00 -100.00 -100.00
 151    89.026 56150.34535203 49.91 211.005796  66.041153  7.069 -100.00 -100.00 -100.00
 152    89.870 56160.26100051 23.09 210.999835  66.043478 13.414 -100.00 -100.00 -100.00
 152    88.729 56160.26100110 27.54 211.006267  66.043233 22.479 -100.00 -100.00 -100.00
 153    88.919 56170.17664781 40.63 210.997524  66.044400 19.589 -100.00 -100.00 -100.00
 153    88.039 56170.17664840 46.90 211.003956  66.044155  0.308 -100.00 -100.00 -100.00
 154    88.903 56180.09229177 43.79 210.999629  66.043058   -100 -100.00 -100.00 -100.00
 154    88.780 56180.09229236 49.97 211.006061  66.042813  1.214 -100.00 -100.00 -100.00
 155    88.443 56190.00793122 42.93 210.996585  66.041329 32.349 -100.00 -100.00 -100.00
 155    88.468 56190.00793181 48.89 211.003016  66.041084   -100 -100.00 -100.00 -100.00
 156    89.503 56199.92356794 42.71 210.996424  66.040744 17.169 -100.00 -100.00 -100.00
 156    88.318 56199.92356853 46.88 211.002856  66.040500  0.937 -100.00 -100.00 -100.00
 157    88.667 56209.83920188 40.61 210.993649  66.042589 20.492 -100.00 -100.00 -100.00
 157    88.399 56209.83920248 45.85 211.000081  66.042345 29.133 -100.00 -100.00 -100.00
 157    87.690 56209.83920307 51.10 211.006514  66.042100 20.301 -100.00 -100.00 -100.00
 158    88.178 56219.75483442 40.56 210.995501  66.045126 19.159 -100.00 -100.00 -100.00
 158    87.125 56219.75483501 46.90 211.001933  66.044881  4.394 -100.00 -100.00 -100.00
 158    86.868 56219.75483560 47.00 211.008366  66.044637 21.768 -100.00 -100.00 -100.00
 159    85.573 56229.67048331 43.62 210.996589  66.046610   -100 -100.00 -100.00 -100.00
 159    85.662 56229.67048390 44.64 211.003022  66.046365   -100 -100.00 -100.00 -100.00
 160    86.872 56239.58613710 38.71 210.999978  66.045947 17.414 -100.00 -100.00 -100.00
 160    85.806 56239.58613769 50.00 211.006411  66.045703 16.919 -100.00 -100.00 -100.00
 161    87.081 56249.50178653 39.88 210.998529  66.044783   -100 -100.00 -100.00 -100.00
 161    86.822 56249.50178712 45.70 211.004961  66.044538   -100 -100.00 -100.00 -100.00
 162    87.447 56259.41743097 34.97 210.995505  66.044006 24.224 -100.00 -100.00 -100.00
 162    87.008 56259.41743156 41.99 211.001937  66.043761 12.223 -100.00 -100.00 -100.00
 162    86.816 56259.41743215 37.64 211.008369  66.043516   -100 -100.00 -100.00 -100.00
 163    87.073 56269.33307310 35.90 210.997741  66.044432   -100 -100.00 -100.00 -100.00
 163    86.852 56269.33307369 39.04 211.004173  66.044188   -100 -100.00 -100.00 -100.00
 164    86.931 56279.24871312 35.83 210.995934  66.045193   -100 -100.00 -100.00 -100.00
 164    86.511 56279.24871371 45.63 211.002366  66.044949 25.109 -100.00 -100.00 -100.00
 165    87.229 56289.16436361 33.90 210.996861  66.045135 22.750 -100.00 -100.00 -100.00
 165    86.689 56289.16436420 42.06 211.003294  66.044890 18.278 -100.00 -100.00 -100.00
 166    86.584 56299.08001232 34.88 210.999183  66.043244   -100 -100.00 -100.00 -100.00
 166    86.493 56299.08001291 30.72 211.005615  66.043000 32.301 -100.00 -100.00 -100.00
 167    86.292 56308.99565661 32.91 210.996246  66.041085   -100 -100.00 -100.00 -100.00
 167    86.103 56308.99565720 29.16 211.002678  66.040840 25.691 -100.00 -100.00 -100.00
 168    86.148 56318.91129850 30.03 210.993869  66.040118   -100 -100.00 -100.00 -100.00
 168    86.246 56318.91129909 28.14 211.000301  66.039873   -100 -100.00 -100.00 -100.00
 168    86.068 56318.91129968 22.61 211.006733  66.039628 16.188 -100.00 -100.00 -100.00
 169    86.559 56328.82693968 27.74 210.995640  66.041371 21.975 -100.00 -100.00 -100.00
 169    86.035 56328.82694027 26.70 211.002072  66.041126 28.907 -100.00 -100.00 -100.00
 169    86.016 56328.82694086 19.10 211.008504  66.040881  9.248 -100.00 -100.00 -100.00
 170    86.060 56338.74258013 34.92 210.999377  66.043375 10.653 -100.00 -100.00 -100.00
 170    86.016 56338.74258072 28.69 211.005809  66.043130   -100 -100.00 -100.00 -100.00
 171    86.103 56348.65821801 31.22 210.996796  66.044636   -100 -100.00 -100.00 -100.00
 171    86.029 56348.65821860 28.24 211.003228  66.044392   -100 -100.00 -100.00 -100.00
 172    86.084 56358.57385333 30.03 210.997678  66.043642   -100 -100.00 -100.00 -100.00
 172    85.814 56358.57385392 27.33 211.004110  66.043397   -100 -100.00 -100.00 -100.00
 173    86.012 56368.48950351 23.42 210.993800  66.041780 21.657 -100.00 -100.00 -100.00
 173    85.927 56368.48950410 25.84 211.000231  66.041535 30.799 -100.00 -100.00 -100.00
 173    85.927 56368.48950469 21.83 211.006662  66.041291 16.593 -100.00 -100.00 -100.00
 175    85.800 56388.32079720 27.06 210.997597  66.042575   -100 -100.00 -100.00 -100.00
 175    85.625 56388.32079779 20.87 211.004028  66.042330 19.675 -100.00 -100.00 -100.00
 176    85.889 56398.23644057 25.78 210.998036  66.045089 30.223 -100.00 -100.00 -100.00
 176    85.943 56398.23644116 18.21 211.004468  66.044844 11.005 -100.00 -100.00 -100.00
 177    85.988 56408.15208134 27.80 210.996124  66.046684   -100 -100.00 -100.00 -100.00
 177    85.863 56408.15208193 19.30 211.002557  66.046439 16.294 -100.00 -100.00 -100.00
 178    85.778 56418.06771827 27.33 210.997162  66.046347  1.943 -100.00 -100.00 -100.00
 178    86.649 56418.06771886 14.39 211.003595  66.046103 10.574 -100.00 -100.00 -100.00
 179    85.966 56427.98335036 28.91 210.995893  66.045116   -100 -100.00 -100.00 -100.00
 179    85.981 56427.98335095 26.89 211.002326  66.044871   -100 -100.00 -100.00 -100.00
 180    92.719 56437.89900401 46.85 210.994069  66.044125   -100 -100.00 -100.00 -100.00
 180    92.778 56437.89900460 47.14 211.000502  66.043881   -100 -100.00 -100.00 -100.00
 180    92.398 56437.89900519 48.95 211.006934  66.043636   -100 -100.00 -100.00 -100.00
 181    94.516 56447.81465561 40.22 210.996465  66.044082   -100 -100.00 -100.00 -100.00
 181    94.658 56447.81465620 40.37 211.002897  66.043837   -100 -100.00 -100.00 -100.00
 182    93.124 56457.73030492 50.32 210.998166  66.044678   -100 -100.00 -100.00 -100.00
 182    93.049 56457.73030551 53.13 211.004598  66.044433   -100 -100.00 -100.00 -100.00
 183    90.473 56467.64595075 47.16 210.997235  66.044407   -100 -100.00 -100.00 -100.00
 183    90.171 56467.64595134 52.30 211.003667  66.044162 25.632 -100.00 -100.00 -100.00
 184    89.814 56477.56159283 38.31 210.999374  66.043042   -100 -100.00 -100.00 -100.00
 184    89.804 56477.56159342 37.27 211.005805  66.042797 32.747 -100.00 -100.00 -100.00
 185    90.213 56487.47723054 44.74 210.994907  66.041502 24.741 -100.00 -100.00 -100.00
 185    89.792 56487.47723113 47.14 211.001337  66.041257   -100 -100.00 -100.00 -100.00
 185    89.444 56487.47723172 51.08 211.007768  66.041012 31.132 -100.00 -100.00 -100.00
 187    89.935 56507.30850047 46.08 210.997787  66.041920   -100 -100.00 -100.00 -100.00
 187    89.757 56507.30850106 51.24 211.004218  66.041676   -100 -100.00 -100.00 -100.00
 188    88.737 56517.22413677 45.93 210.995576  66.043804   -100 -100.00 -100.00 -100.00
 188    88.430 56517.22413736 50.22 211.002008  66.043560 12.336 -100.00 -100.00 -100.00
 188    88.296 56517.22413795 54.36 211.008440  66.043315   -100 -100.00 -100.00 -100.00
 189    88.697 56527.13979124 45.06 210.997035  66.044377   -100 -100.00 -100.00 -100.00
 189    88.354 56527.13979183 48.22 211.003467  66.044133  6.862 -100.00 -100.00 -100.00
 190    93.044 56537.05544135 22.63 210.996994  66.043783  8.072 -100.00 -100.00 -100.00
 190    92.674 56537.05544194 23.11 211.003426  66.043538  9.523 -100.00 -100.00 -100.00
 192    88.713 56556.88673150 39.82 210.999792  66.042098   -100 -100.00 -100.00 -100.00
 192    88.885 56556.88673209 38.11 211.006224  66.041853   -100 -100.00 -100.00 -100.00
 193    89.148 56566.80237405 46.08 210.999381  66.043323 23.283 -100.00 -100.00 -100.00
 193    88.545 56566.80237464 50.98 211.005814  66.043078   -100 -100.00 -100.00 -100.00
 194    87.953 56576.71801489 42.72 210.994942  66.045558   -100 -100.00 -100.00 -100.00
 194    87.863 56576.71801548 48.16 211.001375  66.045313  5.797 -100.00 -100.00 -100.00
 194    87.947 56576.71801607 49.53 211.007808  66.045068   -100 -100.00 -100.00 -100.00
 195    87.374 56586.63365314 44.82 210.999235  66.046684   -100 -100.00 -100.00 -100.00
 195    87.232 56586.63365373 50.49 211.005668  66.046439   -100 -100.00 -100.00 -100.00
 196    87.762 56596.54929237 40.96 210.997133  66.046535 19.102 -100.00 -100.00 -100.00
 196    87.085 56596.54929296 46.21 211.003566  66.046291   -100 -100.00 -100.00 -100.00
 197    87.086 56606.46494453 42.05 210.998134  66.045165 28.105 -100.00 -100.00 -100.00
 197    86.822 56606.46494512 46.25 211.004566  66.044920   -100 -100.00 -100.00 -100.00
 198    86.958 56616.38059138 34.87 210.994697  66.044341 32.468 -100.00 -100.00 -100.00
 198    86.605 56616.38059197 34.46 211.001129  66.044097   -100 -100.00 -100.00 -100.00
 198    86.704 56616.38059256 30.96 211.007561  66.043852 23.227 -100.00 -100.00 -100.00
 199    89.389 56626.29623522 24.06 210.996964  66.044120  8.370 -100.00 -100.00 -100.00
 199    89.584 56626.29623581 23.25 211.003397  66.043875  8.427 -100.00 -100.00 -100.00
 200    87.210 56636.21187589 31.35 210.994795  66.044364 23.834 -100.00 -100.00 -100.00
 200    87.206 56636.21187648 34.06 211.001228  66.044120   -100 -100.00 -100.00 -100.00
 200    87.341 56636.21187707 35.36 211.007660  66.043875 29.806 -100.00 -100.00 -100.00
 201    89.469 56646.12751604 22.69 210.996334  66.044058  6.943 -100.00 -100.00 -100.00
 201    87.627 56646.12751663 22.63 211.002767  66.043813  6.428 -100.00 -100.00 -100.00
 202    89.855 56656.04316816 20.64 210.993822  66.043045  5.702 -100.00 -100.00 -100.00
 202    89.251 56656.04316875 20.45 211.000254  66.042800  5.282 -100.00 -100.00 -100.00
 202    89.138 56656.04316934 20.19 211.006687  66.042556  4.994 -100.00 -100.00 -100.00
 203    89.578 56665.95881659 19.72 210.998115  66.041584  6.475 -100.00 -100.00 -100.00
 203    89.115 56665.95881718 18.99 211.004547  66.041339  5.052 -100.00 -100.00 -100.00
 205    89.830 56685.79010628 18.66 210.998355  66.042190  4.993 -100.00 -100.00 -100.00
 205    89.606 56685.79010687 18.59 211.004787  66.041945  4.953 -100.00 -100.00 -100.00
 206    89.037 56695.70574873 19.77 210.999874  66.043306  7.098 -100.00 -100.00 -100.00
 206    88.721 56695.70574932 18.21 211.006306  66.043061  4.503 -100.00 -100.00 -100.00
 207    88.979 56705.62138653 17.82 211.000085  66.043823  4.865 -100.00 -100.00 -100.00
 207    88.892 56705.62138712 17.55 211.006517  66.043579  4.913 -100.00 -100.00 -100.00
 208    89.210 56715.53701883 17.79 210.999845  66.043460  4.995 -100.00 -100.00 -100.00
 208    88.414 56715.53701942 17.60 211.006277  66.043215  5.148 -100.00 -100.00 -100.00
 209    75.560 56725.45267157 14.11 210.994426  66.042938  2.868 -100.00 -100.00 -100.00
 209    74.189 56725.45267216 14.48 211.000858  66.042694  3.484 -100.00 -100.00 -100.00
 209    73.230 56725.45267275 14.48 211.007289  66.042449  3.644 -100.00 -100.00 -100.00
 211    89.319 56745.28396785 16.76 210.998734  66.044479  5.588 -100.00 -100.00 -100.00
 211    88.173 56745.28396844 16.30 211.005166  66.044234  4.512 -100.00 -100.00 -100.00
 212    89.224 56755.19960980 15.95 210.998391  66.045848  4.646 -100.00 -100.00 -100.00
 212    88.881 56755.19961039 15.75 211.004823  66.045603  5.676 -100.00 -100.00 -100.00
 213    85.535 56765.11524637 15.65 211.000338  66.046208 19.106 -100.00 -100.00 -100.00
 213    85.877 56765.11524696 16.94 211.006771  66.045963 21.909 -100.00 -100.00 -100.00
 214    86.203 56775.03088394 33.14 210.995402  66.045747   -100 -100.00 -100.00 -100.00
 214    86.012 56775.03088453 34.21 211.001835  66.045502   -100 -100.00 -100.00 -100.00
 214    91.134 56775.03088512 32.21 211.008268  66.045257 27.188 -100.00 -100.00 -100.00
 215    91.157 56784.94654104 45.22 210.998091  66.044806   -100 -100.00 -100.00 -100.00
 215    90.853 56784.94654164 47.39 211.004523  66.044561  7.758 -100.00 -100.00 -100.00
 216    91.087 56794.86219415 41.03 210.996895  66.044493   -100 -100.00 -100.00 -100.00
 216    90.970 56794.86219474 40.75 211.003328  66.044248   -100 -100.00 -100.00 -100.00
 217    89.606 56804.77784360 33.55 210.996734  66.044412 28.103 -100.00 -100.00 -100.00
 217    89.750 56804.77784419 36.40 211.003166  66.044167   -100 -100.00 -100.00 -100.00
 219    90.033 56824.60912479 42.11 210.994682  66.043061   -100 -100.00 -100.00 -100.00
 219    90.661 56824.60912538 44.94 211.001113  66.042817 26.649 -100.00 -100.00 -100.00
 219    89.864 56824.60912597 49.24 211.007545  66.042572 31.786 -100.00 -100.00 -100.00
 220    74.942 56834.52476009 20.94 210.997124  66.042085  7.655 -100.00 -100.00 -100.00
 220    73.548 56834.52476068 20.33 211.003554  66.041840  7.594 -100.00 -100.00 -100.00
 221    91.011 56844.44039148 42.25 210.994340  66.042163 19.827 -100.00 -100.00 -100.00
 221    91.285 56844.44039207 45.14 211.000771  66.041919 18.269 -100.00 -100.00 -100.00
 221    90.068 56844.44039266 51.60 211.007202  66.041674 28.306 -100.00 -100.00 -100.00
 222    89.454 56854.35603616 28.40 210.998440  66.042667 20.891 -100.00 -100.00 -100.00
 222    89.503 56854.35603675 31.29 211.004871  66.042422 31.554 -100.00 -100.00 -100.00
 223    89.214 56864.27168973 38.98 210.996972  66.043409   -100 -100.00 -100.00 -100.00
 223    89.313 56864.27169032 38.93 211.003404  66.043164   -100 -100.00 -100.00 -100.00
 224    89.362 56874.18734276 32.98 210.996743  66.043607 23.318 -100.00 -100.00 -100.00
 224    88.998 56874.18734335 37.42 211.003175  66.043362   -100 -100.00 -100.00 -100.00
 225    88.916 56884.10299280 35.33 210.998445  66.043275   -100 -100.00 -100.00 -100.00
 225    88.885 56884.10299340 37.98 211.004877  66.043030   -100 -100.00 -100.00 -100.00
 226    88.848 56894.01863916 24.03 210.994886  66.043071 14.899 -100.00 -100.00 -100.00
 226    89.732 56894.01863976 21.42 211.001319  66.042826  9.929 -100.00 -100.00 -100.00
 226    89.187 56894.01864035 22.62 211.007750  66.042581 12.661 -100.00 -100.00 -100.00
 227    93.506 56903.93428290 20.49 210.997590  66.043171  6.818 -100.00 -100.00 -100.00
 227    89.485 56903.93428349 23.96 211.004022  66.042927 14.780 -100.00 -100.00 -100.00
 228    89.233 56913.84992433 43.17 210.997244  66.044291 31.987 -100.00 -100.00 -100.00
 228    88.847 56913.84992492 49.30 211.003676  66.044046  4.887 -100.00 -100.00 -100.00
 229    93.461 56923.76556385 26.09 210.994874  66.045687 20.119 -100.00 -100.00 -100.00
 229    88.457 56923.76556444 23.76 211.001307  66.045443 14.263 -100.00 -100.00 -100.00
 229    88.684 56923.76556503 23.07 211.007740  66.045197 11.623 -100.00 -100.00 -100.00
 230    88.387 56933.68120120 36.45 210.996532  66.046436   -100 -100.00 -100.00 -100.00
 230    88.149 56933.68120179 34.92 211.002965  66.046192   -100 -100.00 -100.00 -100.00
 231    88.941 56943.59683302 39.14 210.995265  66.046282 19.543 -100.00 -100.00 -100.00
 231    87.917 56943.59683361 45.07 211.001698  66.046037   -100 -100.00 -100.00 -100.00
 231    87.855 56943.59683420 46.85 211.008130  66.045793  4.019 -100.00 -100.00 -100.00
 232    88.230 56953.51247981 40.88 210.996115  66.045187 25.748 -100.00 -100.00 -100.00
 232    88.201 56953.51248040 47.30 211.002547  66.044942 31.608 -100.00 -100.00 -100.00
 233    87.715 56963.42813005 39.72 210.995209  66.044401   -100 -100.00 -100.00 -100.00
 233    87.454 56963.42813064 43.03 211.001641  66.044156   -100 -100.00 -100.00 -100.00
 233    87.250 56963.42813123 42.83 211.008073  66.043912   -100 -100.00 -100.00 -100.00
 234    86.325 56973.34377580 44.08 210.998001  66.044457   -100 -100.00 -100.00 -100.00
 234    86.082 56973.34377639 46.80 211.004433  66.044213 17.960 -100.00 -100.00 -100.00
 235    86.575 56983.25941686 36.29 210.996670  66.044982   -100 -100.00 -100.00 -100.00
 235    86.437 56983.25941745 38.14 211.003103  66.044737   -100 -100.00 -100.00 -100.00
 236    87.290 56993.17505329 35.65 210.996367  66.044654 32.232 -100.00 -100.00 -100.00
 236    87.126 56993.17505388 37.60 211.002799  66.044410   -100 -100.00 -100.00 -100.00
 237    87.341 57003.09068965 31.16 210.997815  66.043131 27.239 -100.00 -100.00 -100.00
 237    87.110 57003.09069024 32.49 211.004247  66.042887   -100 -100.00 -100.00 -100.00
 238    87.947 57013.00634629 30.25 210.997205  66.041526 18.727 -100.00 -100.00 -100.00
 238    87.948 57013.00634688 32.32 211.003637  66.041281 19.180 -100.00 -100.00 -100.00
 239    87.638 57022.92199763 31.31 210.998127  66.041212 23.485 -100.00 -100.00 -100.00
 239    87.472 57022.92199822 33.51 211.004559  66.040968 31.428 -100.00 -100.00 -100.00
 240    86.914 57032.83764588 22.30 210.994529  66.042833 10.580 -100.00 -100.00 -100.00
 240    86.981 57032.83764647 21.21 211.000961  66.042588  8.845 -100.00 -100.00 -100.00
 240    86.929 57032.83764706 21.74 211.007393  66.042343  8.879 -100.00 -100.00 -100.00
 241    86.678 57042.75329262 22.75 210.998577  66.044116 11.725 -100.00 -100.00 -100.00
 241    86.575 57042.75329322 22.93 211.005009  66.043871 12.837 -100.00 -100.00 -100.00
