#   23.491 -21.112  44.470 ;Mean Elev.(m), Avg Gradient(m/km), RMS Gradient(m/km)
   2 201.670616  64.572720    81.942    81.146  7 54670.88214224 23.908
   3 201.673492  64.574337    20.621    20.564  7 54680.79778649 12.618
   4 201.672702  64.574919    80.294    80.319  7 54690.71342916 28.909
   5 201.673300  64.574556    21.967    21.977  6 54700.62906959 11.530
   6 201.670912  64.572730    33.246    33.246  7 54710.54471522 23.236
   7 201.669226  64.571313    -5.304   -10.104  8 54720.46036618 26.098
   8 201.665499  64.570024    85.291    85.064  7 54730.37601438  8.140
   9 201.668704  64.570964    78.343    78.336  7 54740.29166181 28.827
  10 201.669127  64.571706    85.198    85.481  7 54750.20730900 14.746
  11 201.672726  64.572694    82.049    82.126  7 54760.12295633 26.433
  12 201.670365  64.571820    95.679    96.082  8 54770.03860062 19.881
  13 201.666345  64.570150    83.341    83.467  7 54779.95424137 12.837
  14 201.667873  64.569378    82.651    84.625  8 54789.86988012 13.527
  15 201.669852  64.569742    81.636    86.238  6 54799.78551786  6.421
  17 201.669688  64.571234    30.788    30.810  8 54819.61679384 28.820
  18 201.670194  64.572103    30.805    30.789  7 54829.53244617 23.733
  19 201.670520  64.572898    30.612    30.594  7 54839.44808502 20.210
  20 201.674916  64.574817    30.322    30.317  7 54849.36373463 15.954
  21 201.674195  64.576085    30.228    30.219  7 54859.27938329 12.058
  22 201.677719  64.577472    30.513    30.158  7 54869.19503249 11.111
  23 201.676345  64.576392    32.681    32.608  7 54879.11068009 12.286
  24 201.672343  64.573579    31.251    31.196  7 54889.02632417 13.032
  25 201.670893  64.571421    33.011    33.112  7 54898.94196531  8.503
  26 201.669514  64.571040    33.234    32.942  8 54908.85760413  7.748
  27 201.672756  64.572484    32.880    32.709  7 54918.77324221  7.227
  28 201.670673  64.572547    32.930    32.999  7 54928.68887946  7.288
  29 201.670289  64.571296    33.699    33.696  7 54938.60451598  9.642
  30 201.666173  64.568703    29.323    29.309  7 54948.52015037 29.623
  31 201.667056  64.567476    33.704    33.741  8 54958.43578677 35.742
  32 201.667469  64.568295    86.659    86.586  8 54968.35143536 29.930
  33 201.668274  64.569991    57.366    54.548  7 54978.26708302 11.960
  34 201.670234  64.571615    79.011    78.607  8 54988.18273078  4.099
  35 201.669673  64.571927    35.796    35.649  7 54998.09837837 26.139
  36 201.670907  64.572298    35.814    35.490  7 55008.01402435 21.404
  37 201.672211  64.572940    84.788    85.061  7 55017.92966837 19.384
  38 201.675065  64.574571    34.060    33.804  7 55027.84531117 30.286
  39 201.674505  64.575812    33.730    33.903  6 55037.76095311 20.134
  40 201.676550  64.576237    32.307    31.921  7 55047.67659412 25.672
  41 201.670594  64.573368    82.999    82.915  7 55057.59223219 26.828
  42 201.665158  64.569604    82.588    81.538  7 55067.50786887  2.719
  43 201.666771  64.568559    47.494    47.634  7 55077.42351914 18.469
  44 201.668832  64.569645    34.372    34.287  8 55087.33916719 19.797
  45 201.670235  64.571750    31.538    31.550  7 55097.25481368 49.935
  46 201.673559  64.573458    44.608    44.205  7 55107.17045991 15.804
  47 201.670608  64.572258    88.398    85.126  8 55117.08610478 25.804
  48 201.669226  64.570057    80.205    80.748  7 55127.00174739 24.172
  49 201.666990  64.568311    95.101    95.023  7 55136.91738762 18.434
  50 201.666333  64.568524    82.003    84.031  8 55146.83302619  7.019
  51 201.665304  64.570115    87.640    87.640  2 55156.74866407  1.163
  52 201.668499  64.571938    82.209    83.652  7 55166.66430235  0.897
  54 201.670777  64.571649    31.002    30.981  7 55186.49558259 18.380
  55 201.669930  64.571894    31.090    31.146  8 55196.41123350 19.590
  56 201.675222  64.574357    31.323    31.269  7 55206.32688396 15.529
  57 201.674497  64.576189    31.668    31.695  7 55216.24253324 14.171
  58 201.676065  64.576997    31.744    31.758  6 55226.15818210 12.790
  59 201.673960  64.574892    30.919    30.954  7 55236.07382803 12.916
  60 201.670151  64.571207    30.626    30.605  7 55245.98947030 12.405
  61 201.666538  64.568629    30.890    30.822  8 55255.90510994 12.637
  62 201.666658  64.569316    30.896    30.854  8 55265.82074881 12.496
  63 201.669151  64.571857    30.882    30.828  7 55275.73638723 12.548
  64 201.671287  64.573040    30.843    30.774  7 55285.65202462 10.711
  65 201.669236  64.571049    30.814    30.841  8 55295.56765942 10.850
  66 201.671071  64.568674    32.909    32.820  5 55305.48329868  5.811
  67 201.665383  64.566717    28.999    28.998  8 55315.39894505 30.604
  68 201.664437  64.567820    32.391    32.415  8 55325.31459054 41.765
  69 201.670123  64.571184    51.529    45.057  8 55335.23023563 26.772
  70 201.669702  64.572946    80.029    80.016  7 55345.14587969 27.749
  71 201.671643  64.573365    40.005    41.948  7 55355.06152295 21.342
  72 201.672816  64.572929    33.347    33.653  7 55364.97716401 24.627
  73 201.670664  64.572191    33.895    33.675  8 55374.89280315 22.859
  74 201.667453  64.572254    54.152    54.118  5 55384.80844110  5.075
  75 201.670733  64.573526    41.095    41.452  7 55394.72407886 14.303
  76 201.669830  64.573366    82.491    82.229  7 55404.63971751 26.559
  77 201.672082  64.572629    83.536    83.679  7 55414.55536917 27.219
  78 201.667620  64.569716    34.925    35.069  7 55424.47101700 19.583
  79 201.665034  64.567666    84.196    82.365  7 55434.38666248 20.847
  80 201.667094  64.568661    55.156    55.434  7 55444.30230716  7.876
  81 201.668472  64.570871    80.840    80.885  7 55454.21795072 22.587
  82 201.673785  64.573308    35.903    32.622  7 55464.13359389 19.392
  83 201.668344  64.571600    46.213    46.254  7 55474.04923328 16.633
  84 201.667319  64.568982    78.627    78.221  7 55483.96487007 28.109
  85 201.665330  64.566617    94.007    93.999  8 55493.88050466 19.298
  86 201.665417  64.567039    80.678    80.357  7 55503.79613842 22.114
  87 201.669458  64.570461    93.166    93.026  7 55513.71178723 22.741
  88 201.670216  64.573062    79.707    79.176  7 55523.62743704 22.203
  89 201.670402  64.573897    30.011    30.011  7 55533.54308497 28.455
  90 201.674572  64.573954    29.592    29.602  7 55543.45873144 24.105
  91 201.669895  64.572805    29.585    29.589  7 55553.37437508 22.347
  92 201.672615  64.573897    30.272    30.111  7 55563.29001844 17.033
  93 201.671673  64.574489    29.583    29.534  7 55573.20566082 18.380
  94 201.670620  64.573882    29.981    29.802  7 55583.12130178 17.115
  95 201.668525  64.571562    29.917    30.021  7 55593.03693912 15.682
  96 201.666851  64.568744    29.948    29.770  8 55602.95257312 15.807
  97 201.666899  64.567230    30.351    30.353  8 55612.86820523 16.189
  98 201.666580  64.567510    29.723    29.772  8 55622.78384084 16.243
  99 201.667045  64.569700    29.968    29.762  8 55632.69949383 16.307
 100 201.667663  64.570875    29.807    29.632  7 55642.61514450 15.360
 101 201.668857  64.570670    28.838    28.736  7 55652.53079227 19.169
 102 201.666562  64.568720    30.927    30.735  8 55662.44643543 12.679
 103 201.666734  64.568075    29.543    29.422  7 55672.36207589 16.990
 104 201.668331  64.569043    33.563    31.384  7 55682.27771515 14.483
 105 201.669869  64.570923    31.546    31.558  7 55692.19335294 39.800
 106 201.672537  64.572530    37.343    37.210  7 55702.10898922 23.787
 107 201.671688  64.572843    84.390    84.454  7 55712.02463170 25.191
 108 201.669542  64.572623    35.714    35.518  7 55721.94028110 24.340
 109 201.670127  64.572919    81.738    81.882  7 55731.85592872 27.529
 110 201.671601  64.573429    34.949    35.009  7 55741.77157514 43.195
 111 201.671342  64.573483    35.063    35.007  7 55751.68722008 18.944
 112 201.671767  64.572746    84.035    84.133  7 55761.60286269 22.599
 113 201.669158  64.570914    34.258    34.288  8 55771.51850211 29.321
 114 201.666283  64.568688    49.738    50.178  7 55781.43413800 16.351
 115 201.666542  64.567875    80.638    81.027  7 55791.34977171 26.429
 116 201.656993  64.566401    79.694    80.227  4 55801.26540331  4.687
 117 201.667650  64.569529    49.954    49.974  8 55811.18105451 13.582
 118 201.669776  64.570561    82.272    82.373  7 55821.09670356 28.537
 119 201.667634  64.569675    80.033    80.482  8 55831.01234732 13.866
 120 201.664679  64.567964    75.523    80.330  8 55840.92798637  4.889
 121 201.664716  64.567453    80.610    81.041  7 55850.84362268 29.171
 122 201.667615  64.568835    79.605    80.273  8 55860.75925731 23.747
 123 201.669528  64.571387    30.496    30.536  7 55870.67490976 39.375
 133 201.667087  64.569389    31.307    31.241  7 55969.83135006  9.477
 134 201.667983  64.570392    31.219    31.131  7 55979.74698649 10.552
 135 201.668625  64.570255    31.067    31.095  8 55989.66262196  9.306
 136 201.667089  64.569284    31.330    31.272  7 55999.57826477  9.528
 137 201.667770  64.568805    31.478    31.381  7 56009.49391553  9.192
 138 201.667528  64.568815    31.389    31.461  7 56019.40956213  8.431
 139 201.668585  64.570083    33.405    33.789  7 56029.32520604  8.934
 141 201.673334  64.573294    30.801    30.819  7 56049.15648857 34.874
 142 201.670243  64.572901    36.340    36.236  7 56059.07212552 46.056
 143 201.669075  64.571768    96.163    93.942  7 56068.98775956 24.208
 144 201.670742  64.572480   101.055   100.575  8 56078.90341096 19.220
 145 201.670309  64.573265    86.003    86.773  7 56088.81905940 24.154
 146 201.674093  64.574618    35.830    35.685  7 56098.73470575 27.061
 147 201.672697  64.573740    82.429    82.907  7 56108.65034912 27.687
 148 201.668748  64.571005    80.181    80.480  8 56118.56597768 12.354
 150 201.665219  64.566968    35.086    34.990  8 56138.39724767 20.829
 151 201.666911  64.568862    81.647    81.291  8 56148.31289541 26.721
 152 201.668403  64.571121    52.606    49.925  7 56158.22854490 12.981
 153 201.669101  64.571887    37.919    40.324  7 56168.14419313 21.874
 154 201.668377  64.570577    81.873    81.687  7 56178.05983823 19.438
 155 201.667900  64.568913    46.176    47.299  8 56187.97547878 21.118
 156 201.662649  64.567603    65.748    62.859  7 56197.89111541  7.594
 157 201.667268  64.569622    81.797    82.022  7 56207.80675025 28.033
 158 201.670842  64.572010    81.331    81.378  8 56217.72238336 24.996
 159 201.671388  64.573405    81.881    81.127  7 56227.63802747 22.524
 160 201.673790  64.573748    95.189    96.064  7 56237.55368211 16.356
 162 201.676223  64.573265    37.266    34.287  5 56257.38497840 14.152
 163 201.672502  64.573577    31.183    31.294  7 56267.30062028 19.745
 164 201.673943  64.574505    35.966    32.044  7 56277.21626102 13.848
 165 201.672541  64.574017    31.621    31.802  7 56287.13190878 15.433
 166 201.670407  64.571603    31.027    31.135  8 56297.04755797 16.132
 167 201.666884  64.568806    71.725    75.165  8 56306.96320302  2.900
 168 201.665810  64.568096    30.927    31.231  7 56316.87884548 15.512
 169 201.668860  64.570365    31.640    31.692  7 56326.79448691 13.958
 170 201.672121  64.572692    57.570    52.937  7 56336.71012734  4.386
 171 201.669271  64.572264    32.086    32.158  7 56346.62576549 12.047
 172 201.668653  64.570177    31.660    31.386  7 56356.54140123 12.534
 173 201.665259  64.568190    31.778    31.583  8 56366.45704831 12.233
 176 201.676266  64.575154    65.823    63.397  4 56396.20398773  0.380
 179 201.670934  64.572162    31.022    30.890  8 56425.95089976 20.533
 180 201.671293  64.571872    31.633    32.068  7 56435.86654925 41.401
 181 201.670405  64.572832    84.744    84.678  7 56445.78220103 26.323
 182 201.672784  64.574677    86.269    86.195  7 56455.69785077 26.298
 183 201.673175  64.574614    82.038    82.423  7 56465.61349713 25.005
 184 201.671254  64.572261    42.288    41.206  7 56475.52913932 18.736
 185 201.667161  64.568881    81.146    81.320  7 56485.44477776 26.615
 187 201.667164  64.568933    80.984    80.722  7 56505.27604844 26.834
 188 201.671013  64.571188    80.375    80.231  7 56515.19168197 28.774
 189 201.670326  64.572229    79.107    79.070  8 56525.10733553 13.913
 190 201.669549  64.571209    81.538    79.179  8 56535.02298643  7.767
 192 201.668163  64.569651    80.112    80.175  8 56554.85427782 25.657
 193 201.672297  64.572260    42.901    44.978  7 56564.76992116 20.009
 194 201.674941  64.575058    32.884    33.130  7 56574.68556302 26.995
 195 201.672430  64.575505    78.676    75.029  7 56584.60120140 19.985
 196 201.673844  64.574364    35.612    33.497  7 56594.51683682 23.187
 197 201.671577  64.572971    79.786    79.837  7 56604.43248957 24.338
 198 201.672780  64.572533    29.399    29.331  7 56614.34813795 47.161
 199 201.669929  64.572520    30.275    30.234  7 56624.26378213 43.721
 200 201.670881  64.573177    79.240    78.577  7 56634.17942392 17.428
 201 201.668930  64.572374    30.489    30.507  7 56644.09506052 24.489
 202 201.671459  64.571703    30.458    30.394  7 56654.01071348 22.205
 203 201.668924  64.569750    30.777    30.821  8 56663.92636196 19.071
 205 201.669400  64.570587    31.000    30.899  8 56683.75765299 17.893
 206 201.672682  64.572661    31.153    31.028  7 56693.67329615 18.386
 207 201.673566  64.573199    31.432    31.211  7 56703.58893465 17.786
 208 201.668607  64.570936    31.094    31.052  8 56713.50456715 16.716
 210 201.670903  64.571173    31.688    31.850  7 56733.33586685 14.560
 211 201.671893  64.573372    31.841    31.957  7 56743.25151436 14.692
 212 201.674172  64.575599    32.095    32.100  7 56753.16715768 14.270
 214 201.672225  64.574082    29.915    29.668  7 56772.99842761 33.473
 215 201.674041  64.573894    60.290    63.336  7 56782.91408541 14.176
 216 201.673139  64.573651    85.216    84.026  7 56792.82973926 26.248
 217 201.670021  64.573720    34.922    34.931  7 56802.74539009 26.000
 218 201.670540  64.573924    84.933    84.097  7 56812.66103340 25.586
 219 201.667185  64.572638    85.229    85.298  5 56822.57667257 19.994
 220 201.670645  64.571523    80.640    80.273  7 56832.49230820 26.949
 221 201.666616  64.569105    84.060    84.255  7 56842.40793967 28.202
 222 201.666988  64.568881    47.879    47.868  8 56852.32357924 15.746
 223 201.670657  64.570889    41.268    38.234  7 56862.23923398 20.335
 224 201.671164  64.572496    80.943    80.670  7 56872.15488784 26.470
 225 201.669197  64.572754    34.586    34.595  7 56882.07053833 23.612
 226 201.666165  64.572101    84.357    82.331  6 56891.98618500  6.302
 227 201.673032  64.572915    38.115    35.418  7 56901.90182963 16.250
 228 201.671281  64.573542    85.626    85.509  7 56911.81747148 21.404
 229 201.672309  64.574775    85.996    85.846  7 56921.73311199 23.521
 230 201.676409  64.576127    43.330    42.934  7 56931.64875056 16.961
 231 201.669899  64.574400    83.018    80.779  6 56941.56438277 19.759
 232 201.670502  64.573494    81.417    81.355  7 56951.48002430 23.968
 233 201.671873  64.573279    79.244    79.467  7 56961.39567567 24.393
 234 201.669633  64.572922    80.914    80.951  7 56971.31132179 10.924
 235 201.671228  64.573125    30.808    30.847  7 56981.22696427 45.575
 236 201.673049  64.572760    31.669    31.639  7 56991.14260232 32.575
 237 201.668414  64.570295    31.137    30.957  8 57001.05823327 18.808
 238 201.668007  64.569963    31.153    31.020  8 57010.97389046 19.079
 239 201.668908  64.569983    31.316    31.180  8 57020.88954241 17.046
 240 201.668576  64.570785    31.571    31.677  8 57030.80519134 13.245
 241 201.671909  64.572283    30.827    30.846  7 57040.72083879 15.132
