#   56.346  -1.801   6.650 ;Mean Elev.(m), Avg Gradient(m/km), RMS Gradient(m/km)
   2    63.932 54673.84939862 45.25 208.175859  65.097034   -100 -100.00 -100.00 -100.00
   2    63.961 54673.84939921 46.39 208.181825  65.097791   -100 -100.00 -100.00 -100.00
   4    64.298 54693.68068375 48.79 208.171364  65.098585   -100 -100.00 -100.00 -100.00
   4    64.526 54693.68068434 47.09 208.177330  65.099342   -100 -100.00 -100.00 -100.00
   6    63.943 54713.51197347 47.10 208.176425  65.095911   -100 -100.00 -100.00 -100.00
   6    63.679 54713.51197406 49.97 208.182390  65.096667   -100 -100.00 -100.00 -100.00
   8    63.180 54733.34327273 38.88 208.179710  65.094606   -100 -100.00 -100.00 -100.00
   8    63.408 54733.34327332 37.14 208.185675  65.095362 32.368 -100.00 -100.00 -100.00
  10    62.851 54753.17456600 42.99 208.174617  65.096831   -100 -100.00 -100.00 -100.00
  10    62.581 54753.17456659 42.79 208.180583  65.097587   -100 -100.00 -100.00 -100.00
  11    62.560 54763.09021244 39.00 208.177502  65.096817 24.166 -100.00 -100.00 -100.00
  11    62.589 54763.09021303 39.64 208.183468  65.097573   -100 -100.00 -100.00 -100.00
  12    63.394 54773.00585630 36.74 208.181100  65.095281   -100 -100.00 -100.00 -100.00
  12    63.440 54773.00585689 35.88 208.187067  65.096037   -100 -100.00 -100.00 -100.00
  13    63.691 54782.92149744 24.80 208.185521  65.094250  8.648 -100.00 -100.00 -100.00
  13    63.562 54782.92149803 27.02 208.191487  65.095006 14.396 -100.00 -100.00 -100.00
  14    63.580 54792.83713594 22.76 208.186101  65.094322  7.387 -100.00 -100.00 -100.00
  14    63.641 54792.83713653 22.70 208.192067  65.095077  7.801 -100.00 -100.00 -100.00
  17    68.043 54822.58405252 19.29 208.178245  65.096462  5.350 -100.00 -100.00 -100.00
  17    63.863 54822.58405311 19.16 208.184211  65.097219  6.308 -100.00 -100.00 -100.00
  18    72.503 54832.49969277 17.81 208.177775  65.095979  5.165 -100.00 -100.00 -100.00
  18    66.684 54832.49969336 17.57 208.183740  65.096735  4.974 -100.00 -100.00 -100.00
  19    63.508 54842.41534311 18.55 208.179778  65.096568  5.862 -100.00 -100.00 -100.00
  19    63.897 54842.41534370 17.97 208.185744  65.097324  5.686 -100.00 -100.00 -100.00
  24    68.317 54891.99357938 14.00 208.178168  65.096568  3.736 -100.00 -100.00 -100.00
  24    64.901 54891.99357997 15.07 208.184135  65.097324  5.582 -100.00 -100.00 -100.00
  25    72.152 54901.90922020 12.13 208.182075  65.094803  3.131 -100.00 -100.00 -100.00
  25    67.071 54901.90922079 12.73 208.188042  65.095559  4.350 -100.00 -100.00 -100.00
  26    71.891 54911.82485923 11.23 208.182573  65.095066  2.979 -100.00 -100.00 -100.00
  26    71.169 54911.82485982 11.15 208.188539  65.095822  3.187 -100.00 -100.00 -100.00
  27    68.310 54921.74049697 11.57 208.180005  65.096443  3.327 -100.00 -100.00 -100.00
  27    67.246 54921.74049756 11.77 208.185971  65.097199  3.614 -100.00 -100.00 -100.00
  28    63.837 54931.65613396 25.60 208.177233  65.097076 16.450 -100.00 -100.00 -100.00
  28    63.709 54931.65613455 28.77 208.183199  65.097832 24.487 -100.00 -100.00 -100.00
  29    63.316 54941.57176948 32.74 208.176828  65.095746   -100 -100.00 -100.00 -100.00
  29    63.504 54941.57177007 33.82 208.182794  65.096502   -100 -100.00 -100.00 -100.00
  30    63.689 54951.48740421 46.74 208.186268  65.094362   -100 -100.00 -100.00 -100.00
  30    63.928 54951.48740480 44.22 208.192233  65.095118   -100 -100.00 -100.00 -100.00
  32    63.965 54971.31869435 32.51 208.187639  65.093820 26.433 -100.00 -100.00 -100.00
  32    63.971 54971.31869494 35.11 208.193604  65.094576 30.403 -100.00 -100.00 -100.00
  37    64.220 55020.89692404 48.81 208.179003  65.096631   -100 -100.00 -100.00 -100.00
  37    64.007 55020.89692463 49.87 208.184969  65.097386   -100 -100.00 -100.00 -100.00
  39    63.461 55040.72820760 46.94 208.171388  65.097972   -100 -100.00 -100.00 -100.00
  39    63.416 55040.72820819 50.18 208.177354  65.098728   -100 -100.00 -100.00 -100.00
  41    63.159 55060.55948635 47.09 208.175219  65.097373   -100 -100.00 -100.00 -100.00
  41    63.220 55060.55948694 47.30 208.181184  65.098129   -100 -100.00 -100.00 -100.00
  42    64.087 55070.47512826 46.93 208.182923  65.095633 32.223 -100.00 -100.00 -100.00
  42    64.175 55070.47512885 43.94 208.188889  65.096389 27.918 -100.00 -100.00 -100.00
  43    64.286 55080.39077752 48.62 208.185167  65.093996 28.944 -100.00 -100.00 -100.00
  43    64.618 55080.39077811 51.51 208.191132  65.094752   -100 -100.00 -100.00 -100.00
  47    62.949 55120.05336099 42.22 208.176283  65.096649 23.022 -100.00 -100.00 -100.00
  47    62.715 55120.05336158 47.32 208.182250  65.097405   -100 -100.00 -100.00 -100.00
  48   126.988 55129.96900305  8.93 208.181471  65.095014 10.071 -100.00 -100.00 -100.00
  48   126.711 55129.96900364  9.53 208.187437  65.095770 14.370 -100.00 -100.00 -100.00
  49    61.855 55139.88464295 28.99 208.184912  65.093414 18.657 -100.00 -100.00 -100.00
  49    71.269 55139.88464354 25.85 208.190878  65.094170 10.741 -100.00 -100.00 -100.00
  50    62.811 55149.80028146 34.25 208.183912  65.093575   -100 -100.00 -100.00 -100.00
  50    62.950 55149.80028205 35.95 208.189878  65.094330   -100 -100.00 -100.00 -100.00
  51    71.847 55159.71591953 23.29 208.179852  65.095146 10.564 -100.00 -100.00 -100.00
  51    70.949 55159.71592012 23.20 208.185818  65.095903  8.633 -100.00 -100.00 -100.00
  52    72.902 55169.63155749 20.18 208.178561  65.096838  6.154 -100.00 -100.00 -100.00
  52    72.085 55169.63155808 20.67 208.184527  65.097594  6.968 -100.00 -100.00 -100.00
  53    72.570 55179.54719433 20.99 208.178745  65.097186  8.028 -100.00 -100.00 -100.00
  53    70.736 55179.54719492 20.56 208.184711  65.097942  7.722 -100.00 -100.00 -100.00
  54    72.661 55189.46284096 20.02 208.178609  65.096561  6.566 -100.00 -100.00 -100.00
  54    72.121 55189.46284155 18.97 208.184575  65.097317  6.650 -100.00 -100.00 -100.00
  57    62.851 55219.20979000 19.69 208.172512  65.098405  8.290 -100.00 -100.00 -100.00
  57    62.995 55219.20979059 19.99 208.178479  65.099161  8.388 -100.00 -100.00 -100.00
  58    62.843 55229.12543825 19.54 208.170750  65.098233  9.035 -100.00 -100.00 -100.00
  58    62.941 55229.12543884 18.67 208.176716  65.098990  7.414 -100.00 -100.00 -100.00
  59    62.899 55239.04108406 19.02 208.177192  65.097694  7.110 -100.00 -100.00 -100.00
  59    62.774 55239.04108465 21.77 208.183159  65.098450 14.111 -100.00 -100.00 -100.00
  60    62.840 55248.95672579 21.47 208.179228  65.095652 12.258 -100.00 -100.00 -100.00
  60    62.868 55248.95672638 20.58 208.185194  65.096407 10.125 -100.00 -100.00 -100.00
  61    63.250 55258.87236560 17.74 208.185435  65.094939  7.445 -100.00 -100.00 -100.00
  61    63.118 55258.87236619 19.49 208.191402  65.095694  9.788 -100.00 -100.00 -100.00
  62    62.983 55268.78800396 17.86 208.183963  65.094826  7.435 -100.00 -100.00 -100.00
  62    63.167 55268.78800455 17.11 208.189929  65.095582  6.889 -100.00 -100.00 -100.00
  63    62.812 55278.70364207 19.24 208.182013  65.095828 11.059 -100.00 -100.00 -100.00
  63    63.010 55278.70364266 17.99 208.187979  65.096584  8.863 -100.00 -100.00 -100.00
  65    63.294 55298.53491336 35.93 208.180069  65.095486   -100 -100.00 -100.00 -100.00
  65    63.245 55298.53491395 36.51 208.186035  65.096242   -100 -100.00 -100.00 -100.00
  66    63.228 55308.45055661 43.29 208.182797  65.094177   -100 -100.00 -100.00 -100.00
  66    63.012 55308.45055720 49.68 208.188762  65.094933   -100 -100.00 -100.00 -100.00
  70    63.415 55348.11313620 46.52 208.177656  65.096745 28.751 -100.00 -100.00 -100.00
  70    63.134 55348.11313679 50.84 208.183622  65.097501   -100 -100.00 -100.00 -100.00
  74    64.101 55387.77569534 31.71 208.175393  65.096771 20.540 -100.00 -100.00 -100.00
  74    63.996 55387.77569593 34.04 208.181359  65.097528 25.577 -100.00 -100.00 -100.00
  77    63.922 55417.52262745 49.61 208.179382  65.095951 11.424 -100.00 -100.00 -100.00
  77    64.136 55417.52262804 46.47 208.185347  65.096707   -100 -100.00 -100.00 -100.00
  78    63.758 55427.43827496 37.54 208.180086  65.094511   -100 -100.00 -100.00 -100.00
  78    63.745 55427.43827555 39.88 208.186051  65.095267   -100 -100.00 -100.00 -100.00
  79    63.439 55437.35392033 48.95 208.185406  65.094543 11.966 -100.00 -100.00 -100.00
  79    63.576 55437.35392092 43.82 208.191371  65.095299   -100 -100.00 -100.00 -100.00
  80    63.471 55447.26956362 48.21 208.181993  65.094696   -100 -100.00 -100.00 -100.00
  80    63.697 55447.26956421 50.24 208.187958  65.095452   -100 -100.00 -100.00 -100.00
  81    63.855 55457.18520673 49.71 208.179994  65.095494   -100 -100.00 -100.00 -100.00
  81    63.681 55457.18520732 51.18 208.185960  65.096250   -100 -100.00 -100.00 -100.00
  82    62.974 55467.10084941 47.17 208.180873  65.096176   -100 -100.00 -100.00 -100.00
  82    62.890 55467.10085000 47.39 208.186839  65.096932   -100 -100.00 -100.00 -100.00
  83    62.910 55477.01648865 46.50 208.180262  65.095318   -100 -100.00 -100.00 -100.00
  83    62.733 55477.01648924 47.57 208.186228  65.096074   -100 -100.00 -100.00 -100.00
  84    62.400 55486.93212496 35.72 208.182750  65.094204   -100 -100.00 -100.00 -100.00
  84    62.503 55486.93212555 34.63 208.188716  65.094960 26.785 -100.00 -100.00 -100.00
  85   109.340 55496.84775912 18.76 208.185780  65.093582 15.203 -100.00 -100.00 -100.00
  85   110.823 55496.84775971 23.39 208.191746  65.094338   -100 -100.00 -100.00 -100.00
  86    63.276 55506.76339493 38.26 208.181216  65.093732 31.898 -100.00 -100.00 -100.00
  86    63.238 55506.76339552 39.58 208.187182  65.094488   -100 -100.00 -100.00 -100.00
  90    63.372 55546.42598731 19.05 208.174200  65.097064  5.089 -100.00 -100.00 -100.00
  90    63.594 55546.42598790 18.93 208.180165  65.097820  6.060 -100.00 -100.00 -100.00
  92    63.520 55566.25727372 19.18 208.175470  65.098164  6.483 -100.00 -100.00 -100.00
  92    71.832 55566.25727431 18.44 208.181437  65.098920  5.556 -100.00 -100.00 -100.00
  93    63.545 55576.17291565 19.85 208.174402  65.097728  6.786 -100.00 -100.00 -100.00
  93    63.635 55576.17291624 19.76 208.180369  65.098484  7.893 -100.00 -100.00 -100.00
  94    63.633 55586.08855622 19.20 208.178784  65.096719  7.808 -100.00 -100.00 -100.00
  94    63.739 55586.08855681 19.78 208.184751  65.097475  7.225 -100.00 -100.00 -100.00
  95    63.550 55596.00419319 18.22 208.179718  65.094732  6.172 -100.00 -100.00 -100.00
  95    63.708 55596.00419378 19.68 208.185684  65.095488  8.745 -100.00 -100.00 -100.00
  96    63.710 55605.91982772 16.04 208.187083  65.094337  4.794 -100.00 -100.00 -100.00
  96    63.835 55605.91982832 16.42 208.193049  65.095093  5.258 -100.00 -100.00 -100.00
  97    72.146 55615.83545901 13.29 208.182375  65.093546  2.974 -100.00 -100.00 -100.00
  97    71.137 55615.83545960 13.56 208.188341  65.094302  3.320 -100.00 -100.00 -100.00
  98    72.402 55625.75110038 13.47 208.180282  65.094290  3.541 -100.00 -100.00 -100.00
  98    67.434 55625.75110097 12.71 208.186248  65.095046  3.112 -100.00 -100.00 -100.00
  99    63.528 55635.66675268 13.16 208.182439  65.095344  4.336 -100.00 -100.00 -100.00
  99    66.791 55635.66675327 13.35 208.188405  65.096100  4.514 -100.00 -100.00 -100.00
 101    66.859 55655.49804977 13.55 208.183341  65.094571  4.031 -100.00 -100.00 -100.00
 101    63.067 55655.49805036 20.68 208.189306  65.095327 16.558 -100.00 -100.00 -100.00
 102    71.454 55665.41369268 14.16 208.186453  65.094417  4.810 -100.00 -100.00 -100.00
 102    63.024 55665.41369327 19.34 208.192418  65.095172 13.568 -100.00 -100.00 -100.00
 103    63.332 55675.32933203 33.29 208.182538  65.094238   -100 -100.00 -100.00 -100.00
 103    63.519 55675.32933262 34.05 208.188503  65.094994   -100 -100.00 -100.00 -100.00
 104   110.878 55685.24496983 22.15 208.179313  65.094945 13.645 -100.00 -100.00 -100.00
 104   111.782 55685.24497042 27.50 208.185278  65.095701 29.412 -100.00 -100.00 -100.00
 105   111.594 55695.16060687 19.84 208.180023  65.096062 15.059 -100.00 -100.00 -100.00
 105   111.421 55695.16060746 18.84 208.185989  65.096818 31.626 -100.00 -100.00 -100.00
 107    64.345 55714.99189020 26.53 208.180566  65.096552 23.944 -100.00 -100.00 -100.00
 107    64.328 55714.99189079 21.45 208.186532  65.097309  9.465 -100.00 -100.00 -100.00
 111    64.074 55754.65447566 46.42 208.175513  65.097679   -100 -100.00 -100.00 -100.00
 111    64.130 55754.65447625 48.42 208.181479  65.098435   -100 -100.00 -100.00 -100.00
 112    63.903 55764.57011745 37.71 208.176766  65.095878   -100 -100.00 -100.00 -100.00
 112    63.962 55764.57011804 38.49 208.182731  65.096634   -100 -100.00 -100.00 -100.00
 113   118.687 55774.48575708 25.52 208.184858  65.094541 10.093 -100.00 -100.00 -100.00
 113   115.174 55774.48575767 30.27 208.190823  65.095297   -100 -100.00 -100.00 -100.00
 116    64.626 55804.23266322 48.97 208.180740  65.094974 21.053 -100.00 -100.00 -100.00
 116    63.765 55804.23266381 52.77 208.186706  65.095730   -100 -100.00 -100.00 -100.00
 117    63.162 55814.14831279 46.88 208.179906  65.095691 18.059 -100.00 -100.00 -100.00
 117    63.392 55814.14831338 48.44 208.185871  65.096447   -100 -100.00 -100.00 -100.00
 119    63.078 55833.97960361 47.82 208.187038  65.094045   -100 -100.00 -100.00 -100.00
 119    63.187 55833.97960420 50.79 208.193004  65.094801   -100 -100.00 -100.00 -100.00
 120    62.745 55843.89524230 42.65 208.186347  65.093302   -100 -100.00 -100.00 -100.00
 120    62.955 55843.89524289 37.83 208.192313  65.094058   -100 -100.00 -100.00 -100.00
 121    62.537 55853.81087816 47.82 208.186634  65.094347   -100 -100.00 -100.00 -100.00
 121    62.550 55853.81087875 49.51 208.192600  65.095103   -100 -100.00 -100.00 -100.00
 122    62.402 55863.72651474 31.32 208.178009  65.095203 21.241 -100.00 -100.00 -100.00
 122    62.280 55863.72651533 32.29 208.183974  65.095959 25.542 -100.00 -100.00 -100.00
 123    72.361 55873.64216827 21.16 208.175137  65.096629  5.720 -100.00 -100.00 -100.00
 123    71.259 55873.64216886 22.03 208.181103  65.097385  7.279 -100.00 -100.00 -100.00
 133    72.036 55972.79860538 11.75 208.183325  65.094382  3.422 -100.00 -100.00 -100.00
 133    69.609 55972.79860597 11.67 208.189291  65.095138  3.572 -100.00 -100.00 -100.00
 134    71.892 55982.71424142 11.10 208.182084  65.096137  2.906 -100.00 -100.00 -100.00
 134    71.311 55982.71424201 10.80 208.188050  65.096893  2.805 -100.00 -100.00 -100.00
 136    66.533 56002.54552377 10.71 208.180727  65.095020  2.892 -100.00 -100.00 -100.00
 136    69.313 56002.54552436 10.89 208.186693  65.095776  3.104 -100.00 -100.00 -100.00
 137    72.025 56012.46117336 10.01 208.182201  65.093416  2.872 -100.00 -100.00 -100.00
 137    71.278 56012.46117395 10.60 208.188166  65.094172  3.676 -100.00 -100.00 -100.00
 139    62.884 56032.29246288 34.52 208.182205  65.094879   -100 -100.00 -100.00 -100.00
 139    62.769 56032.29246347 37.49 208.188170  65.095634   -100 -100.00 -100.00 -100.00
 141   126.789 56052.12374238 18.40 208.173414  65.097581 14.764 -100.00 -100.00 -100.00
 141   126.059 56052.12374297 22.56 208.179380  65.098337 24.532 -100.00 -100.00 -100.00
 144    64.422 56081.87066891 49.97 208.180513  65.096309   -100 -100.00 -100.00 -100.00
 144    64.398 56081.87066950 52.89 208.186479  65.097065   -100 -100.00 -100.00 -100.00
 148    64.556 56121.53323275 35.36 208.181370  65.096109 30.386 -100.00 -100.00 -100.00
 148    64.281 56121.53323334 34.46 208.187335  65.096864 26.906 -100.00 -100.00 -100.00
 149    64.051 56131.44886873 51.16 208.187584  65.094042   -100 -100.00 -100.00 -100.00
 149    64.035 56131.44886932 52.25 208.193549  65.094798   -100 -100.00 -100.00 -100.00
 150    64.372 56141.36450389 50.59 208.187983  65.092845   -100 -100.00 -100.00 -100.00
 150    64.311 56141.36450448 50.26 208.193948  65.093601   -100 -100.00 -100.00 -100.00
 151    64.157 56151.28015480 49.06 208.186316  65.094408 32.740 -100.00 -100.00 -100.00
 151    64.048 56151.28015539 49.42 208.192281  65.095164   -100 -100.00 -100.00 -100.00
 154   112.365 56181.02709431  2.17 208.181662  65.096015  8.127 -100.00 -100.00 -100.00
 154   112.060 56181.02709491  9.42 208.187628  65.096771 11.071 -100.00 -100.00 -100.00
 155    63.424 56190.94273356 47.01 208.182321  65.094122   -100 -100.00 -100.00 -100.00
 155    63.628 56190.94273415 49.11 208.188287  65.094878   -100 -100.00 -100.00 -100.00
 156    63.614 56200.85837015 48.06 208.184046  65.093520   -100 -100.00 -100.00 -100.00
 156    63.491 56200.85837074 48.67 208.190012  65.094276   -100 -100.00 -100.00 -100.00
 157    63.227 56210.77400416 39.16 208.181419  65.094527   -100 -100.00 -100.00 -100.00
 157    63.311 56210.77400475 37.11 208.187385  65.095283   -100 -100.00 -100.00 -100.00
 158    62.895 56220.68963602 40.67 208.176044  65.095937   -100 -100.00 -100.00 -100.00
 158    62.808 56220.68963662 40.87 208.182010  65.096694   -100 -100.00 -100.00 -100.00
 159    62.380 56230.60528713 40.86 208.175409  65.097822   -100 -100.00 -100.00 -100.00
 159    62.444 56230.60528772 45.08 208.181375  65.098579   -100 -100.00 -100.00 -100.00
 160    63.455 56240.52094018 38.37 208.175935  65.097902   -100 -100.00 -100.00 -100.00
 160    63.210 56240.52094077 41.94 208.181901  65.098658  2.520 -100.00 -100.00 -100.00
 161    63.791 56250.43658925 26.13 208.177179  65.097203 11.116 -100.00 -100.00 -100.00
 161    63.589 56250.43658984 27.24 208.183144  65.097959 12.796 -100.00 -100.00 -100.00
 162    63.794 56260.35223340 24.28 208.176647  65.096255  8.113 -100.00 -100.00 -100.00
 162    63.602 56260.35223399 25.69 208.182613  65.097011 11.322 -100.00 -100.00 -100.00
 163    63.704 56270.26787528 24.03 208.177211  65.096600  9.735 -100.00 -100.00 -100.00
 163    63.574 56270.26787587 24.25 208.183177  65.097357 10.387 -100.00 -100.00 -100.00
 164    69.031 56280.18351512 17.36 208.174359  65.096699  4.544 -100.00 -100.00 -100.00
 164    71.974 56280.18351572 17.11 208.180325  65.097455  4.483 -100.00 -100.00 -100.00
 165    63.713 56290.09916679 20.53 208.173574  65.096960  8.268 -100.00 -100.00 -100.00
 165    63.575 56290.09916738 20.64 208.179540  65.097717  7.584 -100.00 -100.00 -100.00
 166    63.613 56300.01481553 21.73 208.180154  65.096398 10.757 -100.00 -100.00 -100.00
 166    63.723 56300.01481612 22.67 208.186120  65.097154 10.814 -100.00 -100.00 -100.00
 167    69.051 56309.93045968 14.75 208.181658  65.094540  3.694 -100.00 -100.00 -100.00
 167    71.367 56309.93046027 15.28 208.187624  65.095296  4.003 -100.00 -100.00 -100.00
 168    63.732 56319.84610172 19.21 208.185163  65.093973  8.204 -100.00 -100.00 -100.00
 168    63.859 56319.84610231 19.51 208.191129  65.094729  8.817 -100.00 -100.00 -100.00
 169    63.739 56329.76174267 18.78 208.185104  65.095057  6.664 -100.00 -100.00 -100.00
 169    63.813 56329.76174326 18.80 208.191071  65.095813  7.642 -100.00 -100.00 -100.00
 171    63.754 56349.59302007 17.78 208.176621  65.096306  6.436 -100.00 -100.00 -100.00
 171    63.629 56349.59302066 18.96 208.182587  65.097063  7.435 -100.00 -100.00 -100.00
 172    63.704 56359.50865671 19.07 208.180687  65.095497  7.953 -100.00 -100.00 -100.00
 172    63.600 56359.50865730 19.22 208.186652  65.096253  9.422 -100.00 -100.00 -100.00
 173    63.704 56369.42430701 18.10 208.181949  65.094440  7.061 -100.00 -100.00 -100.00
 173    63.734 56369.42430761 18.35 208.187914  65.095196  7.897 -100.00 -100.00 -100.00
 175    63.686 56389.25559944 23.15 208.177222  65.095716 17.516 -100.00 -100.00 -100.00
 175    63.640 56389.25560003 24.13 208.183187  65.096472 21.581 -100.00 -100.00 -100.00
 176    63.605 56399.17124276 16.84 208.175261  65.097631  8.745 -100.00 -100.00 -100.00
 176    63.514 56399.17124335 18.70 208.181227  65.098387 12.541 -100.00 -100.00 -100.00
 177    63.476 56409.08688338 38.46 208.172191  65.098291   -100 -100.00 -100.00 -100.00
 177    63.327 56409.08688397 38.60 208.178157  65.099047   -100 -100.00 -100.00 -100.00
 178    63.687 56419.00251979 39.65 208.172963  65.097675 30.769 -100.00 -100.00 -100.00
 178    63.631 56419.00252038 38.66 208.178929  65.098432 31.178 -100.00 -100.00 -100.00
 179   111.564 56428.91815409 24.39 208.177282  65.096687   -100 -100.00 -100.00 -100.00
 179   111.300 56428.91815468 13.70 208.183248  65.097444   -100 -100.00 -100.00 -100.00
 184    64.721 56478.49639486 49.15 208.178669  65.095776 26.251 -100.00 -100.00 -100.00
 184    64.811 56478.49639545 51.64 208.184634  65.096532   -100 -100.00 -100.00 -100.00
 185    64.326 56488.41203255 48.28 208.179612  65.094389 29.895 -100.00 -100.00 -100.00
 185    64.156 56488.41203314 49.42 208.185577  65.095145   -100 -100.00 -100.00 -100.00
 187    64.447 56508.24330221 46.36 208.184193  65.094709 31.828 -100.00 -100.00 -100.00
 187    64.389 56508.24330280 48.28 208.190158  65.095465   -100 -100.00 -100.00 -100.00
 188    64.416 56518.15894078 48.06 208.181529  65.095255 29.537 -100.00 -100.00 -100.00
 188    64.480 56518.15894137 47.62 208.187494  65.096012 31.310 -100.00 -100.00 -100.00
 189    64.435 56528.07459459 48.19 208.177177  65.095498 28.100 -100.00 -100.00 -100.00
 189    64.197 56528.07459518 49.01 208.183142  65.096254   -100 -100.00 -100.00 -100.00
 190    63.651 56537.99024453 31.38 208.177163  65.095388 22.641 -100.00 -100.00 -100.00
 190    63.839 56537.99024512 31.98 208.183129  65.096145 27.581 -100.00 -100.00 -100.00
 191   125.970 56547.90589088 15.48 208.181741  65.095425 11.693 -100.00 -100.00 -100.00
 191   125.271 56547.90589147 16.44 208.187707  65.096181 13.544 -100.00 -100.00 -100.00
 192    64.070 56557.82153386 42.25 208.177958  65.095347 30.770 -100.00 -100.00 -100.00
 192    63.697 56557.82153445 37.85 208.183925  65.096103 32.046 -100.00 -100.00 -100.00
 193    62.876 56567.73717619 44.94 208.176547  65.096360   -100 -100.00 -100.00 -100.00
 193    62.921 56567.73717678 47.31 208.182513  65.097116 13.672 -100.00 -100.00 -100.00
 194   114.792 56577.65281720  7.51 208.174958  65.097669 11.616 -100.00 -100.00 -100.00
 194   117.092 56577.65281779  1.50 208.180924  65.098425  6.564 -100.00 -100.00 -100.00
 195    63.072 56587.56845452 43.21 208.173160  65.097811 28.199 -100.00 -100.00 -100.00
 195    63.072 56587.56845511 46.50 208.179126  65.098567 32.600 -100.00 -100.00 -100.00
 196    62.800 56597.48409600 43.07 208.175825  65.097580   -100 -100.00 -100.00 -100.00
 196    62.628 56597.48409659 48.09 208.181790  65.098337   -100 -100.00 -100.00 -100.00
 197    63.086 56607.39974778 23.02 208.178250  65.097374  8.276 -100.00 -100.00 -100.00
 197    63.499 56607.39974837 23.14 208.184216  65.098130  8.629 -100.00 -100.00 -100.00
 200    63.270 56637.14667832 22.54 208.178582  65.096829  9.915 -100.00 -100.00 -100.00
 200    63.407 56637.14667891 21.34 208.184548  65.097585  7.907 -100.00 -100.00 -100.00
 201    63.322 56647.06231986 19.71 208.178090  65.095677  7.394 -100.00 -100.00 -100.00
 201    63.365 56647.06232045 19.59 208.184056  65.096434  8.260 -100.00 -100.00 -100.00
 202    63.185 56656.97797211 19.88 208.179976  65.095109 10.334 -100.00 -100.00 -100.00
 202    63.511 56656.97797270 18.36 208.185942  65.095865  7.769 -100.00 -100.00 -100.00
 203    63.215 56666.89361989 18.00 208.180641  65.094597  7.085 -100.00 -100.00 -100.00
 203    63.445 56666.89362048 17.87 208.186608  65.095353  6.915 -100.00 -100.00 -100.00
 205    63.343 56686.72490891 19.59 208.179433  65.095938  7.397 -100.00 -100.00 -100.00
 205    63.348 56686.72490950 19.19 208.185399  65.096694  7.781 -100.00 -100.00 -100.00
 206    63.236 56696.64055049 17.95 208.175833  65.095960  5.702 -100.00 -100.00 -100.00
 206    63.467 56696.64055108 18.41 208.181799  65.096716  6.281 -100.00 -100.00 -100.00
 207    63.550 56706.55618791 18.37 208.177234  65.095533  5.742 -100.00 -100.00 -100.00
 207    63.423 56706.55618850 18.88 208.183199  65.096290  7.380 -100.00 -100.00 -100.00
 208    63.432 56716.47182199 17.39 208.179058  65.094716  5.421 -100.00 -100.00 -100.00
 208    63.387 56716.47182258 18.93 208.185023  65.095472  7.266 -100.00 -100.00 -100.00
 211   106.190 56746.21877009 10.26 208.174911  65.098063 16.869 -100.00 -100.00 -100.00
 211   108.981 56746.21877068  2.66 208.180877  65.098819  6.739 -100.00 -100.00 -100.00
 212    63.037 56756.13441145 29.69 208.172502  65.098347 31.673 -100.00 -100.00 -100.00
 212    63.157 56756.13441204 29.92 208.178468  65.099103 30.944 -100.00 -100.00 -100.00
 213    63.109 56766.05004762 42.84 208.176395  65.098000   -100 -100.00 -100.00 -100.00
 213    62.933 56766.05004821 45.33 208.182361  65.098757   -100 -100.00 -100.00 -100.00
 214   110.389 56775.96568828 21.64 208.177735  65.097061 32.727 -100.00 -100.00 -100.00
 214   111.827 56775.96568887 10.92 208.183701  65.097818 23.067 -100.00 -100.00 -100.00
 219    63.652 56825.54392695 46.36 208.181476  65.096215   -100 -100.00 -100.00 -100.00
 219    64.046 56825.54392754 44.59 208.187442  65.096970   -100 -100.00 -100.00 -100.00
 221    65.142 56845.37519332 45.32 208.183230  65.094377 25.886 -100.00 -100.00 -100.00
 221    64.975 56845.37519391 44.28 208.189195  65.095133 30.684 -100.00 -100.00 -100.00
 222    64.456 56855.29083980 49.01 208.180900  65.095327   -100 -100.00 -100.00 -100.00
 222    64.131 56855.29084039 48.29 208.186866  65.096083   -100 -100.00 -100.00 -100.00
 225    63.911 56885.03779579 36.64 208.180413  65.096606   -100 -100.00 -100.00 -100.00
 225    63.923 56885.03779638 36.61 208.186379  65.097361 31.172 -100.00 -100.00 -100.00
 226    63.786 56894.95344246 38.15 208.181447  65.096250   -100 -100.00 -100.00 -100.00
 226    63.919 56894.95344305 38.45 208.187414  65.097005   -100 -100.00 -100.00 -100.00
 227    64.004 56904.86908578 49.05 208.179910  65.096681   -100 -100.00 -100.00 -100.00
 227    63.789 56904.86908637 47.28 208.185877  65.097437   -100 -100.00 -100.00 -100.00
 228   114.081 56914.78472665 19.51 208.174624  65.097672 21.246 -100.00 -100.00 -100.00
 228   114.045 56914.78472724 10.93 208.180590  65.098428 16.239 -100.00 -100.00 -100.00
 231    63.072 56944.53163431 40.18 208.176600  65.097860 29.910 -100.00 -100.00 -100.00
 231    62.994 56944.53163490 44.27 208.182566  65.098616   -100 -100.00 -100.00 -100.00
 232    62.897 56954.44728335 42.29 208.178530  65.096734 30.309 -100.00 -100.00 -100.00
 232    62.929 56954.44728394 43.89 208.184495  65.097490   -100 -100.00 -100.00 -100.00
 233    73.431 56964.36293294 22.79 208.176036  65.096125  6.127 -100.00 -100.00 -100.00
 233    71.870 56964.36293353 24.58 208.182002  65.096881  8.542 -100.00 -100.00 -100.00
 234    63.328 56974.27857810 38.75 208.174781  65.096883   -100 -100.00 -100.00 -100.00
 234    63.129 56974.27857869 41.19 208.180747  65.097639   -100 -100.00 -100.00 -100.00
 235    63.476 56984.19421891 31.44 208.173952  65.097568 17.333 -100.00 -100.00 -100.00
 235    63.488 56984.19421950 31.64 208.179919  65.098324 19.489 -100.00 -100.00 -100.00
 236    72.784 56994.10985502 22.16 208.177021  65.096988  6.363 -100.00 -100.00 -100.00
 236    71.880 56994.10985561 23.96 208.182987  65.097744  9.122 -100.00 -100.00 -100.00
 237    71.383 57004.02549387 21.54 208.180785  65.095012  7.468 -100.00 -100.00 -100.00
 237    63.737 57004.02549447 21.84 208.186751  65.095768  6.391 -100.00 -100.00 -100.00
 238    63.680 57013.94115046 22.05 208.186335  65.094293  7.585 -100.00 -100.00 -100.00
 238    63.784 57013.94115105 22.01 208.192301  65.095049  8.016 -100.00 -100.00 -100.00
 239    71.952 57023.85680131 21.13 208.184094  65.094320  8.850 -100.00 -100.00 -100.00
 239    71.185 57023.85680190 20.11 208.190060  65.095076  7.690 -100.00 -100.00 -100.00
 240    63.563 57033.77244960 19.98 208.180161  65.096033  6.967 -100.00 -100.00 -100.00
 240    63.569 57033.77245019 21.19 208.186127  65.096789  8.649 -100.00 -100.00 -100.00
 241    63.513 57043.68809551 22.06 208.176800  65.097397 11.040 -100.00 -100.00 -100.00
 241    63.425 57043.68809610 22.52 208.182766  65.098153 10.682 -100.00 -100.00 -100.00
