# NaN NaN NaN ;Mean Elev.(m), Avg Gradient(m/km), RMS Gradient(m/km)
   2 200.572945  63.574332   107.591   109.903  4 54670.02783923 14.913
   3 200.572831  63.574959    19.597    19.592  4 54679.94348319 22.401
   4 200.574242  63.576189    88.912    91.577  5 54689.85912612 17.082
   5 200.575294  63.577200    21.478    21.555  5 54699.77476688 17.674
   6 200.574219  63.576544    89.261    90.697  5 54709.69041173 20.303
   7 200.573343  63.574242    20.162    20.716  4 54719.60606331 18.967
   8 200.571372  63.571986    87.753    87.835  4 54729.52171213 25.198
   9 200.569382  63.571273    79.957    73.474  3 54739.43735917  3.799
  10 200.569762  63.571505    80.220    80.220  2 54749.35300628  6.730
  11 200.571681  63.571844    75.850    75.858  4 54759.26865327 21.903
  12 200.570245  63.572382    76.415    76.123  4 54769.18429762 16.108
  13 200.570537  63.571699    82.087    89.341  4 54779.09993888 10.662
  14 200.568092  63.571313    94.204    94.614  4 54789.01557743  5.805
  15 200.570195  63.570963    91.604    91.795  4 54798.93121541  2.415
  17 200.571945  63.574469    24.869    24.837  5 54818.76249054 26.646
  18 200.572679  63.574864    24.980    24.973  5 54828.67814255 27.919
  19 200.574155  63.574040    25.204    25.198  4 54838.59378170 22.004
  21 200.572031  63.574113    26.806    26.124  5 54858.42507937 14.305
  22 200.571972  63.574727    27.043    26.858  5 54868.34072804 11.890
  23 200.572916  63.574271    28.234    28.141  5 54878.25637608 14.712
  24 200.573112  63.572980    24.327    23.845  4 54888.17202104 22.354
  25 200.569993  63.571597    29.903    29.907  4 54898.08766242 11.926
  26 200.569175  63.570643    30.236    30.174  4 54908.00330147 10.632
  27 200.568252  63.571316    30.016    30.016  5 54917.91893917  9.099
  28 200.570404  63.572048    29.733    29.688  5 54927.83457704  9.273
  29 200.570110  63.572793    29.842    29.842  5 54937.75021403 10.612
  30 200.569489  63.572984    23.330    23.336  4 54947.66584927 25.521
  31 200.567597  63.573100    74.126    73.836  4 54957.58148415 14.138
  33 200.570012  63.572350    88.114    88.465  5 54977.41278046 19.069
  34 200.571703  63.572792    27.662    27.615  5 54987.32842805 50.666
  36 200.573243  63.573398    86.380    86.339  4 55007.15972163  4.168
  37 200.576361  63.573033    81.271    80.994  3 55017.07536575  4.778
  38 200.572670  63.574394    29.156    29.271  5 55026.99100771 28.850
  40 200.573339  63.575964   100.757   105.343  5 55046.82229070 20.571
  41 200.577992  63.574559    83.334    83.334  2 55056.73793046  2.090
  44 200.570610  63.571177    76.082    74.690  4 55086.48486482 26.728
  45 200.570017  63.571785    86.134    86.256  5 55096.40051080 26.099
  47 200.569606  63.572322    91.756    97.909  5 55116.23180177 20.779
  48 200.568163  63.571462    91.004    91.882  4 55126.14744471 13.747
  49 200.568423  63.570557    87.026    86.873  5 55136.06308537 14.215
  50 200.568092  63.570974    23.819    23.797  5 55145.97872384 36.293
  51 200.569442  63.572465    26.592    26.573  4 55155.89436171 24.511
  52 200.571158  63.573818    27.013    26.952  5 55165.80999981 23.252
  53 200.572140  63.574869    26.978    26.953  5 55175.72563764 21.472
  54 200.572473  63.574775    26.740    26.293  5 55185.64127910 21.063
  55 200.571734  63.574318    25.144    25.282  4 55195.55693022 20.096
  56 200.572354  63.574329    25.227    25.362  4 55205.47258009 20.223
  57 200.575010  63.574720    25.951    26.070  4 55215.38822943 17.445
  58 200.572889  63.575294    25.635    25.834  4 55225.30387776 17.647
  59 200.570697  63.574085    25.707    25.912  4 55235.21952417 16.638
  60 200.569446  63.571690    25.832    25.894  5 55245.13516747 15.599
  61 200.567454  63.570008    27.592    27.523  5 55255.05080784 17.720
  62 200.569444  63.569823    27.793    27.861  4 55264.96644689 16.941
  63 200.571525  63.571592    28.067    27.654  4 55274.88208494 16.797
  64 200.571992  63.573301    28.912    28.689  4 55284.79772217 15.224
  65 200.571214  63.573341    28.990    29.107  5 55294.71335775 15.705
  66 200.569229  63.571971    28.686    28.793  5 55304.62899609 11.146
  67 200.571145  63.569750    24.306    23.099  4 55314.54464384 23.444
  68 200.568169  63.571016    90.916    89.925  5 55324.46028893 10.408
  69 200.570053  63.572766    88.276    89.206  5 55334.37593308 24.732
  70 200.570791  63.574323    92.020    92.020  2 55344.29157687  3.835
  71 200.575087  63.573548    87.135    86.852  3 55354.20722053  2.026
  73 200.570682  63.574066    74.052    74.556  4 55374.03850066  8.695
  78 200.569346  63.572662    27.075    27.102  4 55423.61671458 29.799
  79 200.566066  63.570865    90.074    90.643  4 55433.53236068 17.918
  85 200.568049  63.570792    88.024    83.612  5 55493.02620319 11.537
  86 200.568779  63.571748    85.695    85.136  5 55502.94183694  9.417
  87 200.571796  63.573355    23.076    23.110  5 55512.85748376 36.613
  88 200.572505  63.575178    23.316    23.343  5 55522.77313330 45.922
  89 200.573174  63.575272    23.217    23.187  4 55532.68878153 28.781
  90 200.572842  63.574057    26.738    26.774  4 55542.60442807 21.527
  91 200.570947  63.573453    26.136    26.153  4 55552.52007236 20.216
  92 200.571783  63.573695    27.164    27.153  5 55562.43571548 18.596
  93 200.572404  63.574989    26.395    26.380  4 55572.35135776 19.125
  94 200.571727  63.575660    27.190    27.168  4 55582.26699873 17.630
  95 200.573356  63.573960    26.919    26.925  4 55592.18263685 17.089
  96 200.570797  63.572301    22.894    22.456  5 55602.09827130 25.842
  97 200.569939  63.571288    24.645    24.781  5 55612.01390377 19.176
  98 200.571164  63.572052    26.812    26.806  4 55621.92953778 16.312
  99 200.570910  63.573433    26.360    25.924  4 55631.84519062 15.166
 100 200.573199  63.573818    27.976    27.868  4 55641.76084163 10.922
 101 200.571094  63.573485    25.641    25.473  5 55651.67648951 15.471
 102 200.569760  63.571459    28.924    28.856  5 55661.59213367 11.704
 103 200.568038  63.570453    28.970    29.177  4 55671.50777447 10.739
 104 200.569709  63.570925    26.925    26.191  5 55681.42341380 19.666
 108 200.573313  63.575195    82.937    83.371  4 55721.08597777  0.924
 110 200.569052  63.574833    90.541    86.895  4 55740.91727160 18.321
 113 200.572763  63.573511    75.545    74.961  4 55770.66420031 23.247
 115 200.568971  63.571729    89.188    90.262  4 55790.49547073 25.211
 117 200.572412  63.573065    82.292    83.271  4 55810.32675199  3.006
 118 200.571629  63.574231    74.858    75.222  4 55820.24240055 25.516
 119 200.571070  63.574186    75.243    75.101  4 55830.15804462 22.591
 120 200.567079  63.573636    75.325    75.325  2 55840.07368391 10.245
 121 200.562261  63.573601    94.393    94.393  2 55849.98932008 11.476
 123 200.573264  63.574027    88.796    89.228  4 55869.82060613 14.747
 133 200.569072  63.571376    28.022    28.244  5 55968.97704771 12.267
 134 200.570537  63.572396    27.772    27.876  4 55978.89268435 11.675
 135 200.571115  63.573690    29.463    29.482  5 55988.80832021 12.955
 136 200.572456  63.573736    28.162    28.166  4 55998.72396198 12.504
 137 200.572069  63.572641    29.234    29.561  4 56008.63961318 11.662
 138 200.569732  63.572024    29.256    29.178  5 56018.55525993 12.225
 139 200.568996  63.571967    29.969    30.153  4 56028.47090379 12.408
 142 200.572056  63.575578    74.921    74.745  4 56058.21782345 17.734
 143 200.573101  63.576440    79.520    79.154  4 56068.13345650 13.422
 144 200.571980  63.575832    94.778    94.925  3 56078.04910725 12.454
 147 200.571984  63.574480    89.582    89.636  4 56107.79604624 22.094
 151 200.570191  63.572466    75.050    74.861  5 56147.45859290 19.584
 154 200.575230  63.572106    90.143    97.081  3 56177.20553634  3.674
 155 200.570287  63.572306    86.228    86.348  4 56187.12117673 13.775
 156 200.569131  63.572241    93.709    94.642  4 56197.03681388  8.026
 157 200.572347  63.572876    87.735    87.425  4 56206.95244844  6.351
 158 200.574397  63.574843    73.555    73.469  4 56216.86808129 15.400
 160 200.574307  63.576014    23.649    23.629  5 56236.69937814 41.758
 161 200.571540  63.575429    28.255    28.209  4 56246.61502900 24.431
 162 200.571078  63.574795    28.692    28.717  4 56256.53067496 21.798
 163 200.573466  63.574740    29.185    29.105  5 56266.44631743 19.615
 164 200.571840  63.575694    28.202    27.897  4 56276.36195773 19.537
 165 200.573595  63.574618    28.763    29.151  5 56286.27760474 17.631
 166 200.570904  63.572883    28.206    28.477  4 56296.19325458 16.844
 167 200.568629  63.570914    28.390    28.477  5 56306.10890043 15.008
 168 200.568620  63.570201    27.896    27.613  5 56316.02454319 14.842
 169 200.569945  63.571520    28.304    28.304  5 56325.94018419 14.007
 170 200.571178  63.573499    28.318    28.248  4 56335.85582424 14.417
 171 200.571924  63.574310    28.640    28.826  4 56345.77146315 14.303
 172 200.572438  63.573511    28.605    28.497  4 56355.68709979 14.173
 173 200.569243  63.572253    27.154    27.312  4 56365.60274603 16.848
 174 200.568291  63.571706    29.494    29.451  4 56375.51839480 13.546
 176 200.571556  63.574622    29.620    29.572  4 56395.34968427 14.339
 177 200.572156  63.575886    29.644    29.522  4 56405.26532580  8.549
 180 200.573492  63.574352    26.639    26.670  4 56435.01224561 33.360
 181 200.572880  63.574012    91.500    91.230  4 56444.92789762 24.164
 182 200.573014  63.574555    90.272    89.726  5 56454.84354718 25.030
 185 200.566533  63.571548    77.557    75.494  3 56484.59047628 16.480
 188 200.574108  63.575033    82.169    84.666  3 56514.33738033  0.287
 189 200.572520  63.575883    81.818    81.619  4 56524.25303158 21.286
 193 200.571411  63.573014    84.770    86.795  4 56563.91561800  2.604
 194 200.571739  63.575842    79.724    78.620  4 56573.83125930  2.045
 196 200.574292  63.577251    28.640    29.419  4 56593.66253288 29.499
 197 200.573732  63.574874    85.962    85.780  4 56603.57818610 17.687
 198 200.571656  63.573666    22.298    22.273  4 56613.49383480 43.291
 199 200.572811  63.573830    23.245    23.228  5 56623.40947953 37.936
 200 200.572736  63.574768    23.515    23.546  5 56633.32512119 35.710
 201 200.574989  63.574858    23.544    23.547  4 56643.24075848 31.088
 202 200.572473  63.573174    24.813    24.904  4 56653.15640951 26.280
 203 200.568730  63.571384    25.363    25.088  5 56663.07205850 25.035
 204 200.568896  63.570175    25.324    25.446  5 56672.98770507 25.301
 205 200.569580  63.571529    26.540    27.100  4 56682.90335008 17.390
 206 200.571539  63.573415    26.590    26.432  4 56692.81899309 16.112
 207 200.573944  63.574585    28.734    28.601  4 56702.73463207 13.094
 208 200.572893  63.574412    28.700    28.855  4 56712.65026574 13.882
 209 200.571851  63.572542    28.323    27.980  4 56722.56591297 14.715
 210 200.570341  63.571630    28.747    28.800  5 56732.48156405 14.170
 211 200.570889  63.573041    28.889    28.997  5 56742.39721149 14.150
 212 200.574943  63.574866    28.754    28.913  4 56752.31285485 14.027
 214 200.573863  63.577230    79.014    78.738  4 56772.14412349  4.443
 215 200.572853  63.574597    24.421    24.394  5 56782.05978088 40.173
 217 200.570701  63.572427    88.003    87.903  5 56801.89108674 23.170
 218 200.572484  63.572922    78.809    76.515  4 56811.80673096 27.132
 219 200.572050  63.573429    76.805    76.838  4 56821.72237083 23.148
 220 200.571732  63.572805    28.728    29.248  4 56831.63800663 31.091
 222 200.571245  63.571836    76.349    76.078  4 56851.46927667 24.888
 224 200.572895  63.573241    79.207    76.771  4 56871.30058459 25.386
 226 200.571533  63.573277    87.128    87.150  4 56891.13188219 22.982
 227 200.563952  63.573409    76.328    76.328  2 56901.04752561  5.709
 230 200.571926  63.575837    74.379    73.616  4 56930.79444739 16.389
 232 200.575195  63.576524    85.659    85.537  4 56950.62572058 17.578
 233 200.573241  63.574694    73.788    73.659  5 56960.54137234 24.618
 234 200.571747  63.573584    23.886    23.897  5 56970.45701902 31.447
 235 200.571615  63.573576    24.342    24.340  4 56980.37266172 32.182
 236 200.572392  63.574175    24.878    24.848  5 56990.28830001 34.219
 237 200.574172  63.574497    24.613    24.628  4 57000.20393208 24.422
 238 200.569963  63.573806    24.337    24.335  4 57010.11958641 24.437
 239 200.570957  63.571870    24.582    24.581  5 57020.03523880 19.657
 240 200.569260  63.571746    26.178    26.121  5 57029.95088787 17.789
 241 200.570529  63.572157    25.737    26.001  4 57039.86653547 18.126
