#   56.346  -1.801   6.650 ;Mean Elev.(m), Avg Gradient(m/km), RMS Gradient(m/km)
   2 208.178842  65.097412    63.946    63.946  2 54673.84939891 45.857
   4 208.174347  65.098963    64.412    64.412  2 54693.68068404 48.023
   6 208.179407  65.096289    63.811    63.811  2 54713.51197376 48.768
   8 208.182693  65.094984    63.294    63.294  2 54733.34327302 38.097
  10 208.177600  65.097209    62.716    62.716  2 54753.17456629 42.891
  11 208.180485  65.097195    62.575    62.575  2 54763.09021273 39.332
  12 208.184083  65.095659    63.417    63.417  2 54773.00585659 36.331
  13 208.188504  65.094628    63.626    63.626  2 54782.92149773 26.050
  14 208.189084  65.094699    63.610    63.610  2 54792.83713624 22.730
  17 208.181228  65.096840    65.953    65.953  2 54822.58405282 19.225
  18 208.180757  65.096357    69.594    69.594  2 54832.49969306 17.692
  19 208.182761  65.096946    63.703    63.703  2 54842.41534340 18.270
  24 208.181151  65.096946    66.609    66.609  2 54891.99357967 14.568
  25 208.185058  65.095181    69.611    69.611  2 54901.90922050 12.440
  26 208.185556  65.095444    71.530    71.530  2 54911.82485952 11.190
  27 208.182988  65.096821    67.778    67.778  2 54921.74049726 11.671
  28 208.180216  65.097454    63.773    63.773  2 54931.65613425 27.468
  29 208.179811  65.096124    63.410    63.410  2 54941.57176978 33.313
  30 208.189250  65.094740    63.808    63.808  2 54951.48740451 45.660
  32 208.190621  65.094198    63.968    63.968  2 54971.31869465 34.002
  37 208.181986  65.097009    64.114    64.114  2 55020.89692433 49.372
  39 208.174371  65.098350    63.438    63.438  2 55040.72820790 48.855
  41 208.178202  65.097751    63.190    63.190  2 55060.55948664 47.196
  42 208.185906  65.096011    64.131    64.131  2 55070.47512855 45.687
  43 208.188149  65.094374    64.452    64.452  2 55080.39077781 50.301
  47 208.179266  65.097027    62.832    62.832  2 55120.05336128 45.479
  48 208.184454  65.095392   126.849   126.849  2 55129.96900335  9.240
  49 208.187895  65.093792    66.562    66.562  2 55139.88464324 27.698
  50 208.186895  65.093953    62.881    62.881  2 55149.80028176 35.183
  51 208.182835  65.095524    71.398    71.398  2 55159.71591983 23.245
  52 208.181544  65.097216    72.493    72.493  2 55169.63155778 20.432
  53 208.181728  65.097564    71.653    71.653  2 55179.54719462 20.780
  54 208.181592  65.096939    72.391    72.391  2 55189.46284125 19.527
  57 208.175495  65.098783    62.923    62.923  2 55219.20979030 19.843
  58 208.173733  65.098612    62.892    62.892  2 55229.12543854 19.127
  59 208.180175  65.098072    62.837    62.837  2 55239.04108436 20.609
  60 208.182211  65.096030    62.854    62.854  2 55248.95672609 21.048
  61 208.188418  65.095316    63.184    63.184  2 55258.87236589 18.703
  62 208.186946  65.095204    63.075    63.075  2 55268.78800425 17.501
  63 208.184996  65.096206    62.911    62.911  2 55278.70364237 18.660
  65 208.183052  65.095864    63.270    63.270  2 55298.53491366 36.230
  66 208.185779  65.094555    63.120    63.120  2 55308.45055690 47.567
  70 208.180639  65.097123    63.274    63.274  2 55348.11313650 49.196
  74 208.178376  65.097150    64.048    64.048  2 55387.77569563 33.029
  77 208.182365  65.096329    64.029    64.029  2 55417.52262775 48.318
  78 208.183068  65.094889    63.751    63.751  2 55427.43827526 38.866
  79 208.188389  65.094921    63.508    63.508  2 55437.35392063 47.102
  80 208.184975  65.095074    63.584    63.584  2 55447.26956391 49.343
  81 208.182977  65.095872    63.768    63.768  2 55457.18520702 50.507
  82 208.183856  65.096554    62.932    62.932  2 55467.10084971 47.281
  83 208.183245  65.095696    62.822    62.822  2 55477.01648894 47.068
  84 208.185733  65.094582    62.451    62.451  2 55486.93212525 35.209
  85 208.188763  65.093960   110.081   110.081  2 55496.84775941 21.665
  86 208.184199  65.094110    63.257    63.257  2 55506.76339522 38.970
  90 208.177182  65.097442    63.483    63.483  2 55546.42598760 18.990
  92 208.178453  65.098542    67.676    67.676  2 55566.25727402 18.826
  93 208.177385  65.098106    63.590    63.590  2 55576.17291594 19.805
  94 208.181767  65.097097    63.686    63.686  2 55586.08855652 19.500
  95 208.182701  65.095110    63.629    63.629  2 55596.00419349 19.011
  96 208.190066  65.094715    63.773    63.773  2 55605.91982802 16.234
  97 208.185358  65.093924    71.641    71.641  2 55615.83545930 13.427
  98 208.183265  65.094668    69.918    69.918  2 55625.75110067 13.107
  99 208.185422  65.095722    65.159    65.159  2 55635.66675297 13.256
 101 208.186323  65.094949    64.963    64.963  2 55655.49805006 18.438
 102 208.189436  65.094794    67.239    67.239  2 55665.41369298 17.480
 103 208.185520  65.094616    63.426    63.426  2 55675.32933233 33.687
 104 208.182295  65.095323   111.330   111.330  2 55685.24497013 25.601
 105 208.183006  65.096440   111.507   111.507  2 55695.16060717 19.369
 107 208.183549  65.096930    64.337    64.337  2 55714.99189049 24.694
 111 208.178496  65.098057    64.102    64.102  2 55754.65447595 47.534
 112 208.179748  65.096256    63.933    63.933  2 55764.57011775 38.117
 113 208.187840  65.094919   116.930   116.930  2 55774.48575737 28.514
 116 208.183723  65.095352    64.196    64.196  2 55804.23266351 51.273
 117 208.182888  65.096069    63.277    63.277  2 55814.14831308 47.730
 119 208.190021  65.094423    63.133    63.133  2 55833.97960390 49.554
 120 208.189330  65.093680    62.850    62.850  2 55843.89524259 40.877
 121 208.189617  65.094725    62.543    62.543  2 55853.81087845 48.747
 122 208.180992  65.095581    62.341    62.341  2 55863.72651503 31.832
 123 208.178120  65.097007    71.810    71.810  2 55873.64216857 21.617
 133 208.186308  65.094760    70.822    70.822  2 55972.79860568 11.710
 134 208.185067  65.096515    71.601    71.601  2 55982.71424172 10.953
 136 208.183710  65.095398    67.923    67.923  2 56002.54552407 10.801
 137 208.185183  65.093794    71.651    71.651  2 56012.46117365 10.315
 139 208.185187  65.095257    62.827    62.827  2 56032.29246317 36.254
 141 208.176397  65.097959   126.424   126.424  2 56052.12374268 20.960
 144 208.183496  65.096687    64.410    64.410  2 56081.87066921 51.671
 148 208.184352  65.096486    64.418    64.418  2 56121.53323305 34.933
 149 208.190566  65.094420    64.043    64.043  2 56131.44886902 51.739
 150 208.190966  65.093223    64.342    64.342  2 56141.36450419 50.428
 151 208.189298  65.094786    64.102    64.102  2 56151.28015509 49.244
 154 208.184645  65.096393   112.212   112.212  2 56181.02709461  7.159
 155 208.185304  65.094500    63.526    63.526  2 56190.94273385 48.186
 156 208.187029  65.093898    63.553    63.553  2 56200.85837045 48.376
 157 208.184402  65.094905    63.269    63.269  2 56210.77400445 38.255
 158 208.179027  65.096316    62.851    62.851  2 56220.68963632 40.771
 159 208.178392  65.098200    62.412    62.412  2 56230.60528743 43.464
 160 208.178918  65.098280    63.333    63.333  2 56240.52094047 40.512
 161 208.180161  65.097581    63.690    63.690  2 56250.43658955 26.720
 162 208.179630  65.096633    63.698    63.698  2 56260.35223369 25.042
 163 208.180194  65.096979    63.639    63.639  2 56270.26787557 24.141
 164 208.177342  65.097077    70.502    70.502  2 56280.18351542 17.237
 165 208.176557  65.097339    63.644    63.644  2 56290.09916708 20.585
 166 208.183137  65.096776    63.668    63.668  2 56300.01481583 22.225
 167 208.184641  65.094918    70.209    70.209  2 56309.93045997 15.023
 168 208.188146  65.094351    63.796    63.796  2 56319.84610201 19.363
 169 208.188087  65.095435    63.776    63.776  2 56329.76174297 18.790
 171 208.179604  65.096684    63.692    63.692  2 56349.59302036 18.410
 172 208.183669  65.095875    63.652    63.652  2 56359.50865700 19.146
 173 208.184932  65.094818    63.719    63.719  2 56369.42430731 18.227
 175 208.180205  65.096094    63.663    63.663  2 56389.25559974 23.668
 176 208.178244  65.098009    63.560    63.560  2 56399.17124306 17.869
 177 208.175174  65.098669    63.402    63.402  2 56409.08688367 38.531
 178 208.175946  65.098053    63.659    63.659  2 56419.00252008 39.183
 179 208.180265  65.097065   111.432   111.432  2 56428.91815439 21.735
 184 208.181651  65.096154    64.766    64.766  2 56478.49639515 50.571
 185 208.182594  65.094767    64.241    64.241  2 56488.41203285 48.887
 187 208.187175  65.095087    64.418    64.418  2 56508.24330251 47.425
 188 208.184511  65.095633    64.448    64.448  2 56518.15894107 47.846
 189 208.180160  65.095876    64.316    64.316  2 56528.07459489 48.619
 190 208.180146  65.095766    63.745    63.745  2 56537.99024482 31.690
 191 208.184724  65.095803   125.620   125.620  2 56547.90589118 15.986
 192 208.180941  65.095725    63.883    63.883  2 56557.82153416 40.585
 193 208.179530  65.096738    62.898    62.898  2 56567.73717649 46.285
 194 208.177941  65.098047   115.942   115.942  2 56577.65281750  5.471
 195 208.176143  65.098189    63.072    63.072  2 56587.56845482 45.159
 196 208.178808  65.097959    62.714    62.714  2 56597.48409630 46.268
 197 208.181233  65.097752    63.292    63.292  2 56607.39974807 23.080
 200 208.181565  65.097207    63.338    63.338  2 56637.14667861 21.981
 201 208.181073  65.096056    63.344    63.344  2 56647.06232016 19.650
 202 208.182959  65.095487    63.348    63.348  2 56656.97797240 19.186
 203 208.183624  65.094975    63.330    63.330  2 56666.89362019 17.935
 205 208.182416  65.096316    63.345    63.345  2 56686.72490921 19.395
 206 208.178816  65.096338    63.351    63.351  2 56696.64055078 18.186
 207 208.180217  65.095911    63.486    63.486  2 56706.55618820 18.632
 208 208.182040  65.095094    63.410    63.410  2 56716.47182228 18.228
 211 208.177894  65.098441   107.586   107.586  2 56746.21877038  7.946
 212 208.175485  65.098725    63.097    63.097  2 56756.13441174 29.807
 213 208.179378  65.098378    63.021    63.021  2 56766.05004792 44.261
 214 208.180718  65.097440   111.108   111.108  2 56775.96568858 18.983
 219 208.184459  65.096592    63.849    63.849  2 56825.54392724 45.565
 221 208.186212  65.094755    65.059    65.059  2 56845.37519361 44.831
 222 208.183883  65.095705    64.294    64.294  2 56855.29084010 48.665
 225 208.183396  65.096983    63.917    63.917  2 56885.03779608 36.625
 226 208.184430  65.096627    63.853    63.853  2 56894.95344276 38.303
 227 208.182893  65.097059    63.897    63.897  2 56904.86908608 48.255
 228 208.177607  65.098050   114.063   114.063  2 56914.78472694 17.064
 231 208.179583  65.098238    63.033    63.033  2 56944.53163460 42.690
 232 208.181512  65.097112    62.913    62.913  2 56954.44728365 43.163
 233 208.179019  65.096503    72.651    72.651  2 56964.36293323 23.777
 234 208.177764  65.097261    63.229    63.229  2 56974.27857839 40.139
 235 208.176935  65.097946    63.482    63.482  2 56984.19421921 31.541
 236 208.180004  65.097366    72.332    72.332  2 56994.10985532 23.153
 237 208.183768  65.095390    67.560    67.560  2 57004.02549417 21.693
 238 208.189318  65.094671    63.732    63.732  2 57013.94115076 22.030
 239 208.187077  65.094698    71.569    71.569  2 57023.85680161 20.650
 240 208.183144  65.096411    63.566    63.566  2 57033.77244989 20.627
 241 208.179783  65.097775    63.469    63.469  2 57043.68809580 22.296
