# NaN NaN NaN ;Mean Elev.(m), Avg Gradient(m/km), RMS Gradient(m/km)
   2 202.980040  64.773188    40.918    40.737  4 54670.88227610 28.725
   3 202.987394  64.775408    83.340    83.340  2 54680.79792080 13.387
   4 202.979163  64.774916    40.241    39.565  4 54690.71356272 29.443
   5 202.984200  64.775242    95.979    95.979  2 54700.62920360  9.890
   6 202.982413  64.773552    38.050    38.070  4 54710.54484931 30.900
   7 202.979893  64.772008    95.451    95.784  4 54720.46050019 10.012
   8 202.981952  64.771572    38.249    38.133  4 54730.37614898 40.016
  10 202.979323  64.772231    36.731    36.528  4 54750.20744295 46.634
  11 202.980170  64.772769    88.402    84.541  4 54760.12308999 16.640
  12 202.980706  64.772366    35.928    35.958  4 54770.03873458 23.564
  14 202.978735  64.770072    36.180    36.171  4 54789.87001413 21.222
  15 202.980730  64.770427    36.485    36.577  4 54799.78565187 21.211
  17 202.980530  64.771960    36.205    36.290  4 54819.61692785 18.954
  18 202.981056  64.772805    36.292    36.138  3 54829.53258018 16.078
  19 202.981421  64.773565    36.390    36.377  3 54839.44821903 14.815
  20 202.980900  64.774657    35.783    35.800  4 54849.36386813 18.177
  21 202.982437  64.776227    39.030    39.058  4 54859.27951700 10.193
  22 202.980276  64.776721    38.810    38.766  4 54869.19516561 10.646
  23 202.980620  64.775925    37.056    37.576  3 54879.11081339 13.287
  24 202.979160  64.773563    38.911    38.856  4 54889.02645775 11.086
  25 202.980333  64.771817    38.826    38.877  4 54898.94209916 10.074
  26 202.981060  64.771748    39.236    39.218  4 54908.85773820  8.989
  27 202.982451  64.772874    39.206    39.153  4 54918.77337609  7.926
  28 202.980287  64.772972    38.877    38.825  4 54928.68901334  8.698
  29 202.979529  64.771724    39.400    39.299  4 54938.60464984 10.377
  30 202.981180  64.770088    35.919    36.005  3 54948.52028484 34.006
  32 202.986369  64.770243    42.178    42.115  3 54968.35157023 56.217
  34 202.986820  64.773131    88.008    88.008  2 54988.18286538 13.234
  35 202.981242  64.772703    40.027    40.033  4 54998.09851246 40.723
  36 202.979824  64.772664    39.889    39.908  4 55008.01415817 36.521
  37 202.979031  64.772974    40.106    39.277  4 55017.92980196 35.556
  38 202.980355  64.774329    39.609    38.188  3 55027.84544460 30.685
  41 202.980981  64.773985    37.025    37.015  3 55057.59236615 46.079
  42 202.981442  64.771203    37.478    37.473  4 55067.50800346 43.205
  43 202.983851  64.770231    37.310    37.301  4 55077.42365382 32.849
  44 202.983115  64.770830    37.448    37.473  4 55087.33930157 29.623
  45 202.979236  64.772096    38.490    37.270  4 55097.25494751 28.694
  46 202.981782  64.773636    38.335    37.302  4 55107.17059365 27.387
  47 202.981099  64.772822    36.612    36.558  4 55117.08623874 45.094
  48 202.979447  64.770624    35.530    35.424  4 55127.00188134 42.172
  49 202.983736  64.769880    35.783    35.804  4 55136.91752224 39.629
  50 202.981566  64.769881    37.165    37.228  4 55146.83316065 20.650
  51 202.980576  64.771492    37.097    37.206  4 55156.74879853 17.961
  52 202.980926  64.772871    36.183    36.192  4 55166.66443652 17.441
  53 202.980318  64.772971    36.055    35.774  4 55176.58007396 16.641
  54 202.978676  64.771930    36.763    36.559  4 55186.49571630 15.967
  55 202.980751  64.772577    37.164    37.171  4 55196.41136751 14.723
  56 202.980420  64.774101    36.890    37.050  3 55206.32701738 14.611
  57 202.979821  64.775924    36.301    35.704  3 55216.24266667 13.957
  58 202.981487  64.776713    36.713    36.895  4 55226.15831552 13.709
  59 202.982211  64.775062    36.525    36.496  4 55236.07396174 12.928
  60 202.981127  64.771851    36.776    36.902  3 55245.98960431 12.529
  61 202.983192  64.770160    36.975    36.981  4 55255.90524454 12.718
  62 202.983331  64.770834    36.997    36.891  4 55265.82088342 11.649
  63 202.983008  64.772922    37.059    37.126  4 55275.73652154 12.106
  64 202.979321  64.773250    37.057    37.121  4 55285.65215834 11.023
  65 202.979975  64.771741    35.922    36.194  4 55295.56779344 10.975
  66 202.983167  64.769581    37.841    37.635  4 55305.48343284 11.566
  67 202.982562  64.768422    38.572    39.791  4 55315.39907975 37.446
  68 202.980735  64.769377    98.560    97.947  4 55325.31472515 13.061
  69 202.983751  64.772258    97.966    95.836  3 55335.23036994  6.436
  71 202.980383  64.773695    42.383    42.578  3 55355.06165674 23.817
  72 202.978657  64.772824    40.523    40.661  4 55364.97729751 27.608
  73 202.979368  64.772542    37.633    37.688  4 55374.89293694 45.526
  74 202.982679  64.773613    38.499    38.484  4 55384.80857556 48.834
  75 202.982346  64.774332    38.374    38.270  4 55394.72421295 33.219
  76 202.979208  64.773881    38.613    38.602  4 55404.63985138 49.335
  77 202.981421  64.773095    39.283    39.278  4 55414.55550304 48.721
  78 202.978932  64.770512    39.527    39.466  4 55424.47115109 34.355
  79 202.980280  64.769058    38.731    38.714  4 55434.38679698 38.272
  80 202.981310  64.769848    38.161    38.185  3 55444.30244154 34.305
  81 202.981448  64.771837    37.603    37.600  4 55454.21808496 39.508
  82 202.979654  64.773167    39.419    37.998  4 55464.13372739 27.733
  83 202.979944  64.772400    36.469    36.302  4 55474.04936737 39.847
  84 202.983246  64.770471    35.748    35.697  4 55483.96500461 40.711
  85 202.979012  64.767825    34.448    34.466  4 55493.88063898 39.756
  86 202.982016  64.768689    36.463    36.180  4 55503.79627303 31.609
  87 202.981201  64.771310    36.153    35.701  4 55513.71192134 28.611
  88 202.982066  64.773891    35.930    35.904  4 55523.62757114 32.213
  89 202.979968  64.774370    35.813    35.910  3 55533.54321885 27.167
  90 202.982638  64.774143    35.661    35.770  4 55543.45886516 16.315
  91 202.980785  64.773450    36.245    36.085  3 55553.37450909 13.787
  92 202.980698  64.774082    35.890    35.824  4 55563.29015216 16.036
  93 202.978641  64.774530    35.911    35.958  4 55573.20579442 15.683
  94 202.981264  64.774501    36.387    36.639  3 55583.12143576 13.870
  95 202.981194  64.772540    36.674    36.643  4 55593.03707331 13.187
  96 202.978969  64.769698    37.114    37.156  4 55602.95270727 12.145
  97 202.983418  64.768859    37.709    37.742  4 55612.86833983 10.963
  98 202.983069  64.769150    37.752    37.818  4 55622.78397544 10.613
  99 202.979350  64.770672    37.103    37.174  4 55632.69962800 11.382
 100 202.982894  64.772250    36.592    36.909  4 55642.61527896 11.790
 101 202.981128  64.771593    36.601    36.838  3 55652.53092644 11.783
 102 202.981370  64.770047    38.423    38.286  3 55662.44656987  9.745
 103 202.981724  64.769418    37.317    37.447  4 55672.36221035 10.459
 104 202.979686  64.769824    37.589    37.508  4 55682.27784924 29.771
 105 202.983502  64.772036   102.153   102.210  4 55692.19348725  2.377
 107 202.981331  64.773387    40.871    40.931  3 55712.02476559 45.022
 108 202.980392  64.773334    40.675    40.159  4 55721.94041511 33.667
 109 202.982738  64.773846    39.736    38.806  4 55731.85606290 31.110
 110 202.980579  64.773786    40.554    40.141  4 55741.77170896 31.990
 111 202.980285  64.773838    40.040    39.949  4 55751.68735390 35.655
 112 202.981371  64.773216    39.335    39.325  3 55761.60299658 50.224
 113 202.983480  64.772136    39.540    39.499  4 55771.51863649 34.005
 114 202.983350  64.770368    39.682    39.672  4 55781.43427268 34.667
 115 202.981600  64.769275    38.866    38.850  3 55791.34990619 49.626
 116 202.981230  64.769295    40.086    39.682  4 55801.26553874 30.224
 117 202.981660  64.770761    39.804    38.470  4 55811.18118887 30.300
 118 202.982221  64.771528    37.743    37.771  4 55821.09683774 41.751
 119 202.982975  64.771105    39.021    37.942  4 55831.01248180 31.369
 120 202.982665  64.769831    39.423    37.670  4 55840.92812112 31.223
 121 202.983662  64.769464    36.437    36.155  4 55850.84375753 48.001
 122 202.981390  64.770054    35.283    35.227  4 55860.75939164 43.681
 123 202.981910  64.772333    35.409    35.382  4 55870.67504392 28.997
 133 202.979685  64.770355    37.615    37.679  4 55969.83148425 10.507
 134 202.980357  64.771329    37.576    37.626  4 55979.74712065 10.142
 135 202.980913  64.771217    38.056    38.012  3 55989.66275612 10.217
 136 202.981967  64.770666    38.194    38.190  4 55999.57839922 10.876
 137 202.982595  64.770152    37.633    37.603  4 56009.49404997 10.602
 138 202.982557  64.770169    37.633    37.564  4 56019.40969659  9.543
 139 202.980763  64.770971    39.124    39.248  4 56029.32534020 10.271
 141 202.979937  64.773296    36.808    36.762  4 56049.15662215 34.157
 142 202.981107  64.773601   101.620   102.431  3 56059.07225953 21.698
 144 202.980341  64.773002    41.404    41.124  4 56078.90354484 33.662
 145 202.979262  64.773653    41.294    41.065  4 56088.81919322 35.851
 146 202.980212  64.774521    40.558    40.346  3 56098.73483927 33.354
 147 202.979797  64.773814    39.446    39.384  4 56108.65048275 36.461
 148 202.980474  64.771845    40.057    40.051  4 56118.56611180 45.635
 149 202.980095  64.769463    39.606    39.612  4 56128.48174864 51.379
 150 202.980012  64.768373    39.577    39.587  4 56138.39738213 42.753
 151 202.982016  64.770250    38.772    38.827  4 56148.31302989 48.750
 152 202.982941  64.772369    38.351    38.337  4 56158.22867930 29.592
 153 202.979857  64.772562    37.848    37.773  4 56168.14432714 38.633
 154 202.980636  64.771496    38.120    38.123  3 56178.05997239 37.993
 155 202.982274  64.770169    40.770    40.208  4 56187.97561316 26.881
 156 202.979795  64.769339    43.451    43.397  4 56197.89125008 23.753
 157 202.982434  64.771016    37.704    37.706  4 56207.80688471 47.991
 158 202.983197  64.772964    36.781    36.786  4 56217.72251753 45.556
 159 202.980900  64.773929    35.653    35.569  3 56227.63816134 44.885
 160 202.979024  64.773591    35.997    35.488  4 56237.55381554 23.824
 161 202.982064  64.773380    36.241    36.199  4 56247.46946636 19.428
 162 202.981310  64.773027    36.393    36.453  3 56257.38511182 16.541
 163 202.980511  64.773799    36.207    36.250  4 56267.30075400 15.136
 164 202.982045  64.774720    35.850    35.900  4 56277.21639474 15.386
 165 202.980663  64.774243    35.954    35.927  4 56287.13204250 14.291
 166 202.981356  64.772274    36.057    35.941  4 56297.04769198 13.661
 167 202.983531  64.770364    37.663    37.566  4 56306.96333762 12.829
 168 202.979519  64.769229    37.428    37.411  4 56316.87897978 12.556
 169 202.982680  64.771463    37.997    37.869  4 56326.79462122 12.224
 170 202.980204  64.772914    37.698    37.769  4 56336.71026106 11.804
 171 202.983053  64.773394    37.149    37.169  4 56346.62589980 12.728
 172 202.982248  64.771337    37.612    37.653  4 56356.54153553 11.877
 173 202.981616  64.769783    37.719    37.713  4 56366.45718291 10.696
 176 202.980025  64.774664    37.368    37.686  4 56396.20412101 10.620
 177 202.980121  64.775640    34.303    34.236  4 56406.11976255  9.975
 178 202.981036  64.774899    36.307    36.437  3 56416.03540061 10.340
 179 202.979639  64.772568    39.445    40.133  4 56425.95103356 25.752
 180 202.982168  64.772566   111.557   112.124  3 56435.86668326  8.035
 181 202.981326  64.773492   104.674   104.669  3 56445.78233504 22.812
 182 202.978721  64.774544   105.642   105.683  4 56455.69798427 25.564
 184 202.982788  64.772990    39.645    39.629  4 56475.52927341 36.223
 185 202.982112  64.770198    38.981    38.982  4 56485.44491222 51.972
 187 202.982110  64.770295    38.912    38.870  4 56505.27618290 52.202
 188 202.979516  64.771593    39.472    38.447  4 56515.19181576 37.108
 190 202.978698  64.771684    39.693    38.404  4 56535.02312027 33.773
 192 202.979478  64.770413    39.630    38.167  4 56554.85441188 37.076
 193 202.981103  64.772584    39.893    39.224  3 56564.77005495 28.407
 194 202.980955  64.774940    37.502    37.549  4 56574.68569652 44.738
 195 202.978666  64.775478    40.837    40.645  4 56584.60133493 29.688
 196 202.979698  64.774316    37.148    37.111  4 56594.51697031 39.327
 197 202.981792  64.773557    35.670    35.610  4 56604.43262352 40.581
 198 202.978577  64.772427    37.334    37.339  4 56614.34827144 25.415
 199 202.982332  64.773410    38.014    38.242  4 56624.26391630 19.884
 200 202.982753  64.773983    38.093    37.984  4 56634.17955803 23.517
 201 202.981383  64.773325    37.810    37.839  4 56644.09519469 21.763
 202 202.979529  64.771958    38.677    38.580  4 56654.01084720 16.820
 203 202.979834  64.770440    38.512    38.419  4 56663.92649598 16.266
 205 202.978948  64.771044    37.702    37.737  4 56683.75778686 20.694
 206 202.980771  64.772873    37.699    37.874  4 56693.67342986 16.803
 207 202.981606  64.773430    38.921    38.877  4 56703.58906837 16.296
 208 202.979332  64.771672    38.970    38.946  4 56713.50470116 15.833
 210 202.978778  64.771371    38.661    38.712  4 56733.33600057 14.842
 211 202.979920  64.773546    38.449    38.475  4 56743.25164808 14.300
 212 202.982344  64.775775    38.398    38.309  4 56753.16729140 13.947
 213 202.978732  64.775562    34.474    34.480  4 56763.08292865 11.687
 214 202.980272  64.774366    38.116    39.178  3 56772.99856133 33.914
 215 202.982119  64.774100    37.922    37.933  4 56782.91421912 43.992
 216 202.980057  64.773644    40.113    40.116  4 56792.82987285 49.597
 217 202.979068  64.774025    39.240    39.211  4 56802.74552390 34.045
 218 202.980624  64.774390    40.425    38.998  3 56812.66116732 32.194
 219 202.979245  64.773468    39.410    39.395  4 56822.57680671 40.225
 220 202.981363  64.772160    83.037    83.010  3 56832.49244222 29.499
 221 202.978822  64.770060    40.399    40.314  4 56842.40807386 49.201
 222 202.981152  64.770131    39.937    39.703  4 56852.32371362 30.465
 223 202.981324  64.771535    40.816    40.242  4 56862.23936799 35.282
 224 202.980586  64.772922    39.151    39.133  4 56872.15502171 44.707
 225 202.980803  64.773512    39.105    39.100  3 56882.07067241 38.788
 226 202.978539  64.772999    38.679    38.683  4 56891.98631917 46.474
 227 202.981297  64.773106    40.646    40.049  4 56901.90196336 27.530
 228 202.981102  64.773957    38.756    38.763  3 56911.81760537 50.607
 229 202.981197  64.775044    37.982    37.999  4 56921.73324578 30.192
 230 202.982449  64.775967    37.656    37.617  4 56931.64888406 48.039
 231 202.981516  64.775206    37.807    37.858  4 56941.56451686 29.123
 232 202.980683  64.774107    36.910    36.935  4 56951.48015824 47.167
 233 202.982074  64.773839    35.469    35.453  4 56961.39580962 43.079
 234 202.981392  64.773704    35.943    35.950  4 56971.31145589 30.400
 235 202.978615  64.773245    36.248    36.231  4 56981.22709793 33.837
 236 202.979683  64.772786    36.490    36.469  4 56991.14273590 26.850
 237 202.979190  64.771060    36.226    36.220  4 57001.05836728 23.763
 238 202.978838  64.770698    36.397    36.434  4 57010.97402448 23.399
 239 202.979793  64.770680    36.452    36.479  4 57020.88967642 20.259
 240 202.979502  64.771460    36.836    36.854  4 57030.80532536 19.548
 241 202.979989  64.772488    36.597    36.600  4 57040.72097251 19.395
