#   54.813  -3.103  18.604 ;Mean Elev.(m), Avg Gradient(m/km), RMS Gradient(m/km)
   1 207.979148  65.162965    61.764    61.679  5 54667.99686552 29.756
   2 207.979377  65.163679    62.264    62.094  4 54677.91250985 23.140
   4 207.989033  65.165757   112.638   112.328  5 54697.74379495 14.705
   8 207.971694  65.160713   107.409   107.354  4 54737.40638446 21.254
   9 207.973016  65.161513    60.183    60.128  4 54747.32203181 37.996
  10 207.977324  65.162360    60.194    60.201  5 54757.23767902 41.793
  11 207.978503  65.162448    59.600    59.603  5 54767.15332403 51.137
  12 207.974608  65.161461    60.936    60.849  5 54777.06896542 33.453
  13 207.969802  65.160412    60.650    60.640  4 54786.98460434 27.340
  14 207.968973  65.160399    63.347    60.886  4 54796.90024248 22.417
  17 207.982402  65.163978    63.181    60.852  5 54826.64716743 16.665
  18 207.978852  65.163536    89.680    89.321  4 54836.56280639  8.236
  19 207.980020  65.162845    61.701    60.829  5 54846.47845608 15.655
  20 207.979776  65.163130    62.119    60.875  5 54856.39410491 15.745
  21 207.982446  65.163908    63.855    61.241  4 54866.30975394 14.832
  22 207.977171  65.164839   126.941   126.941  2 54876.22540171  1.238
  23 207.976202  65.164113   133.478   134.370  3 54886.14104706  1.860
  24 207.969729  65.162763   119.663   119.373  3 54896.05668853  4.324
  25 207.970099  65.160871   114.954   115.834  4 54905.97232802  3.907
  28 207.977234  65.162158   116.530   117.905  4 54935.71924217  3.996
  30 207.974965  65.162191   107.155   107.205  4 54955.55051025 24.579
  31 207.974382  65.160763   112.231   112.236  4 54965.46615787 27.397
  32 207.971640  65.160834    61.463    61.450  4 54975.38180554 51.707
  33 207.973256  65.161915   109.083   109.177  4 54985.29745330 21.069
  35 207.980962  65.163408   108.638   108.400  5 55005.12874776 24.598
  36 207.979123  65.163592    61.831    61.816  4 55015.04439161 54.830
  37 207.981487  65.163117    61.201    61.203  4 55024.96003450 47.458
  38 207.980297  65.163904    61.280    61.350  5 55034.87567651 30.675
  39 207.983748  65.164289    60.619    60.588  4 55044.79131823 48.487
  40 207.984753  65.164305    60.901    60.874  5 55054.70695805 38.216
  41 207.980432  65.163563   105.148   105.423  4 55064.62259517 17.910
  42 207.975278  65.162272    60.808    60.802  4 55074.53824182 48.023
  43 207.972775  65.161216   107.858   107.753  5 55084.45388960 19.264
  44 207.973836  65.161098   106.388   106.358  5 55094.36953602 11.007
  45 207.973193  65.161680    60.495    60.492  4 55104.28518208 30.880
  47 207.974335  65.161458    59.629    59.583  4 55124.11647162 51.158
  48 207.972965  65.160984    59.317    59.319  5 55134.03211221 48.937
  49 207.972507  65.160599    60.043    60.070  5 55143.94775078 38.261
  50 207.973318  65.161136    71.301    71.221  4 55153.86338884 23.043
  51 207.977138  65.161937    68.592    70.975  4 55163.77902753 21.375
  52 207.979883  65.163145    60.408    60.439  4 55173.69466585 20.905
  53 207.980069  65.163993    60.418    60.404  5 55183.61030399 20.019
  54 207.981137  65.163713    94.718   101.319  5 55193.52595535  9.426
  55 207.981535  65.163670    74.573    81.572  5 55203.44160534 14.047
  56 207.980854  65.164198    90.026    90.020  4 55213.35725451  6.167
  57 207.983228  65.163951    89.935    90.229  4 55223.27290352  6.854
  58 207.980807  65.163092    92.391    90.512  4 55233.18855064  6.320
  59 207.975972  65.161791   100.654    97.828  4 55243.10419436  7.340
  60 207.973624  65.160450    92.982    91.442  4 55253.01983510  6.855
  61 207.969897  65.160617    85.998    90.361  4 55262.93547353  8.860
  62 207.973708  65.161403    85.958    89.955  4 55272.85111169  6.453
  63 207.976186  65.162162   119.436   123.092  4 55282.76674947  2.575
  64 207.978645  65.161810   136.248   143.890  3 55292.68238608  1.911
  65 207.972342  65.161679    59.672    59.651  4 55302.59802123 26.954
  66 207.969638  65.160835   101.588   101.318  4 55312.51366878 14.238
  67 207.970277  65.161017   107.351   107.100  4 55322.42931424 26.234
  68 207.975323  65.161665   107.761   107.472  4 55332.34495879 20.296
  69 207.977415  65.162681    60.580    60.530  5 55342.26060302 51.177
  70 207.980195  65.162745    60.805    60.812  4 55352.17624711 54.949
  71 207.977508  65.163124   107.168   106.859  4 55362.09188851 24.002
  72 207.981140  65.162979    61.296    61.303  4 55372.00752852 41.066
  75 207.985260  65.165016    62.635    62.711  5 55401.75444086 46.959
  77 207.975484  65.161684    62.250    62.247  4 55421.58574012 37.954
  78 207.971165  65.160380   108.105   108.052  5 55431.50138663 23.051
  79 207.970173  65.160845   108.256   107.969  4 55441.41703113 22.249
  80 207.973267  65.161941   107.805   107.977  4 55451.33267439 25.597
  81 207.978598  65.162411    60.539    60.559  4 55461.24831721 26.642
  82 207.975245  65.162175    59.828    59.823  4 55471.16395792 30.464
  83 207.971518  65.161197    59.455    59.460  4 55481.07959572 49.875
  84 207.971549  65.160305    58.769    58.679  4 55490.99523146 39.444
  85 207.975568  65.160889    58.912    58.939  4 55500.91086552 40.416
  86 207.978134  65.162506    59.781    59.779  5 55510.82650863 43.296
  87 207.979173  65.163708    60.167    60.099  5 55520.74215841 36.195
  88 207.980850  65.163704    60.314    60.314  4 55530.65780726 26.033
  89 207.978787  65.163239    60.219    60.329  5 55540.57345412 23.733
  90 207.977946  65.162924    60.300    60.370  4 55550.48909890 19.880
  91 207.978355  65.163473    60.267    60.227  4 55560.40474211 18.735
  92 207.982337  65.164268    92.650    91.095  4 55570.32038480  6.729
  93 207.983480  65.164438    60.515    60.449  5 55580.23602622 16.256
  94 207.978091  65.163466    76.074    75.638  4 55590.15166430 13.250
  95 207.973623  65.161501    60.582    60.576  5 55600.06729941 16.510
  96 207.971222  65.160390    62.281    60.451  4 55609.98293239 16.073
  97 207.974261  65.161099    62.527    61.013  5 55619.89856442 15.077
  98 207.978475  65.162564    63.497    62.782  4 55629.81421528 14.217
  99 207.979403  65.163484    93.772    93.349  4 55639.72986635  4.401
 100 207.976510  65.162680   129.394   126.780  5 55649.64551476  1.298
 101 207.972013  65.160702   122.112   120.348  4 55659.56115978  2.106
 102 207.967338  65.159944   117.619   117.310  4 55669.47680102  2.830
 103 207.970673  65.160772   123.720   123.662  4 55679.39244073 10.598
 104 207.976710  65.162858    60.881    60.854  4 55689.30807865 44.747
 105 207.983473  65.164240   116.769   116.397  5 55699.22371520 28.531
 106 207.984119  65.164495    63.617    63.618  5 55709.13935297 46.517
 107 207.979155  65.163782    62.810    62.809  4 55719.05500312 49.070
 108 207.979418  65.163027   105.424   105.617  5 55728.97065134 14.222
 109 207.980427  65.163309    61.807    61.776  4 55738.88629818 30.337
 110 207.981998  65.163966    62.775    62.778  5 55748.80194383 52.123
 111 207.982988  65.163861   141.858   144.223  3 55758.71758717  0.869
 112 207.979774  65.162902    62.229    62.229  5 55768.63322739 32.626
 113 207.974990  65.161266   115.682   117.798  5 55778.54886432  7.680
 114 207.970810  65.160453    61.497    61.498  5 55788.46449868 54.852
 115 207.974139  65.160991   108.052   108.036  4 55798.38013228 28.373
 116 207.976696  65.162450   107.864   107.898  5 55808.29577713 26.950
 117 207.979843  65.163460    63.782    60.992  4 55818.21142625 24.788
 118 207.979141  65.162990    60.728    60.737  4 55828.12707112 37.052
 119 207.976672  65.161474    60.398    60.463  4 55838.04271155 43.479
 120 207.973716  65.160353    59.707    59.724  4 55847.95834886 32.174
 121 207.974379  65.161371    59.313    59.302  4 55857.87398420 50.782
 122 207.977978  65.163266    58.829    58.852  4 55867.78963048 47.200
 123 207.984172  65.164441    59.852    59.846  4 55877.70528293 25.444
 133 207.974224  65.160849    72.555    68.411  4 55976.86171213 10.572
 134 207.978532  65.162278    67.846    66.819  4 55986.77734876 10.691
 135 207.979382  65.163419    94.049    91.134  5 55996.69298647  3.274
 136 207.976934  65.162758    95.081    94.935  5 56006.60863790  3.268
 137 207.973471  65.161342    97.365    97.398  4 56016.52428517  2.409
 141 207.981409  65.164496    60.679    60.681  4 56056.18685181 40.718
 143 207.982821  65.164227    62.681    62.706  4 56076.01813259 42.102
 144 207.979348  65.163832    63.385    63.382  4 56085.93378149 48.598
 145 207.979985  65.163445    64.709    62.799  5 56095.84942840 23.237
 146 207.981539  65.163223    62.101    62.123  4 56105.76507328 28.092
 147 207.978784  65.162927   109.139   109.224  4 56115.68070331 25.430
 148 207.975897  65.162495    62.085    62.099  4 56125.59634116 39.040
 149 207.974403  65.161755    61.502    61.755  4 56135.51197517 27.644
 150 207.972710  65.161561    61.623    61.633  4 56145.42761708 51.860
 151 207.982358  65.160607    61.180    61.180  2 56155.34326780 51.101
 152 207.976482  65.162144    60.722    60.806  5 56165.25891593 30.133
 153 207.979087  65.162270    60.933    60.956  4 56175.17456272 28.347
 154 207.977447  65.162282    60.649    60.665  4 56185.09020402 33.819
 155 207.973742  65.161949    60.996    60.989  4 56195.00584139 37.664
 156 207.975322  65.161739    60.775    60.755  5 56204.92147635 27.095
 157 207.978149  65.162753    60.391    60.398  4 56214.83710990 47.722
 158 207.984103  65.164138    59.701    59.640  5 56224.75274738 51.724
 159 207.984466  65.164775    58.758    58.730  4 56234.66840314 44.827
 160 207.981835  65.164744    60.615    60.606  5 56244.58405472 33.854
 161 207.981249  65.163951    61.125    61.142  4 56254.49970155 29.850
 162 207.982401  65.163551    60.861    60.867  4 56264.41534432 25.314
 165 207.976318  65.162646    96.151    89.611  4 56294.16228015  7.584
 166 207.973779  65.161121   116.031   116.100  5 56304.07792680  4.842
 167 207.969861  65.160818   107.372   106.738  4 56313.99356935  5.996
 168 207.974538  65.161007   111.307   111.428  4 56323.90921065  6.248
 169 207.977993  65.162035    99.176    95.749  4 56333.82485115  6.450
 170 207.977876  65.162681    92.377    90.562  4 56343.74049073  5.777
 171 207.977477  65.162482    97.697    96.435  5 56353.65612804  4.704
 172 207.975003  65.161851   117.947   118.100  5 56363.57177102  3.676
 173 207.972419  65.161725   119.866   118.751  4 56373.48741984  4.680
 175 207.980099  65.163087   125.475   124.011  4 56393.31871074  2.005
 176 207.982471  65.163854   130.630   132.587  4 56403.23435324  0.284
 177 207.982757  65.164246    60.668    60.183  5 56413.14999269 32.446
 178 207.981259  65.164305   128.955   126.382  5 56423.06562705  8.130
 179 207.983113  65.163831    60.885    60.947  5 56432.98127027 44.538
 180 207.981310  65.163668    63.786    63.788  4 56442.89692256 56.270
 181 207.982121  65.163644    65.110    65.152  4 56452.81257256 24.568
 182 207.978586  65.163310   108.840   108.702  4 56462.72821961 10.765
 184 207.970869  65.161110    61.464    61.451  4 56482.55950367 27.442
 185 207.974026  65.160573    61.963    61.941  4 56492.47514097 52.734
 187 207.978485  65.163595    61.479    61.441  4 56512.30640853 50.721
 188 207.981254  65.163635    61.046    61.057  5 56522.22205597 47.377
 189 207.977609  65.162834   119.984   122.679  5 56532.13770820  6.467
 191 207.980403  65.160699   111.782   111.782  2 56551.96900222  5.854
 192 207.977230  65.162616    60.867    60.842  5 56561.88464454 40.721
 194 207.984546  65.165265    60.298    60.343  4 56581.71592649 42.088
 195 207.984685  65.165078    59.730    59.664  4 56591.63156211 43.387
 196 207.981681  65.163839    59.481    59.437  5 56601.54721118 46.292
 197 207.978186  65.163164    60.466    60.508  4 56611.46286068 39.780
 198 207.980130  65.163517    60.187    60.202  4 56621.37850604 21.578
 199 207.983515  65.163947    60.214    60.224  5 56631.29414851 18.699
 200 207.981885  65.163993    60.294    60.303  4 56641.20978658 24.974
 201 207.977077  65.162408    60.439    60.422  5 56651.12543406 17.656
 202 207.968732  65.160986   124.621   124.621  2 56661.04108361  1.396
 205 207.977019  65.163332   116.670   123.556  3 56690.78801952  1.545
 206 207.979371  65.163785    90.922    88.798  5 56700.70365947  5.855
 207 207.978386  65.162767    91.211    89.435  4 56710.61929443  5.215
 208 207.966213  65.162760   124.022   124.022  2 56720.53493622  1.063
 213 207.983689  65.165192   119.773   116.985  4 56770.11315331  8.461
 214 207.979841  65.163603    62.241    62.281  5 56780.02880472 43.351
 215 207.976698  65.162603   109.573   109.529  5 56789.94445977 26.616
 216 207.977594  65.162497   109.142   109.056  5 56799.86011190 13.089
 217 207.979935  65.163183    61.332    61.310  4 56809.77575763 26.729
 219 207.976474  65.162437    61.689    61.686  5 56829.60703426 57.129
 221 207.972829  65.160932    62.113    62.110  4 56849.43830045 48.491
 222 207.975641  65.161676    62.045    62.033  5 56859.35395515 41.596
 223 207.980314  65.163103   108.383   108.367  5 56869.26960903 24.932
 225 207.977437  65.162904    61.439    61.448  4 56889.10090772 30.513
 226 207.974434  65.161417    61.531    61.518  4 56899.01655257 27.554
 227 207.973806  65.161356   117.813   117.978  4 56908.93219524 11.341
 228 207.979370  65.162667    61.023    61.037  4 56918.84783658 31.089
 229 207.983538  65.164853    61.005    60.989  4 56928.76347570 43.224
 230 207.985980  65.165918    60.576    60.556  5 56938.67911039 52.070
 231 207.985900  65.165297    60.209    60.167  5 56948.59474480 51.714
 232 207.979982  65.163601    59.859    59.873  4 56958.51039740 49.276
 233 207.976503  65.162621    59.695    59.715  5 56968.42604491 40.546
 234 207.977197  65.162893    60.544    60.552  5 56978.34168875 34.779
 235 207.981836  65.163470    60.691    60.667  4 56988.25732845 24.181
 236 207.980541  65.164099    60.734    60.731  5 56998.17296145 20.282
 237 207.979388  65.162734    60.780    60.805  5 57008.08861039 20.084
 238 207.972686  65.161395    62.762    61.024  4 57018.00426303 17.376
 239 207.972439  65.160620    60.697    60.686  4 57027.91991297 16.767
 240 207.975636  65.161409    60.822    60.793  4 57037.83556145 16.824
 241 207.977697  65.162932    68.807    61.170  4 57047.75120729 13.707
