#   12.128   0.097   1.821 ;Mean Elev.(m), Avg Gradient(m/km), RMS Gradient(m/km)
   1 195.468124  62.722153     1.516     1.499  5 54663.93239063 33.971
   2 195.472622  62.724889     1.849     1.520  4 54673.84803618 29.166
   3 195.473422  62.726883   -44.725   -32.091  3 54683.76367985 19.986
   4 195.473811  62.727399     1.672     1.680  4 54693.67932194 30.837
   5 195.471585  62.725114   -34.729   -35.040  5 54703.59496099 11.539
   6 195.472118  62.723050     1.446     1.444  5 54713.51061068 45.926
   7 195.469061  62.720791   -64.521   -64.445  6 54723.42626083  8.426
   8 195.469769  62.721403     1.158     1.119  6 54733.34190933 36.681
   9 195.470286  62.723725     1.717     1.724  5 54743.25755659 47.557
  10 195.472862  62.725854     1.112     1.023  5 54753.17320377 36.151
  11 195.472302  62.725206     0.791     0.764  5 54763.08884989 40.510
  12 195.468093  62.721808     0.916     0.878  5 54773.00449283 29.856
  13 195.469743  62.720383     0.981     1.101  6 54782.92013368 27.849
  14 195.468008  62.719806     1.130     1.134  5 54792.83577192 24.590
  17 195.472546  62.723689     1.587     1.569  5 54822.58268981 15.466
  18 195.468565  62.722490     1.428     1.439  5 54832.49832961 14.436
  19 195.472312  62.724176     1.281     1.365  5 54842.41398023 13.843
  20 195.470881  62.725902     2.281     2.307  4 54852.32962923 12.505
  21 195.476129  62.729685     2.165     2.129  3 54862.24527879 13.130
  22 195.476202  62.730740     2.076     2.061  3 54872.16092758 12.843
  23 195.473687  62.728522     2.287     2.239  3 54882.07657390 11.707
  24 195.472281  62.724896     2.463     2.488  4 54891.99221686 12.946
  25 195.471453  62.722284     2.599     2.578  5 54901.90785710 12.153
  26 195.469864  62.722176     2.634     2.618  5 54911.82349589 12.259
  27 195.472595  62.724678     2.658     2.658  4 54921.73913425 11.635
  28 195.473357  62.725627     2.722     2.704  4 54931.65477156 12.357
  29 195.471129  62.723150     2.766     2.732  5 54941.57040669 11.566
  30 195.467986  62.719039     0.803     0.877  6 54951.48603987 40.473
  31 195.465963  62.716695     2.136     2.074  7 54961.40168080 27.289
  32 195.468216  62.718599     2.285     2.301  6 54971.31732986 48.135
  33 195.467697  62.720949     2.271     2.255  5 54981.23297762 35.669
  34 195.470369  62.723757   -74.208   -74.511  4 54991.14862544 10.416
  35 195.471658  62.724626     1.738     1.714  4 55001.06427256 34.543
  36 195.471632  62.724529     1.969     1.966  4 55010.97991765 30.979
  37 195.469934  62.723801     1.969     1.806  5 55020.89556099 31.517
  38 195.473180  62.725678     1.577     1.509  4 55030.81120391 34.187
  39 195.472924  62.727021     1.377     1.356  4 55040.72684574 31.996
  40 195.474409  62.727623     1.453     1.407  4 55050.64248619 36.955
  41 195.472035  62.724979     1.774     1.666  4 55060.55812380 49.260
  42 195.468655  62.721135     1.036     1.042  5 55070.47376438 38.372
  43 195.469724  62.719711     1.088     1.054  6 55080.38941347 44.143
  44 195.468500  62.720111     1.000     1.010  6 55090.30506079 43.705
  45 195.471442  62.723334     1.209     1.136  5 55100.22070789 41.410
  46 195.471655  62.725442     1.918     1.773  4 55110.13635416 35.223
  47 195.473420  62.725309     1.107     1.138  4 55120.05199869 37.544
  48 195.469155  62.721600     1.123     1.142  5 55129.96763965 41.933
  49 195.469024  62.719348     0.126     0.132  6 55139.88327912 43.947
  50 195.466981  62.719112     1.022     1.076  6 55149.79891750 22.948
  51 195.469581  62.721800     1.323     1.344  5 55159.71455633 18.358
  52 195.471304  62.723890     1.550     1.520  4 55169.63019464 16.873
  53 195.470622  62.723734     1.468     1.455  4 55179.54583132 24.424
  54 195.471740  62.723575     1.485     1.561  5 55189.46147807 32.996
  55 195.471270  62.724151     1.725     1.685  5 55199.37712857 24.002
  56 195.473012  62.726109     1.755     1.686  4 55209.29277868 22.328
  57 195.474226  62.727968     1.672     1.661  4 55219.20842828 21.359
  58 195.475070  62.728279     1.607     1.658  3 55229.12407684 21.246
  59 195.474249  62.726598     1.670     1.643  4 55239.03972189 21.885
  60 195.472541  62.723734     1.969     1.973  5 55248.95536314 18.299
  61 195.468459  62.721197     1.903     1.932  5 55258.87100178 18.316
  62 195.470341  62.721744     1.930     1.976  5 55268.78664048 16.954
  63 195.470116  62.722846     1.906     1.874  5 55278.70227875 16.516
  64 195.469244  62.722915     1.782     1.840  5 55288.61791557 15.715
  65 195.469445  62.721654     1.899     1.913  6 55298.53354994 13.649
  66 195.468174  62.719521     1.694     1.843  5 55308.44919263 15.970
  67 195.465430  62.718027     2.029     2.077  6 55318.36483833 12.001
  68 195.467692  62.719449     1.912     1.912  6 55328.28048381 34.942
  69 195.471382  62.722503     2.557     2.501  5 55338.19612903 39.701
  70 195.472036  62.724459     1.513     1.485  4 55348.11177345 35.735
  71 195.472552  62.725212     1.176     1.237  5 55358.02741596 41.644
  72 195.470686  62.724569     1.737     1.760  4 55367.94305600 32.573
  73 195.470835  62.724253     1.499     1.482  5 55377.85869477 39.958
  74 195.472289  62.724617     1.271     1.291  5 55387.77433287 35.651
  75 195.470514  62.724015     1.460     1.355  5 55397.68996962 36.833
  76 195.471805  62.723667     1.328     1.364  5 55407.60561346 36.457
  77 195.469078  62.722070     1.719     1.720  5 55417.52126400 30.217
  78 195.468754  62.720710     1.779     1.595  5 55427.43691134 42.500
  79 195.467579  62.720072     1.638     1.710  5 55437.35255604 39.543
  80 195.469033  62.721275     1.703     1.672  5 55447.26819993 30.001
  81 195.469521  62.722517     1.368     1.346  5 55457.18384340 42.110
  82 195.471933  62.723564     0.960     0.959  5 55467.09948635 34.761
  83 195.470265  62.722001     1.217     1.290  5 55477.01512543 46.908
  84 195.466825  62.719328     1.224     1.275  6 55486.93076103 32.385
  85 195.466800  62.718093     0.946     0.909  6 55496.84639484 38.855
  86 195.469490  62.719508     0.653     0.641  6 55506.76203144 41.945
  87 195.471402  62.722276     0.197     0.171  5 55516.67768233 36.550
  88 195.471251  62.723988     0.608     0.624  4 55526.59333198 29.095
  89 195.472520  62.725104     1.174     1.159  4 55536.50897969 20.459
  90 195.472381  62.725401     1.164     1.154  4 55546.42462502 17.964
  91 195.472615  62.726123     1.332     1.321  5 55556.34026866 16.261
  92 195.475023  62.727441     0.635     0.653  4 55566.25591174 25.539
  93 195.474270  62.726735     1.256     1.269  4 55576.17155369 23.874
  94 195.471766  62.724104     1.264     1.244  5 55586.08719347 18.578
  95 195.468793  62.720759     1.574     1.599  5 55596.00282989 13.981
  96 195.468088  62.718979     2.073     2.091  6 55605.91846355 13.499
  97 195.465842  62.718047     1.947     1.946  6 55615.83409499 14.801
  98 195.468087  62.719771     2.076     2.063  6 55625.74973685 15.437
  99 195.467569  62.720734     2.093     2.078  5 55635.66538889 15.229
 100 195.469478  62.721199     1.943     1.944  6 55645.58103897 14.300
 101 195.469177  62.720350     2.234     2.215  6 55655.49668594 11.730
 102 195.467087  62.719299     2.426     2.410  6 55665.41232825 12.013
 103 195.468839  62.720183     2.407     2.399  6 55675.32796821  9.099
 104 195.469144  62.721444     1.825     1.912  6 55685.24360644 23.429
 105 195.468657  62.722175     2.002     1.967  5 55695.15924341 33.166
 106 195.469614  62.722301     2.739     2.738  5 55705.07487916 44.855
 107 195.471669  62.722979     1.930     2.014  5 55714.99052708 33.699
 108 195.472095  62.723877     2.025     1.923  5 55724.90617619 32.989
 109 195.472708  62.725329     2.158     1.872  5 55734.82182342 31.006
 110 195.470849  62.725924     1.916     1.593  4 55744.73746902 34.809
 111 195.472597  62.725994     1.927     1.959  5 55754.65311327 28.834
 112 195.468879  62.722685     1.852     1.583  5 55764.56875433 44.653
 113 195.467655  62.719586     1.304     1.260  6 55774.48439283 40.086
 114 195.467901  62.718163     1.372     1.372  6 55784.40002844 31.443
 115 195.466317  62.718471     1.689     1.700  6 55794.31566183 36.878
 116 195.467672  62.720256     1.539     1.603  6 55804.23129943 31.106
 117 195.470875  62.722104     1.908     1.998  5 55814.14694957 26.455
 118 195.468561  62.720449     0.972     1.035  6 55824.06259671 38.497
 119 195.467523  62.718460     0.915     0.865  6 55833.97823926 38.363
 120 195.464929  62.717052     0.836     0.818  6 55843.89387771 40.766
 121 195.466871  62.718550     1.017     1.060  6 55853.80951382 37.684
 122 195.468335  62.720952     1.509     1.338  5 55863.72515149 46.732
 123 195.471325  62.724052     0.428     0.431  4 55873.64080576 32.222
 133 195.469321  62.720442     1.800     1.799  6 55972.79724179 14.164
 134 195.468610  62.722049     2.134     2.124  5 55982.71287789 12.588
 135 195.468240  62.721623     1.911     1.934  5 55992.62851202 11.097
 136 195.468976  62.720648     1.982     1.996  5 56002.54416021 11.141
 137 195.466277  62.718335     1.997     1.994  6 56012.45980922 10.669
 139 195.470463  62.721510     2.501     2.542  5 56032.29109934  9.556
 141 195.472467  62.725852     2.053     2.079  4 56052.12238018  9.300
 142 195.471867  62.724728     1.375     1.379  5 56062.03801598 34.927
 143 195.468685  62.722099     3.304     3.171  5 56071.95365503 49.114
 144 195.471748  62.723131     1.948     1.856  5 56081.86930584 35.512
 145 195.472620  62.724662     1.945     1.832  5 56091.78495389 35.244
 146 195.474859  62.726616     2.129     1.876  4 56101.70059975 28.532
 147 195.472334  62.725551     2.042     2.037  5 56111.61623053 30.830
 148 195.468360  62.722015     1.609     1.651  5 56121.53186904 30.148
 149 195.465904  62.718000     1.428     1.395  6 56131.44750390 43.410
 150 195.466568  62.716646     1.425     1.448  6 56141.36313902 47.141
 151 195.467838  62.719325     1.549     1.546  6 56151.27879040 50.934
 152 195.471097  62.723013     1.592     1.513  5 56161.19444032 31.146
 153 195.471680  62.724246     1.906     1.646  4 56171.11008801 29.477
 154 195.472302  62.722927     1.429     1.396  5 56181.02573118 34.677
 155 195.467180  62.719441     1.363     1.364  6 56190.94136969 31.917
 156 195.468446  62.718859     1.327     1.288  6 56200.85700624 33.530
 157 195.467623  62.719862     1.464     1.340  6 56210.77264044 35.142
 158 195.469698  62.722198     1.471     1.427  5 56220.68827312 46.145
 159 195.471844  62.725031     0.834     0.767  5 56230.60392462 42.484
 160 195.473050  62.725633     0.773     0.765  4 56240.51957775 42.349
 161 195.471748  62.724672     0.653     0.658  5 56250.43522652 26.123
 162 195.472014  62.723929     0.830     0.849  5 56260.35087072 25.258
 163 195.472802  62.724421     0.792     0.760  5 56270.26651268 22.407
 164 195.471148  62.724370     1.231     1.230  5 56280.18215267 16.477
 165 195.473385  62.725567     1.338     1.334  4 56290.09780477 19.162
 166 195.471358  62.723710     1.409     1.442  4 56300.01345262 15.986
 167 195.469749  62.721208     1.969     1.970  6 56309.92909636 13.744
 168 195.468223  62.719782     2.024     2.045  6 56319.84473783 11.805
 169 195.470141  62.721401     1.933     1.885  5 56329.76037903 11.798
 170 195.470959  62.723193     2.188     2.232  5 56339.67601937 12.609
 171 195.472072  62.723706     2.054     2.037  5 56349.59165744 12.192
 172 195.469864  62.721353     2.461     2.471  6 56359.50729326 11.436
 173 195.468131  62.720070     2.422     2.381  6 56369.42294319 11.082
 175 195.470705  62.723440     2.414     2.445  4 56389.25423656 10.519
 176 195.472687  62.726118     2.442     2.459  5 56399.16988044 10.896
 177 195.474243  62.727332     2.585     2.607  4 56409.08552160  9.443
 178 195.472082  62.725654     2.297     2.261  4 56419.00115763 10.365
 179 195.471217  62.723473     0.548     0.242  5 56428.91679131 15.989
 180 195.471425  62.724022     1.375     1.451  5 56438.83244500 43.753
 181 195.471657  62.724904     4.143     4.142  5 56448.74809616 50.524
 182 195.473284  62.725830     2.416     2.242  4 56458.66374524 32.318
 183 195.471574  62.724714     2.133     2.118  4 56468.57939048 38.424
 184 195.469409  62.722770     1.824     1.792  5 56478.49503160 32.362
 185 195.469146  62.720934     1.748     1.734  5 56488.41066905 29.310
 187 195.468071  62.719770     1.249     1.259  6 56508.24193809 38.671
 188 195.467682  62.720277     1.164     1.153  6 56518.15757693 38.306
 189 195.470244  62.722036     1.103     1.112  5 56528.07323160 40.184
 190 195.468510  62.721682     1.291     1.283  5 56537.98888140 35.804
 191 195.468896  62.721503     1.628     1.619  5 56547.90452738 50.789
 192 195.471545  62.722925     1.148     1.161  5 56557.82017110 37.886
 193 195.471885  62.724352     0.984     1.012  5 56567.73581366 34.507
 194 195.470699  62.725430     1.205     1.210  4 56577.65145471 37.357
 195 195.473129  62.725927     1.282     1.346  4 56587.56709242 36.318
 196 195.473139  62.725078     1.182     1.178  4 56597.48273356 39.181
 197 195.471751  62.724645     1.402     1.466  5 56607.39838494 46.007
 198 195.471929  62.724854     0.849     0.796  4 56617.31403167 43.964
 199 195.471443  62.724756     0.637     0.624  5 56627.22967497 32.538
 200 195.472696  62.724469     0.894     0.820  5 56637.14531566 30.854
 201 195.469192  62.722121     1.370     1.204  5 56647.06095680 26.252
 202 195.469606  62.721667     1.468     1.520  6 56656.97660894 24.669
 203 195.469254  62.721222     1.287     1.310  6 56666.89225664 36.850
 205 195.469258  62.722965     1.195     1.154  5 56686.72354582 40.848
 206 195.471896  62.723897     1.691     1.567  5 56696.63918801 26.543
 207 195.470990  62.722555     1.797     1.738  5 56706.55482505 23.942
 208 195.469832  62.720736     1.044     1.119  5 56716.47045867 28.094
 209 195.469527  62.721865   -76.048   -75.885  5 56726.38611192  9.095
 211 195.474036  62.727296     1.465     1.476  4 56746.21740803 16.539
 212 195.473449  62.727476     1.569     1.544  3 56756.13304958 15.681
 213 195.473222  62.725905     1.420     1.358  4 56766.04868527 39.090
 214 195.471025  62.723954     1.142     1.199  5 56775.96432548 40.336
 215 195.473542  62.725584     1.240     1.227  4 56785.87998246 41.788
 216 195.473330  62.727018     1.745     1.744  4 56795.79563549 38.898
 217 195.474363  62.728055     1.767     1.700  3 56805.71128422 32.133
 219 195.472125  62.723705     1.427     1.445  5 56825.54256377 37.536
 220 195.467794  62.720358   -74.785   -74.848  6 56835.45819778  7.444
 221 195.467996  62.719594     1.919     1.885  6 56845.37382923 44.420
 222 195.468078  62.721139     1.862     1.817  5 56855.28947605 35.248
 223 195.471857  62.723996     1.636     1.651  4 56865.20513034 34.584
 224 195.470532  62.724173     1.559     1.567  5 56875.12078302 30.472
 225 195.471414  62.724104     1.509     1.525  4 56885.03643275 33.660
 226 195.469478  62.723197     1.316     1.381  5 56894.95207912 37.608
 227 195.471986  62.724684     1.138     1.135  4 56904.86772296 36.918
 228 195.474472  62.727248     2.105     1.908  4 56914.78336473 29.790
 229 195.473470  62.728383     1.497     1.501  4 56924.69900419 48.297
 230 195.474292  62.728201     0.906     0.874  4 56934.61464086 37.867
 231 195.471608  62.725069     1.033     1.028  4 56944.53027160 31.855
 232 195.469565  62.723148     0.867     0.950  5 56954.44592013 43.485
 233 195.470418  62.723455     1.344     1.321  4 56964.36157009 43.070
 234 195.471400  62.724990     1.675     1.597  5 56974.27721560 49.018
 235 195.471569  62.725849     0.820     0.825  4 56984.19285660 39.336
 236 195.471867  62.724438     0.658     0.649  5 56994.10849240 28.421
 237 195.469534  62.720789     1.075     1.121  5 57004.02413048 20.583
 238 195.469122  62.719598     1.145     1.118  6 57013.93978649 19.243
 239 195.468476  62.720149     1.005     0.881  5 57023.85543755 40.007
 240 195.470295  62.723210     1.149     1.209  5 57033.77108655 25.973
 241 195.474323  62.726135     1.363     1.369  4 57043.68673331 18.549
