#   12.379   0.324   1.659 ;Mean Elev.(m), Avg Gradient(m/km), RMS Gradient(m/km)
   1     4.079 54666.89900608 40.29 196.055777  62.117255  5.199 -100.00 -100.00 -100.00
   1     4.310 54666.89900667 39.63 196.060576  62.118617   -100 -100.00 -100.00 -100.00
   1     4.158 54666.89900726 41.16 196.065375  62.119979 19.570 -100.00 -100.00 -100.00
   2     7.015 54676.81465036 36.38 196.052610  62.117832   -100  245.32  250.44  247.31
   2     4.061 54676.81465095 38.44 196.057409  62.119194  4.874  245.32  250.44  247.31
   2     4.295 54676.81465154 36.88 196.062208  62.120556   -100  245.32  250.44  247.31
   3     2.670 54686.73029379 19.70 196.053515  62.120047  4.599  244.50  246.88  246.18
   3     4.538 54686.73029438 27.64 196.058314  62.121409 13.036  244.50  246.88  246.18
   3     4.082 54686.73029497 29.06 196.063114  62.122771 17.656  244.50  246.88  246.18
   4     4.525 54696.64593483 47.13 196.050421  62.119797 13.243 -100.00 -100.00 -100.00
   4     4.612 54696.64593542 47.90 196.055219  62.121159   -100 -100.00 -100.00 -100.00
   4     4.694 54696.64593601 52.88 196.060018  62.122521  2.520 -100.00 -100.00 -100.00
   5     4.452 54706.56157521 34.56 196.053227  62.118887 31.588  237.73  239.21  239.65
   5     4.714 54706.56157580 37.53 196.058025  62.120249   -100  237.73  239.21  239.65
   5     4.709 54706.56157639 34.24 196.062824  62.121611   -100  237.73  239.21  239.65
   6     3.957 54716.47722714 36.12 196.053670  62.116913   -100 -100.00 -100.00 -100.00
   6     4.075 54716.47722773 42.02 196.058468  62.118275   -100 -100.00 -100.00 -100.00
   6     4.271 54716.47722832 41.13 196.063267  62.119637   -100 -100.00 -100.00 -100.00
   7     5.423 54726.39287672 39.39 196.054764  62.115262   -100  240.79  244.85  244.26
   7     4.582 54726.39287731 40.34 196.059562  62.116623 31.165  240.79  244.85  244.26
   7     4.944 54726.39287790 41.38 196.064361  62.117985   -100  240.79  244.85  244.26
   7     5.040 54726.39287849 41.29 196.069159  62.119346 32.020  240.79  244.85  244.26
   8     5.478 54736.30852486 34.52 196.055835  62.115935   -100  235.99  239.45  240.31
   8     4.113 54736.30852545 32.51 196.060633  62.117297 24.550  235.99  239.45  240.31
   8     4.026 54736.30852604 38.46 196.065432  62.118659   -100  235.99  239.45  240.31
   9     7.173 54746.22417201 30.47 196.051880  62.117275 12.710  243.86  245.53  248.12
   9     5.601 54746.22417260 30.74 196.056678  62.118637 17.713  243.86  245.53  248.12
   9     3.710 54746.22417319 33.80 196.061478  62.119999 25.524  243.86  245.53  248.12
   9     3.967 54746.22417378 37.95 196.066277  62.121360   -100  243.86  245.53  248.12
  10     2.686 54756.13981927 38.51 196.052449  62.119562   -100  247.51  248.03  249.64
  10     2.453 54756.13981986 38.67 196.057248  62.120924   -100  247.51  248.03  249.64
  10     2.455 54756.13982045 39.25 196.062048  62.122286   -100  247.51  248.03  249.64
  11     3.387 54766.05546478 36.72 196.054046  62.119644 29.837  249.14  249.54  250.44
  11     3.430 54766.05546537 33.05 196.058846  62.121006 17.888  249.14  249.54  250.44
  11     3.449 54766.05546596 32.83 196.063646  62.122367 15.673  249.14  249.54  250.44
  12     5.764 54775.97110661 23.85 196.052792  62.116536  5.097 -100.00 -100.00 -100.00
  12     5.143 54775.97110720 24.48 196.057591  62.117898  6.220 -100.00 -100.00 -100.00
  12     3.781 54775.97110779 26.68 196.062391  62.119260  9.559 -100.00 -100.00 -100.00
  12     4.093 54775.97110838 25.02 196.067191  62.120621  6.757 -100.00 -100.00 -100.00
  13     5.749 54785.88674658 22.62 196.056368  62.115075  4.645 -100.00 -100.00 -100.00
  13     5.601 54785.88674717 21.64 196.061167  62.116437  3.495 -100.00 -100.00 -100.00
  13     5.792 54785.88674776 21.92 196.065967  62.117798  4.165 -100.00 -100.00 -100.00
  14     5.971 54795.80238513 21.57 196.057826  62.115239  3.583  249.35  248.22  243.40
  14     6.010 54795.80238572 21.59 196.062625  62.116601  4.147  249.35  248.22  243.40
  14     5.709 54795.80238631 21.54 196.067425  62.117962  4.259  249.35  248.22  243.40
  17     5.816 54825.54930681 13.49 196.054154  62.118044  3.484  240.92  237.34  224.33
  17     5.430 54825.54930740 13.29 196.058953  62.119406  3.269  240.92  237.34  224.33
  17     5.253 54825.54930799 13.10 196.063752  62.120768  2.962  240.92  237.34  224.33
  18     6.132 54835.46494595 13.02 196.051746  62.117416  2.783 -100.00 -100.00 -100.00
  18     5.748 54835.46494654 12.93 196.056544  62.118778  2.427 -100.00 -100.00 -100.00
  18     5.359 54835.46494713 12.88 196.061344  62.120140  2.520 -100.00 -100.00 -100.00
  18     5.383 54835.46494772 12.92 196.066143  62.121502  2.381 -100.00 -100.00 -100.00
  19     6.057 54845.38059587 13.46 196.052965  62.118677  2.833  237.69  235.13  220.56
  19     6.294 54845.38059646 13.25 196.057764  62.120039  2.413  237.69  235.13  220.56
  19     5.927 54845.38059705 13.11 196.062564  62.121400  2.609  237.69  235.13  220.56
  20     6.534 54855.29624494 11.64 196.052314  62.120007  2.501  217.81  214.97  200.60
  20     6.180 54855.29624553 11.71 196.057113  62.121369  2.563  217.81  214.97  200.60
  20     6.132 54855.29624612 11.53 196.061913  62.122731  2.433  217.81  214.97  200.60
  21     6.730 54865.21189357 11.72 196.048243  62.120792  2.735  214.25  206.06  192.07
  21     6.710 54865.21189416 11.58 196.053043  62.122154  2.599  214.25  206.06  192.07
  21     6.336 54865.21189475 11.59 196.057843  62.123515  2.363  214.25  206.06  192.07
  21     5.634 54865.21189534 11.45 196.062643  62.124877  2.741  214.25  206.06  192.07
  22     6.519 54875.12754244 10.90 196.050167  62.121901  2.456  222.90  222.69  207.24
  22     6.470 54875.12754303 10.93 196.054967  62.123263  2.401  222.90  222.69  207.24
  22     6.251 54875.12754362 10.90 196.059767  62.124625  2.459  222.90  222.69  207.24
  23     7.175 54885.04318830 10.69 196.051768  62.121085  2.286  219.91  221.27  209.71
  23     6.466 54885.04318889 10.81 196.056568  62.122447  2.479  219.91  221.27  209.71
  23     6.348 54885.04318948 10.77 196.061369  62.123809  2.157  219.91  221.27  209.71
  24     6.944 54894.95883029 11.37 196.051159  62.118338  2.290  222.60  225.23  215.35
  24     6.627 54894.95883088 11.41 196.055958  62.119700  2.382  222.60  225.23  215.35
  24     6.254 54894.95883147 11.37 196.060758  62.121061  2.450  222.60  225.23  215.35
  24     6.454 54894.95883206 11.27 196.065559  62.122423  2.222  222.60  225.23  215.35
  25     6.557 54904.87447040 12.72 196.056802  62.117894  2.431 -100.00 -100.00 -100.00
  25     6.711 54904.87447099 12.63 196.061602  62.119256  2.351 -100.00 -100.00 -100.00
  25     6.257 54904.87447158 12.75 196.066403  62.120617  2.593 -100.00 -100.00 -100.00
  26     7.142 54914.79010831 12.82 196.052975  62.116409  3.013 -100.00 -100.00 -100.00
  26     7.161 54914.79010890 12.65 196.057774  62.117770  2.534 -100.00 -100.00 -100.00
  26     6.429 54914.79010949 12.71 196.062574  62.119132  2.831 -100.00 -100.00 -100.00
  26     6.598 54914.79011008 12.60 196.067375  62.120493  2.532 -100.00 -100.00 -100.00
  27     7.098 54924.70574636 11.17 196.053052  62.117354  2.789 -100.00 -100.00 -100.00
  27     6.552 54924.70574695 11.10 196.057852  62.118715  2.431 -100.00 -100.00 -100.00
  27     6.256 54924.70574754 11.01 196.062652  62.120077  2.307 -100.00 -100.00 -100.00
  28     7.083 54934.62138362 11.60 196.053247  62.117969  2.436  202.28  195.40  189.50
  28     7.097 54934.62138421 11.58 196.058046  62.119330  2.263  202.28  195.40  189.50
  28     6.601 54934.62138480 11.70 196.062846  62.120692  2.603  202.28  195.40  189.50
  29     6.801 54944.53701896  4.50 196.055381  62.117373  2.640  265.55  264.70  264.45
  29     6.811 54944.53701955  4.57 196.060180  62.118735  3.067  265.55  264.70  264.45
  29     6.541 54944.53702014  4.31 196.064979  62.120097  2.437  265.55  264.70  264.45
  30     5.965 54954.45265192 24.41 196.058293  62.115243  9.857  254.75  250.14  237.68
  30     5.247 54954.45265251 25.01 196.063091  62.116605 12.845  254.75  250.14  237.68
  30     5.276 54954.45265310 26.06 196.067890  62.117967 14.408  254.75  250.14  237.68
  31     4.537 54964.36829765 40.59 196.058789  62.113994   -100 -100.00 -100.00 -100.00
  31     4.327 54964.36829824 44.08 196.063587  62.115355 12.096 -100.00 -100.00 -100.00
  31     4.602 54964.36829883 41.48 196.068386  62.116717   -100 -100.00 -100.00 -100.00
  32     7.144 54974.28394590 43.65 196.058088  62.114571  2.362  234.61  237.40  238.01
  32     7.177 54974.28394649 45.37 196.062886  62.115933  7.657  234.61  237.40  238.01
  32     7.189 54974.28394708 45.36 196.067685  62.117295 10.150  234.61  237.40  238.01
  33     5.787 54984.19959391 46.33 196.057845  62.116795   -100  231.48  239.03  239.45
  33     6.063 54984.19959450 43.77 196.062644  62.118157   -100  231.48  239.03  239.45
  33     5.863 54984.19959509 44.07 196.067443  62.119519   -100  231.48  239.03  239.45
  34     7.246 54994.11524163 27.21 196.056297  62.118477 13.310 -100.00 -100.00 -100.00
  34     5.353 54994.11524222 30.94 196.061096  62.119839 23.185 -100.00 -100.00 -100.00
  34     5.590 54994.11524281 29.55 196.065896  62.121200 19.773 -100.00 -100.00 -100.00
  35     6.852 55004.03088801 28.15 196.054974  62.119192 12.861  244.46  248.00  247.44
  35     5.711 55004.03088860 26.86 196.059773  62.120554  9.490  244.46  248.00  247.44
  35     5.613 55004.03088919 30.35 196.064573  62.121915 17.557  244.46  248.00  247.44
  36     7.366 55013.94653191 31.15 196.051198  62.118332 25.252  248.13  250.71  249.73
  36     7.005 55013.94653250 27.07 196.055997  62.119694 12.366  248.13  250.71  249.73
  36     5.608 55013.94653309 27.32 196.060797  62.121056 15.457  248.13  250.71  249.73
  36     5.663 55013.94653368 28.19 196.065597  62.122418 16.762  248.13  250.71  249.73
  37     5.138 55023.86217515 45.28 196.053995  62.119086   -100  251.68  255.04  252.84
  37     5.002 55023.86217574 50.09 196.058794  62.120447   -100  251.68  255.04  252.84
  37     5.020 55023.86217633 52.98 196.063594  62.121809   -100  251.68  255.04  252.84
  38     6.949 55033.77781724 31.95 196.052211  62.119395 25.083  250.30  254.01  252.45
  38     4.262 55033.77781783 35.50 196.057010  62.120757   -100  250.30  254.01  252.45
  38     4.293 55033.77781842 35.63 196.061810  62.122118   -100  250.30  254.01  252.45
  39     3.832 55043.69345887 44.99 196.052975  62.120203   -100 -100.00 -100.00 -100.00
  39     3.828 55043.69345946 40.83 196.057774  62.121565   -100 -100.00 -100.00 -100.00
  39     4.189 55043.69346005 38.07 196.062574  62.122926   -100 -100.00 -100.00 -100.00
  40     7.106 55053.60909862 29.92 196.053104  62.119375 20.188  243.91  248.16  247.21
  40     6.586 55053.60909921 29.70 196.057903  62.120737 19.777  243.91  248.16  247.21
  40     4.442 55053.60909980 33.44 196.062702  62.122099 27.042  243.91  248.16  247.21
  41     7.108 55063.52473590 29.93 196.052667  62.116865 17.737  245.44  250.10  248.67
  41     6.729 55063.52473649 29.72 196.057465  62.118227 16.141  245.44  250.10  248.67
  41     4.816 55063.52473708 29.96 196.062263  62.119589 17.251  245.44  250.10  248.67
  41     3.666 55063.52473767 36.14 196.067062  62.120951   -100  245.44  250.10  248.67
  42     5.693 55073.44038166 30.75 196.057559  62.116657 20.768  246.15  252.20  250.17
  42     4.376 55073.44038225 30.01 196.062357  62.118019 17.051  246.15  252.20  250.17
  42     3.636 55073.44038284 38.10 196.067156  62.119381   -100  246.15  252.20  250.17
  43     5.794 55083.35602957 32.79 196.056105  62.115865 22.339 -100.00 -100.00 -100.00
  43     5.315 55083.35603016 31.09 196.060903  62.117227 15.957 -100.00 -100.00 -100.00
  43     3.757 55083.35603075 38.04 196.065702  62.118588   -100 -100.00 -100.00 -100.00
  44     5.536 55093.27167642 34.33 196.056907  62.117070 27.188  241.45  246.79  245.05
  44     4.028 55093.27167701 35.86 196.061706  62.118431 32.000  241.45  246.79  245.05
  44     4.276 55093.27167760 35.74 196.066505  62.119793 28.799  241.45  246.79  245.05
  45     7.206 55103.18732259 34.72 196.052987  62.117225   -100  238.86  242.87  243.92
  45     6.841 55103.18732318 30.24 196.057786  62.118587 19.132  238.86  242.87  243.92
  45     4.952 55103.18732377 29.63 196.062586  62.119949 18.871  238.86  242.87  243.92
  46     7.117 55113.10296901 29.91 196.053446  62.118212 20.048  244.47  250.44  250.11
  46     6.829 55113.10296960 29.73 196.058245  62.119574 16.340  244.47  250.44  250.11
  46     4.493 55113.10297020 32.01 196.063045  62.120936 24.535  244.47  250.44  250.11
  47     2.710 55123.01861314 36.75 196.056227  62.118342   -100  238.91  240.75  242.75
  47     4.068 55123.01861373 32.93 196.061027  62.119704 22.688  238.91  240.75  242.75
  47     3.991 55123.01861432 34.18 196.065827  62.121065 25.445  238.91  240.75  242.75
  48     2.495 55132.93425396 39.83 196.056638  62.116971 30.769 -100.00 -100.00 -100.00
  48     2.023 55132.93425455 36.87 196.061437  62.118333   -100 -100.00 -100.00 -100.00
  48     2.101 55132.93425514 32.79 196.066237  62.119695 21.141 -100.00 -100.00 -100.00
  49     2.069 55142.84989260 41.06 196.056305  62.115641 32.402 -100.00 -100.00 -100.00
  49     1.606 55142.84989319 37.36 196.061104  62.117003 28.882 -100.00 -100.00 -100.00
  49     1.489 55142.84989378 35.13 196.065903  62.118365 22.700 -100.00 -100.00 -100.00
  50     4.357 55152.76553098 18.86 196.057905  62.116359  3.742  237.85  233.93  227.30
  50     3.771 55152.76553157 19.34 196.062704  62.117721  4.843  237.85  233.93  227.30
  50     4.186 55152.76553216 19.32 196.067504  62.119082  4.203  237.85  233.93  227.30
  51     4.849 55162.68116925 17.26 196.055747  62.116731  3.661  243.38  240.93  235.51
  51     4.471 55162.68116984 17.28 196.060546  62.118093  3.428  243.38  240.93  235.51
  51     4.446 55162.68117043 17.52 196.065346  62.119455  3.357  243.38  240.93  235.51
  52     2.044 55172.59680712 41.00 196.053265  62.116862   -100  247.61  247.02  242.97
  52     2.252 55172.59680771 41.77 196.058064  62.118224   -100  247.61  247.02  242.97
  52     1.946 55172.59680830 44.11 196.062863  62.119586   -100  247.61  247.02  242.97
  53     4.695 55182.51244368 25.07 196.053977  62.116921  8.580  235.84  231.16  223.47
  53     4.669 55182.51244427 25.97 196.058776  62.118283 10.440  235.84  231.16  223.47
  53     4.725 55182.51244486 25.44 196.063575  62.119645  8.787  235.84  231.16  223.47
  54     6.757 55192.42809461 25.67 196.052595  62.117585  6.632  246.21  244.63  237.60
  54     5.654 55192.42809520 26.33 196.057394  62.118947  7.365  246.21  244.63  237.60
  54     5.061 55192.42809579 27.68 196.062193  62.120309  9.584  246.21  244.63  237.60
  55     6.854 55202.34374488 21.95 196.052956  62.119269  3.658  232.69  235.80  231.91
  55     5.993 55202.34374547 22.14 196.057755  62.120631  3.954  232.69  235.80  231.91
  55     5.631 55202.34374606 21.83 196.062555  62.121992  3.913  232.69  235.80  231.91
  56     6.900 55212.25939438 21.97 196.051992  62.120459  4.115  227.85  225.68  219.71
  56     6.651 55212.25939497 22.04 196.056791  62.121821  3.536  227.85  225.68  219.71
  56     5.517 55212.25939557 22.70 196.061591  62.123183  4.898  227.85  225.68  219.71
  57     6.982 55222.17504328 21.52 196.050331  62.120477  3.739  235.78  234.43  226.63
  57     6.449 55222.17504387 21.45 196.055130  62.121839  4.093  235.78  234.43  226.63
  57     5.623 55222.17504446 21.71 196.059930  62.123201  4.471  235.78  234.43  226.63
  58     6.792 55232.09069098 20.17 196.050655  62.119560  3.775  234.97  231.30  220.60
  58     6.619 55232.09069157 20.20 196.055454  62.120922  4.084  234.97  231.30  220.60
  58     6.303 55232.09069216 19.99 196.060254  62.122283  3.629  234.97  231.30  220.60
  59     6.164 55242.00633596 19.49 196.055926  62.119012  3.844  238.88  235.55  222.86
  59     6.145 55242.00633655 19.57 196.060726  62.120374  3.618  238.88  235.55  222.86
  59     6.194 55242.00633715 19.60 196.065526  62.121735  4.017  238.88  235.55  222.86
  60     6.065 55251.92197683 17.33 196.055198  62.117341  3.734 -100.00 -100.00 -100.00
  60     5.712 55251.92197742 16.96 196.059997  62.118702  3.290 -100.00 -100.00 -100.00
  60     5.426 55251.92197801 17.27 196.064797  62.120064  3.538 -100.00 -100.00 -100.00
  61     6.205 55261.83761580 15.90 196.056854  62.117625  2.883  223.94  215.11  197.53
  61     6.179 55261.83761639 16.03 196.061654  62.118987  3.324  223.94  215.11  197.53
  61     5.857 55261.83761698 15.72 196.066454  62.120348  2.756  223.94  215.11  197.53
  62     6.401 55271.75325365 16.00 196.056528  62.118227  3.111  225.19  217.42  198.11
  62     5.644 55271.75325424 16.03 196.061328  62.119588  3.114  225.19  217.42  198.11
  62     5.536 55271.75325483 15.84 196.066128  62.120950  2.755  225.19  217.42  198.11
  63     6.104 55281.66889097 15.67 196.053803  62.117477  3.542  230.50  223.42  203.63
  63     5.913 55281.66889156 15.55 196.058602  62.118839  3.094  230.50  223.42  203.63
  63     5.544 55281.66889215 15.39 196.063402  62.120201  2.959  230.50  223.42  203.63
  64     6.447 55291.58452759 15.11 196.056122  62.116954  3.062  232.22  224.31  204.16
  64     5.573 55291.58452818 14.95 196.060921  62.118316  3.472  232.22  224.31  204.16
  64     5.392 55291.58452877 14.84 196.065720  62.119678  3.285  232.22  224.31  204.16
  65     5.966 55301.50016143 12.30 196.055084  62.114608  2.521  233.00  223.04  203.24
  65     6.202 55301.50016202 12.31 196.059882  62.115970  2.978  233.00  223.04  203.24
  65     5.322 55301.50016261 12.37 196.064681  62.117332  2.833  233.00  223.04  203.24
  65     5.561 55301.50016320 12.35 196.069480  62.118693  3.444  233.00  223.04  203.24
  66     6.264 55311.41580922 13.59 196.058096  62.114967  3.283  230.79  218.80  194.24
  66     6.064 55311.41580981 13.88 196.062894  62.116329  3.505  230.79  218.80  194.24
  66     5.001 55311.41581040 13.85 196.067693  62.117691  3.928  230.79  218.80  194.24
  67     6.927 55321.33145433 17.22 196.054979  62.114657  7.255  262.84  263.39  263.76
  67     6.968 55321.33145492 17.49 196.059777  62.116019  7.091  262.84  263.39  263.76
  67     5.379 55321.33145551 18.89 196.064576  62.117380  9.969  262.84  263.39  263.76
  67     4.383 55321.33145610 22.69 196.069375  62.118742 17.008  262.84  263.39  263.76
  68     4.200 55331.24709900 42.76 196.056120  62.116492   -100  243.47  246.02  246.39
  68     4.414 55331.24709960 43.60 196.060918  62.117854   -100  243.47  246.02  246.39
  68     4.784 55331.24710019 40.36 196.065717  62.119216 31.931  243.47  246.02  246.39
  69     7.403 55341.16274315 30.61 196.052898  62.117194 16.303  241.59  244.22  244.04
  69     6.922 55341.16274374 28.84 196.057696  62.118555 11.772  241.59  244.22  244.04
  69     6.292 55341.16274433 30.16 196.062495  62.119917 17.151  241.59  244.22  244.04
  70     7.223 55351.07838760 28.54 196.054680  62.118247 18.922  242.68  245.21  246.89
  70     3.937 55351.07838819 33.29 196.059479  62.119609   -100  242.68  245.21  246.89
  70     4.049 55351.07838878 36.49 196.064278  62.120970   -100  242.68  245.21  246.89
  71     7.118 55360.99402975 26.48 196.056054  62.118561 15.765 -100.00 -100.00 -100.00
  71     4.889 55360.99403034 28.11 196.060853  62.119923 22.775 -100.00 -100.00 -100.00
  71     3.943 55360.99403093 28.66 196.065653  62.121285 23.948 -100.00 -100.00 -100.00
  72     7.325 55370.90966936 26.43 196.053983  62.118168 12.434  248.72  253.60  252.33
  72     6.757 55370.90966995 32.51 196.058782  62.119530 30.453  248.72  253.60  252.33
  72     4.391 55370.90967054 32.41 196.063581  62.120892 27.923  248.72  253.60  252.33
  73     7.356 55380.82530751 29.69 196.051986  62.118271 17.778  251.65  255.85  253.85
  73     4.184 55380.82530810 32.01 196.056785  62.119634   -100  251.65  255.85  253.85
  73     4.647 55380.82530869 30.29 196.061584  62.120995 20.257  251.65  255.85  253.85
  74     3.671 55390.74094544 33.53 196.054386  62.119572   -100  247.68  250.22  249.41
  74     3.676 55390.74094603 39.38 196.059185  62.120934 14.464  247.68  250.22  249.41
  74     4.295 55390.74094662 37.18 196.063984  62.122295   -100  247.68  250.22  249.41
  75     4.080 55400.65658160 36.72 196.053478  62.118450   -100  244.95  249.13  248.51
  75     4.748 55400.65658219 41.00 196.058277  62.119812 25.332  244.95  249.13  248.51
  75     4.004 55400.65658278 41.44 196.063076  62.121174 16.938  244.95  249.13  248.51
  76     4.802 55410.57222990 44.25 196.053777  62.116864 27.151  246.39  251.40  248.83
  76     4.233 55410.57223049 48.46 196.058575  62.118226   -100  246.39  251.40  248.83
  76     4.142 55410.57223108 49.04 196.063373  62.119588 31.567  246.39  251.40  248.83
  77     4.279 55420.48788008 41.63 196.056797  62.115745 13.441 -100.00 -100.00 -100.00
  77     4.306 55420.48788067 44.84 196.061596  62.117107 19.607 -100.00 -100.00 -100.00
  77     4.673 55420.48788126 44.06 196.066394  62.118469   -100 -100.00 -100.00 -100.00
  78     5.409 55430.40352710 29.12 196.057785  62.115300 21.021  242.32  246.95  245.34
  78     4.742 55430.40352769 35.78 196.062583  62.116662   -100  242.32  246.95  245.34
  78     4.740 55430.40352828 36.31 196.067382  62.118023   -100  242.32  246.95  245.34
  79     4.566 55440.31917178 38.52 196.056794  62.116493   -100 -100.00 -100.00 -100.00
  79     5.140 55440.31917237 39.97 196.061593  62.117855 28.617 -100.00 -100.00 -100.00
  79     4.688 55440.31917296 40.42 196.066391  62.119216   -100 -100.00 -100.00 -100.00
  80     5.019 55450.23481492 46.21 196.054388  62.117781 26.765  239.21  246.56  244.01
  80     4.478 55450.23481551 51.50 196.059187  62.119142 10.437  239.21  246.56  244.01
  80     4.513 55450.23481610 47.04 196.063986  62.120504   -100  239.21  246.56  244.01
  81     3.856 55460.15045771 36.09 196.054390  62.118328   -100  243.07  249.60  248.29
  81     3.796 55460.15045830 40.87 196.059189  62.119690   -100  243.07  249.60  248.29
  81     3.938 55460.15045889 40.22 196.063988  62.121052   -100  243.07  249.60  248.29
  82     5.513 55470.06609950 31.35 196.056122  62.117382 30.387  237.93  240.82  242.82
  82     6.529 55470.06610009 28.34 196.060921  62.118744 16.481  237.93  240.82  242.82
  82     3.825 55470.06610068 32.72 196.065720  62.120106   -100  237.93  240.82  242.82
  83     7.156 55479.98173807 25.01 196.057648  62.115599  8.563 -100.00 -100.00 -100.00
  83     5.273 55479.98173866 28.39 196.062447  62.116961 15.258 -100.00 -100.00 -100.00
  83     3.805 55479.98173925 30.70 196.067246  62.118323 23.563 -100.00 -100.00 -100.00
  84     1.838 55489.89737376 42.38 196.056836  62.113983   -100  247.42  247.70  250.16
  84     1.834 55489.89737435 39.05 196.061634  62.115345   -100  247.42  247.70  250.16
  84     1.667 55489.89737494 37.63 196.066433  62.116707   -100  247.42  247.70  250.16
  85     1.850 55499.81300770 35.00 196.058636  62.114748 28.811  246.85  246.03  242.55
  85     1.554 55499.81300829 34.07 196.063434  62.116110 29.468  246.85  246.03  242.55
  85     3.949 55499.81300888 27.04 196.068234  62.117471 10.197  246.85  246.03  242.55
  86     1.459 55509.72864878 37.26 196.057413  62.116430   -100  246.81  244.90  243.10
  86     1.530 55509.72864937 32.40 196.062212  62.117792 17.326  246.81  244.90  243.10
  86     1.672 55509.72864996 29.55 196.067011  62.119154 12.395  246.81  244.90  243.10
  87     1.572 55519.64429861 27.77 196.055336  62.117967 12.683  252.90  253.43  252.28
  87     5.175 55519.64429920 24.50 196.060135  62.119329  7.499  252.90  253.43  252.28
  87     4.565 55519.64429979 24.15 196.064935  62.120690  6.765  252.90  253.43  252.28
  88     6.488 55529.55994737 20.86 196.053716  62.118333  3.382  239.95  238.76  235.89
  88     6.265 55529.55994796 20.72 196.058515  62.119694  3.167  239.95  238.76  235.89
  88     5.792 55529.55994855 20.75 196.063314  62.121056  4.047  239.95  238.76  235.89
  89     6.200 55539.47559448 18.15 196.053539  62.118209  2.897 -100.00 -100.00 -100.00
  89     5.538 55539.47559507 18.07 196.058338  62.119571  3.217 -100.00 -100.00 -100.00
  89     5.386 55539.47559566 17.85 196.063137  62.120933  3.245 -100.00 -100.00 -100.00
  90     6.009 55549.39123928 16.66 196.052125  62.118031  3.019  249.15  250.56  247.89
  90     5.659 55549.39123987 16.64 196.056923  62.119393  3.038  249.15  250.56  247.89
  90     5.037 55549.39124046 16.45 196.061723  62.120755  2.935  249.15  250.56  247.89
  91     6.215 55559.30688254 15.79 196.050597  62.118877  3.113  241.72  239.43  233.68
  91     5.903 55559.30688313 15.65 196.055396  62.120239  3.158  241.72  239.43  233.68
  91     5.333 55559.30688372 16.22 196.060196  62.121600  3.960  241.72  239.43  233.68
  91     5.058 55559.30688431 15.66 196.064996  62.122962  3.036  241.72  239.43  233.68
  92     6.785 55569.22252538 13.90 196.052261  62.120676  2.795 -100.00 -100.00 -100.00
  92     6.593 55569.22252597 13.84 196.057060  62.122037  2.897 -100.00 -100.00 -100.00
  92     6.368 55569.22252656 13.90 196.061860  62.123399  2.862 -100.00 -100.00 -100.00
  93     6.233 55579.13816699 11.95 196.052674  62.120374  2.993  223.29  215.70  200.14
  93     5.061 55579.13816758 12.13 196.057474  62.121736  3.348  223.29  215.70  200.14
  93     4.975 55579.13816817 12.24 196.062274  62.123098  3.611  223.29  215.70  200.14
  94     6.134 55589.05380619 10.90 196.056130  62.118602  2.503  230.83  225.87  211.84
  94     5.231 55589.05380678 11.19 196.060929  62.119964  3.181  230.83  225.87  211.84
  94     5.369 55589.05380737 11.08 196.065729  62.121326  2.871  230.83  225.87  211.84
  95     5.590 55598.96944208 10.77 196.058648  62.115496  2.898 -100.00 -100.00 -100.00
  95     5.435 55598.96944267 10.77 196.063447  62.116858  3.102 -100.00 -100.00 -100.00
  95     5.582 55598.96944326 10.75 196.068246  62.118220  2.749 -100.00 -100.00 -100.00
  96     5.881 55608.88507545 11.59 196.059656  62.113652  2.573 -100.00 -100.00 -100.00
  96     5.631 55608.88507604 11.57 196.064455  62.115014  2.541 -100.00 -100.00 -100.00
  96     5.995 55608.88507663 11.53 196.069254  62.116376  2.832 -100.00 -100.00 -100.00
  97     5.772 55618.80070727 13.14 196.060338  62.114293  2.626 -100.00 -100.00 -100.00
  97     5.636 55618.80070786 12.99 196.065137  62.115655  2.804 -100.00 -100.00 -100.00
  97     5.450 55618.80070845 13.01 196.069936  62.117017  2.816 -100.00 -100.00 -100.00
  98     5.927 55628.71635496 12.94 196.055780  62.116173  2.445 -100.00 -100.00 -100.00
  98     5.784 55628.71635555 13.14 196.060579  62.117535  2.973 -100.00 -100.00 -100.00
  98     5.787 55628.71635614 13.21 196.065378  62.118897  2.841 -100.00 -100.00 -100.00
  99     6.374 55638.63200588 12.51 196.053512  62.117091  2.753 -100.00 -100.00 -100.00
  99     6.443 55638.63200647 12.35 196.058311  62.118453  2.546 -100.00 -100.00 -100.00
  99     5.920 55638.63200706 12.53 196.063110  62.119815  2.996 -100.00 -100.00 -100.00
 100     6.286 55648.54765477 11.21 196.054791  62.116391  2.558  218.19  208.91  194.39
 100     5.709 55648.54765536 11.29 196.059589  62.117753  2.651  218.19  208.91  194.39
 100     5.754 55648.54765595 11.21 196.064388  62.119115  2.492  218.19  208.91  194.39
 101     6.250 55658.46330070  9.96 196.057801  62.115024  2.585  226.97  225.36  220.40
 101     6.235 55658.46330129 10.04 196.062599  62.116386  2.396  226.97  225.36  220.40
 101     6.048 55658.46330188 10.00 196.067398  62.117748  2.382  226.97  225.36  220.40
 102     6.387 55668.37894237 11.38 196.056670  62.113866  2.473  217.82  208.75  195.24
 102     6.437 55668.37894296 11.41 196.061468  62.115228  2.328  217.82  208.75  195.24
 102     6.393 55668.37894355 11.52 196.066266  62.116589  2.723  217.82  208.75  195.24
 103     5.723 55678.29458186 12.86 196.055397  62.114942 16.698  269.61  267.72  266.36
 103     5.488 55678.29458245 13.12 196.060195  62.116304 17.696  269.61  267.72  266.36
 103     5.387 55678.29458304 12.41 196.064994  62.117665 15.540  269.61  267.72  266.36
 104     7.222 55688.21021959 24.78 196.054448  62.116927 16.021 -100.00 -100.00 -100.00
 104     5.544 55688.21022018 25.81 196.059246  62.118289 20.500 -100.00 -100.00 -100.00
 104     5.014 55688.21022077 27.20 196.064045  62.119651 26.466 -100.00 -100.00 -100.00
 105     3.934 55698.12585569 45.55 196.051946  62.117368   -100  244.39  247.40  248.93
 105     4.132 55698.12585628 46.18 196.056745  62.118730   -100  244.39  247.40  248.93
 105     4.393 55698.12585687 45.87 196.061543  62.120092   -100  244.39  247.40  248.93
 105     4.303 55698.12585746 44.86 196.066343  62.121454   -100  244.39  247.40  248.93
 106     7.077 55708.04149233 29.19 196.056679  62.117834 14.083  242.86  246.15  247.27
 106     6.593 55708.04149292 28.17 196.061478  62.119196 14.948  242.86  246.15  247.27
 106     5.158 55708.04149351 31.87 196.066277  62.120558 26.809  242.86  246.15  247.27
 107     7.045 55717.95714302 30.67 196.053683  62.116662 25.110  240.38  243.67  245.28
 107     6.801 55717.95714361 28.20 196.058481  62.118024 16.473  240.38  243.67  245.28
 107     5.335 55717.95714420 29.72 196.063280  62.119386 24.840  240.38  243.67  245.28
 108     5.707 55727.87279139 39.46 196.052863  62.116932   -100  243.17  245.97  246.32
 108     5.473 55727.87279199 32.37 196.057661  62.118294 29.151  243.17  245.97  246.32
 108     5.235 55727.87279258 30.97 196.062461  62.119656 27.200  243.17  245.97  246.32
 108     5.364 55727.87279317 29.28 196.067260  62.121018 19.532  243.17  245.97  246.32
 109     5.198 55737.78843835 45.55 196.052826  62.118351 30.769  249.90  253.74  251.51
 109     4.917 55737.78843894 49.46 196.057625  62.119713   -100  249.90  253.74  251.51
 109     4.557 55737.78843953 53.83 196.062425  62.121074   -100  249.90  253.74  251.51
 110     4.555 55747.70408381 37.43 196.051085  62.119296   -100  244.91  250.32  250.05
 110     4.591 55747.70408440 35.48 196.055884  62.120658   -100  244.91  250.32  250.05
 110     4.646 55747.70408499 32.79 196.060683  62.122020 31.621  244.91  250.32  250.05
 111     7.335 55757.61972746 25.27 196.054061  62.119906 10.504  237.65  241.09  240.93
 111     6.669 55757.61972805 25.09 196.058860  62.121268 10.583  237.65  241.09  240.93
 111     5.037 55757.61972864 26.97 196.063660  62.122630 12.589  237.65  241.09  240.93
 112     5.148 55767.53536777 44.37 196.053655  62.117381 32.573  243.56  249.12  247.76
 112     4.516 55767.53536837 47.13 196.058454  62.118742 29.332  243.56  249.12  247.76
 112     4.542 55767.53536896 40.98 196.063252  62.120104 22.328  243.56  249.12  247.76
 113     4.674 55777.45100555 34.08 196.058003  62.115335   -100  243.38  248.71  248.70
 113     4.580 55777.45100614 38.57 196.062802  62.116697  7.001  243.38  248.71  248.70
 113     4.615 55777.45100673 35.26 196.067600  62.118058   -100  243.38  248.71  248.70
 114     4.802 55787.36664019 32.49 196.056521  62.112912   -100  242.20  249.69  246.51
 114     4.925 55787.36664078 38.21 196.061318  62.114274   -100  242.20  249.69  246.51
 114     4.903 55787.36664137 38.29 196.066116  62.115635   -100  242.20  249.69  246.51
 114     4.719 55787.36664196 38.24 196.070915  62.116997  1.396  242.20  249.69  246.51
 115     4.665 55797.28227386 32.64 196.056870  62.113610 30.255  239.92  244.52  245.06
 115     4.771 55797.28227445 38.78 196.061668  62.114972   -100  239.92  244.52  245.06
 115     4.930 55797.28227504 38.48 196.066466  62.116333   -100  239.92  244.52  245.06
 116     5.811 55807.19791670 35.19 196.054801  62.115316 26.904  239.96  244.46  243.87
 116     4.655 55807.19791730 40.21 196.059599  62.116678   -100  239.96  244.46  243.87
 116     4.610 55807.19791789 40.39 196.064397  62.118039   -100  239.96  244.46  243.87
 117     4.114 55817.11356629 38.52 196.056953  62.117646   -100  243.39  249.57  247.64
 117     4.119 55817.11356688 39.22 196.061752  62.119008  1.796  243.39  249.57  247.64
 117     4.436 55817.11356748 37.58 196.066551  62.120370   -100  243.39  249.57  247.64
 118     5.773 55827.02921161 33.24 196.055084  62.115935 25.381  244.15  248.63  249.24
 118     3.955 55827.02921220 35.38 196.059883  62.117297   -100  244.15  248.63  249.24
 118     3.940 55827.02921279 40.57 196.064682  62.118659  3.728  244.15  248.63  249.24
 119     3.864 55836.94485324 38.25 196.059854  62.115071   -100  239.48  241.31  243.92
 119     4.038 55836.94485383 35.88 196.064652  62.116433   -100  239.48  241.31  243.92
 119     3.963 55836.94485442 41.66 196.069452  62.117794  7.390  239.48  241.31  243.92
 120     7.074 55846.86049104 27.72 196.059079  62.113421 17.058  237.86  241.80  244.70
 120     4.579 55846.86049163 28.09 196.063878  62.114783 19.122  237.86  241.80  244.70
 120     4.119 55846.86049222 31.62 196.068677  62.116145 27.613  237.86  241.80  244.70
 121     7.235 55856.77612660 24.17 196.058308  62.114232  6.874  243.00  244.20  245.50
 121     6.334 55856.77612720 25.56 196.063106  62.115594 10.498  243.00  244.20  245.50
 121     4.020 55856.77612779 30.76 196.067905  62.116956 22.168  243.00  244.20  245.50
 122     2.385 55866.69177049 42.60 196.057933  62.117049   -100  245.98  245.53  245.62
 122     2.197 55866.69177108 35.30 196.062732  62.118411 24.980  245.98  245.53  245.62
 122     2.284 55866.69177167 34.49 196.067531  62.119773 21.460  245.98  245.53  245.62
 123     2.574 55876.60742256 29.86 196.053707  62.118714 14.225  244.48  243.00  239.06
 123     2.318 55876.60742315 29.52 196.058506  62.120076 16.059  244.48  243.00  239.06
 123     4.352 55876.60742374 26.77 196.063306  62.121438 10.746  244.48  243.00  239.06
 133     6.146 55975.76385406 13.02 196.055188  62.114839  3.046 -100.00 -100.00 -100.00
 133     5.178 55975.76385465 13.21 196.059987  62.116201  3.061 -100.00 -100.00 -100.00
 133     5.533 55975.76385524 12.98 196.064786  62.117563  2.747 -100.00 -100.00 -100.00
 133     5.154 55975.76385583 13.11 196.069586  62.118925  3.072 -100.00 -100.00 -100.00
 134     5.993 55985.67949073 11.00 196.057862  62.117051  2.575  231.99  225.11  211.26
 134     5.998 55985.67949132 11.29 196.062661  62.118413  3.359  231.99  225.11  211.26
 134     5.955 55985.67949191 11.16 196.067461  62.119774  2.804  231.99  225.11  211.26
 135     6.308 55995.59512542 10.65 196.053212  62.115754  2.507 -100.00 -100.00 -100.00
 135     5.936 55995.59512601 10.82 196.058010  62.117116  2.719 -100.00 -100.00 -100.00
 135     5.962 55995.59512660 10.73 196.062809  62.118478  2.593 -100.00 -100.00 -100.00
 135     5.883 55995.59512719 10.95 196.067608  62.119840  2.793 -100.00 -100.00 -100.00
 136     6.585 56005.51077768 10.35 196.057338  62.116481  2.553 -100.00 -100.00 -100.00
 136     6.119 56005.51077827 10.51 196.062136  62.117843  2.688 -100.00 -100.00 -100.00
 136     5.848 56005.51077886 10.49 196.066935  62.119204  2.866 -100.00 -100.00 -100.00
 137     5.939 56015.42642552  9.57 196.058546  62.115396  2.570  243.22  239.84  226.78
 137     5.760 56015.42642611  9.75 196.063345  62.116758  2.555  243.22  239.84  226.78
 137     5.599 56015.42642670  9.61 196.068144  62.118120  2.669  243.22  239.84  226.78
 139     6.049 56035.25771330  8.66 196.054925  62.116270  2.521 -100.00 -100.00 -100.00
 139     6.641 56035.25771389  8.51 196.059723  62.117632  2.467 -100.00 -100.00 -100.00
 139     6.602 56035.25771448  8.58 196.064522  62.118993  2.600 -100.00 -100.00 -100.00
 141     4.691 56055.08899292 30.38 196.053953  62.119175 24.145  264.81  263.17  261.20
 141     4.681 56055.08899351 34.16 196.058752  62.120537   -100  264.81  263.17  261.20
 141     4.411 56055.08899410 36.78 196.063551  62.121899   -100  264.81  263.17  261.20
 142     5.096 56065.00462722 44.67 196.053858  62.118235   -100 -100.00 -100.00 -100.00
 142     5.818 56065.00462781 43.57 196.058657  62.119597 24.129 -100.00 -100.00 -100.00
 142     5.283 56065.00462840 48.92 196.063456  62.120959   -100 -100.00 -100.00 -100.00
 143     7.509 56074.92027193 33.79 196.053453  62.117385 22.502  236.97  239.61  240.27
 143     7.316 56074.92027252 27.65 196.058252  62.118747  9.275  236.97  239.61  240.27
 143     5.877 56074.92027311 30.53 196.063051  62.120109 16.781  236.97  239.61  240.27
 144     7.365 56084.83592161 30.64 196.054455  62.118181 21.333  238.52  245.13  245.39
 144     6.945 56084.83592220 28.12 196.059254  62.119543 16.749  238.52  245.13  245.39
 144     6.335 56084.83592279 26.42 196.064053  62.120904 10.629  238.52  245.13  245.39
 145     7.020 56094.75156882 26.92 196.054957  62.118829 13.887  241.47  245.47  245.45
 145     5.688 56094.75156941 27.85 196.059756  62.120191 16.294  241.47  245.47  245.45
 145     5.792 56094.75157000 29.07 196.064555  62.121552 19.589  241.47  245.47  245.45
 146     5.797 56104.66721369 45.91 196.054254  62.118852  4.609  239.00  243.28  242.48
 146     6.045 56104.66721428 51.08 196.059053  62.120214   -100  239.00  243.28  242.48
 146     5.848 56104.66721487 55.04 196.063852  62.121576 32.383  239.00  243.28  242.48
 147     7.359 56114.58284391 33.15 196.053643  62.117698 26.375  241.10  244.69  243.59
 147     6.997 56114.58284450 29.25 196.058441  62.119060 19.446  241.10  244.69  243.59
 147     5.036 56114.58284510 30.39 196.063240  62.120421 26.739  241.10  244.69  243.59
 148     4.959 56124.49848221 37.50 196.055750  62.116588   -100  241.00  245.15  244.18
 148     4.956 56124.49848280 36.31 196.060549  62.117950   -100  241.00  245.15  244.18
 148     5.008 56124.49848339 34.02 196.065347  62.119311   -100  241.00  245.15  244.18
 149     4.841 56134.41411648 37.73 196.057999  62.114947   -100  246.85  253.73  252.89
 149     4.727 56134.41411707 35.70 196.062797  62.116309   -100  246.85  253.73  252.89
 149     4.811 56134.41411766 38.27 196.067595  62.117670  4.191  246.85  253.73  252.89
 150     5.134 56144.32975684 44.71 196.059894  62.114861 31.577  241.26  245.58  244.16
 150     4.938 56144.32975743 43.97 196.064692  62.116223   -100  241.26  245.58  244.16
 150     4.651 56144.32975802 46.64 196.069491  62.117584  9.602  241.26  245.58  244.16
 151     4.417 56154.24540697 31.27 196.057200  62.115477 26.338  248.75  254.26  250.75
 151     4.174 56154.24540756 37.91 196.061998  62.116838  6.351  248.75  254.26  250.75
 151     4.358 56154.24540815 37.70 196.066797  62.118200   -100  248.75  254.26  250.75
 152     4.460 56164.16105635 35.84 196.057452  62.117327   -100  241.03  245.94  244.95
 152     4.786 56164.16105694 33.76 196.062251  62.118689 25.725  241.03  245.94  244.95
 152     4.897 56164.16105753 33.84 196.067050  62.120050 27.321  241.03  245.94  244.95
 153     4.435 56174.07670299 36.44 196.053414  62.117009 29.002 -100.00 -100.00 -100.00
 153     4.848 56174.07670358 34.83 196.058212  62.118371 28.727 -100.00 -100.00 -100.00
 153     4.468 56174.07670417 37.53 196.063011  62.119733   -100 -100.00 -100.00 -100.00
 154     4.484 56183.99234476 37.15 196.052929  62.116155   -100  237.13  240.21  241.25
 154     4.525 56183.99234535 44.02 196.057727  62.117517 15.395  237.13  240.21  241.25
 154     4.547 56183.99234595 41.85 196.062526  62.118879   -100  237.13  240.21  241.25
 154     4.533 56183.99234654 43.98 196.067326  62.120240 11.203  237.13  240.21  241.25
 155     4.600 56193.90798294 40.43 196.054591  62.115185   -100  231.51  233.84  236.82
 155     4.765 56193.90798353 42.56 196.059390  62.116547   -100  231.51  233.84  236.82
 155     4.782 56193.90798412 42.22 196.064189  62.117909   -100  231.51  233.84  236.82
 155     4.583 56193.90798471 43.86 196.068989  62.119270  4.340  231.51  233.84  236.82
 156     4.699 56203.82361850 35.60 196.057539  62.115396 28.444  233.48  238.03  238.40
 156     4.531 56203.82361909 41.84 196.062338  62.116758   -100  233.48  238.03  238.40
 156     4.766 56203.82361968 40.17 196.067137  62.118120   -100  233.48  238.03  238.40
 157     5.413 56213.73925220 30.66 196.057695  62.116058 20.161  237.46  238.10  241.70
 157     4.511 56213.73925279 30.42 196.062494  62.117420 21.411  237.46  238.10  241.70
 157     4.494 56213.73925338 32.90 196.067293  62.118782 29.728  237.46  238.10  241.70
 158     4.264 56223.65488633 42.62 196.056690  62.117001 23.128  249.68  250.09  251.86
 158     3.567 56223.65488692 40.50 196.061489  62.118363   -100  249.68  250.09  251.86
 158     3.825 56223.65488751 36.37 196.066288  62.119725 31.006  249.68  250.09  251.86
 159     3.792 56233.57054220 38.62 196.053568  62.118256 22.857  244.38  245.57  247.56
 159     3.070 56233.57054279 38.41 196.058367  62.119618 31.919  244.38  245.57  247.56
 159     3.231 56233.57054338 36.85 196.063166  62.120980 25.053  244.38  245.57  247.56
 160     2.703 56243.48619438 40.30 196.054274  62.119095 29.270  239.13  240.02  240.35
 160     2.543 56243.48619497 36.70 196.059073  62.120457 21.839  239.13  240.02  240.35
 160     2.401 56243.48619556 38.19 196.063872  62.121819 26.880  239.13  240.02  240.35
 161     4.904 56253.40184162 24.80 196.053606  62.118710  5.235  234.53  235.09  236.50
 161     4.777 56253.40184221 24.60 196.058405  62.120072  5.013  234.53  235.09  236.50
 161     4.528 56253.40184280 24.91 196.063204  62.121434  5.098  234.53  235.09  236.50
 162     4.990 56263.31748487 22.98 196.055806  62.119188  4.961  244.86  246.37  247.52
 162     2.608 56263.31748546 25.88 196.060605  62.120550  9.773  244.86  246.37  247.52
 162     4.838 56263.31748605 23.02 196.065404  62.121911  5.252  244.86  246.37  247.52
 164     5.351 56283.14876872 16.32 196.051739  62.117691  2.852  233.87  230.93  222.06
 164     4.763 56283.14876931 16.73 196.056538  62.119053  3.271  233.87  230.93  222.06
 164     4.830 56283.14876990 16.25 196.061338  62.120415  2.669  233.87  230.93  222.06
 164     4.886 56283.14877049 16.26 196.066137  62.121776  2.936  233.87  230.93  222.06
 165     5.596 56293.06442090 15.71 196.055688  62.118248  2.933  240.23  238.98  231.46
 165     5.527 56293.06442149 15.65 196.060487  62.119610  2.714  240.23  238.98  231.46
 165     5.028 56293.06442208 15.63 196.065287  62.120971  2.759  240.23  238.98  231.46
 166     5.144 56302.98006828 15.49 196.057347  62.117454  2.706 -100.00 -100.00 -100.00
 166     5.127 56302.98006887 15.34 196.062147  62.118815  2.758 -100.00 -100.00 -100.00
 166     4.852 56302.98006947 15.19 196.066947  62.120177  2.723 -100.00 -100.00 -100.00
 167     5.832 56312.89571094 12.66 196.054190  62.115799  2.708  231.73  228.21  214.07
 167     5.656 56312.89571153 12.76 196.058990  62.117160  2.772  231.73  228.21  214.07
 167     5.732 56312.89571212 12.59 196.063789  62.118522  2.628  231.73  228.21  214.07
 167     5.654 56312.89571272 12.54 196.068590  62.119884  2.793  231.73  228.21  214.07
 168     5.666 56322.81135185 12.24 196.053751  62.116028  2.939  233.43  231.14  215.41
 168     5.772 56322.81135244 11.99 196.058551  62.117390  2.773  233.43  231.14  215.41
 168     5.632 56322.81135303 12.10 196.063350  62.118752  3.000  233.43  231.14  215.41
 168     5.522 56322.81135363 12.13 196.068150  62.120114  2.899  233.43  231.14  215.41
 169     6.329 56332.72699238 12.43 196.054976  62.117262  2.885  236.07  232.63  217.68
 169     6.019 56332.72699297 12.50 196.059776  62.118624  2.806  236.07  232.63  217.68
 169     5.913 56332.72699356 12.46 196.064575  62.119986  2.770  236.07  232.63  217.68
 170     6.339 56342.64263185 11.34 196.052439  62.116535  2.779 -100.00 -100.00 -100.00
 170     5.703 56342.64263244 11.21 196.057238  62.117897  2.551 -100.00 -100.00 -100.00
 170     5.892 56342.64263303 11.25 196.062037  62.119259  2.920 -100.00 -100.00 -100.00
 170     5.922 56342.64263362 11.24 196.066837  62.120621  2.789 -100.00 -100.00 -100.00
 171     6.546 56352.55826940 10.61 196.054002  62.115835  2.628 -100.00 -100.00 -100.00
 171     6.062 56352.55826999 10.70 196.058801  62.117197  3.043 -100.00 -100.00 -100.00
 171     6.014 56352.55827058 10.71 196.063599  62.118559  2.760 -100.00 -100.00 -100.00
 171     5.867 56352.55827117 10.77 196.068399  62.119920  2.738 -100.00 -100.00 -100.00
 172     6.851 56362.47391067 11.13 196.055786  62.115212  2.649  224.74  214.72  197.29
 172     6.098 56362.47391126 11.01 196.060585  62.116574  2.492  224.74  214.72  197.29
 172     6.433 56362.47391185 11.23 196.065383  62.117936  2.626  224.74  214.72  197.29
 173     6.879 56372.38955964 10.78 196.053906  62.115292  2.733 -100.00 -100.00 -100.00
 173     6.834 56372.38956023 10.69 196.058704  62.116654  2.556 -100.00 -100.00 -100.00
 173     6.163 56372.38956082 10.71 196.063502  62.118016  2.630 -100.00 -100.00 -100.00
 173     6.295 56372.38956141 10.56 196.068302  62.119377  2.688 -100.00 -100.00 -100.00
 175     6.742 56392.22085111 10.75 196.054655  62.119375  2.407  224.72  214.52  198.64
 175     6.923 56392.22085170 10.82 196.059455  62.120737  2.722  224.72  214.52  198.64
 175     6.328 56392.22085229 11.00 196.064254  62.122099  2.479  224.72  214.52  198.64
 176     6.984 56402.13649354 10.29 196.050721  62.119017  2.463  234.60  227.39  215.36
 176     6.772 56402.13649413 10.45 196.055521  62.120379  2.715  234.60  227.39  215.36
 176     6.645 56402.13649472 10.60 196.060320  62.121741  2.819  234.60  227.39  215.36
 176     6.583 56402.13649531 10.50 196.065120  62.123103  2.730  234.60  227.39  215.36
 177     6.760 56412.05213402  8.05 196.054651  62.119719  2.897  260.35  259.27  258.06
 177     6.466 56412.05213461  8.47 196.059450  62.121081  3.786  260.35  259.27  258.06
 177     6.525 56412.05213520  8.20 196.064250  62.122442  2.842  260.35  259.27  258.06
 178     6.351 56421.96776853  6.50 196.051755  62.117408  4.070  268.24  265.82  264.93
 178     6.153 56421.96776912  7.64 196.056554  62.118770  5.607  268.24  265.82  264.93
 178     6.498 56421.96776971  6.52 196.061353  62.120132  3.822  268.24  265.82  264.93
 178     6.357 56421.96777030  6.55 196.066152  62.121494  4.024  268.24  265.82  264.93
 179     6.140 56431.88340966 11.84 196.056614  62.118423  5.308 -100.00 -100.00 -100.00
 179     4.956 56431.88341025 13.02 196.061413  62.119785  6.738 -100.00 -100.00 -100.00
 179     4.428 56431.88341084 15.54 196.066212  62.121147 10.608 -100.00 -100.00 -100.00
 180     6.893 56441.79906223 36.25 196.054578  62.119322 24.194  245.51  247.73  249.10
 180     4.596 56441.79906282 38.09 196.059377  62.120684 28.968  245.51  247.73  249.10
 180     4.919 56441.79906341 37.65 196.064177  62.122046 20.853  245.51  247.73  249.10
 181     6.448 56451.71471210 43.21 196.051836  62.119522   -100  235.34  240.48  241.56
 181     6.305 56451.71471269 48.32 196.056636  62.120884   -100  235.34  240.48  241.56
 181     6.252 56451.71471328 44.37 196.061435  62.122246 12.725  235.34  240.48  241.56
 182     7.413 56461.63035968 28.13 196.051744  62.118779 12.190  241.22  247.45  244.23
 182     6.871 56461.63036027 27.63 196.056542  62.120141 14.817  241.22  247.45  244.23
 182     5.874 56461.63036086 27.99 196.061342  62.121503 14.271  241.22  247.45  244.23
 183     7.295 56471.54600390 38.09 196.052220  62.117073   -100  240.99  245.80  243.29
 183     7.013 56471.54600449 30.95 196.057018  62.118434 17.120  240.99  245.80  243.29
 183     6.890 56471.54600509 27.63 196.061817  62.119796 10.515  240.99  245.80  243.29
 183     5.877 56471.54600568 27.80 196.066616  62.121157 11.349  240.99  245.80  243.29
 184     5.867 56481.46164486 33.48 196.054802  62.115942 30.745  241.74  245.85  244.84
 184     5.239 56481.46164545 36.44 196.059600  62.117304   -100  241.74  245.85  244.84
 184     4.992 56481.46164604 35.92 196.064399  62.118666   -100  241.74  245.85  244.84
 185     4.902 56491.37728190 43.88 196.055016  62.115388 29.186  241.07  245.82  243.29
 185     4.725 56491.37728249 46.96 196.059814  62.116750   -100  241.07  245.82  243.29
 185     4.462 56491.37728308 49.68 196.064612  62.118112   -100  241.07  245.82  243.29
 187     5.816 56511.20854963 32.51 196.053766  62.115493 26.744  247.96  253.87  251.30
 187     4.742 56511.20855022 32.30 196.058564  62.116855 29.487  247.96  253.87  251.30
 187     4.851 56511.20855081 32.47 196.063362  62.118217 26.335  247.96  253.87  251.30
 187     4.885 56511.20855140 33.95 196.068161  62.119579 31.504  247.96  253.87  251.30
 188     5.902 56521.12419486 33.63 196.054485  62.115797 29.308  249.78  254.66  252.15
 188     4.566 56521.12419545 33.46 196.059283  62.117159   -100  249.78  254.66  252.15
 188     4.187 56521.12419604 36.20 196.064082  62.118521   -100  249.78  254.66  252.15
 189     5.740 56531.03984824 35.24 196.055762  62.116136 27.642  245.69  249.03  249.46
 189     4.573 56531.03984883 38.49 196.060561  62.117498   -100  245.69  249.03  249.46
 189     4.662 56531.03984942 37.92 196.065360  62.118860   -100  245.69  249.03  249.46
 191     4.208 56550.87114273 44.58 196.055597  62.116329   -100  242.42  245.19  246.35
 191     4.150 56550.87114333 39.32 196.060396  62.117691 25.514  242.42  245.19  246.35
 191     4.267 56550.87114392 42.44 196.065196  62.119053   -100  242.42  245.19  246.35
 192     4.079 56560.78678535 44.13 196.052544  62.117439   -100  239.16  243.02  244.19
 192     3.832 56560.78678594 48.33 196.057343  62.118801   -100  239.16  243.02  244.19
 192     4.009 56560.78678653 48.10 196.062142  62.120162  8.299  239.16  243.02  244.19
 192     4.194 56560.78678712 46.94 196.066942  62.121524   -100  239.16  243.02  244.19
 193     7.087 56570.70242748 26.34 196.054705  62.120002 12.783  239.12  243.29  245.61
 193     5.261 56570.70242807 27.97 196.059504  62.121363 14.582  239.12  243.29  245.61
 193     5.031 56570.70242866 29.06 196.064304  62.122725 16.199  239.12  243.29  245.61
 194     5.235 56580.61806747 32.98 196.052640  62.120072 19.100  236.56  242.46  244.96
 194     4.483 56580.61806806 36.40 196.057440  62.121435 30.585  236.56  242.46  244.96
 194     4.159 56580.61806865 38.33 196.062239  62.122796   -100  236.56  242.46  244.96
 195     7.373 56590.53370349 27.84 196.053788  62.118608  9.982  235.23  238.98  240.51
 195     4.825 56590.53370408 32.35 196.058587  62.119970 25.680  235.23  238.98  240.51
 195     4.827 56590.53370467 31.90 196.063386  62.121332 23.922  235.23  238.98  240.51
 196     4.156 56600.44935065 43.92 196.055292  62.117845 31.527  239.09  243.21  244.70
 196     3.772 56600.44935124 45.72 196.060091  62.119207   -100  239.09  243.21  244.70
 196     3.879 56600.44935183 42.82 196.064890  62.120569   -100  239.09  243.21  244.70
 197     5.498 56610.36500106 37.13 196.056370  62.118411 25.143  232.46  236.37  239.33
 197     6.591 56610.36500165 33.26 196.061169  62.119773 13.568  232.46  236.37  239.33
 197     5.003 56610.36500224 33.33 196.065968  62.121134 12.816  232.46  236.37  239.33
 198     2.280 56620.28064645 35.84 196.053604  62.118985 30.132  245.27  246.88  249.48
 198     2.248 56620.28064704 32.24 196.058403  62.120347 19.216  245.27  246.88  249.48
 198     6.228 56620.28064763 27.69 196.063202  62.121708  9.092  245.27  246.88  249.48
 199     2.183 56630.19628903 33.96 196.053336  62.119812 27.899  250.65  253.30  252.87
 199     2.128 56630.19628962 28.53 196.058136  62.121174 13.004  250.65  253.30  252.87
 199     4.983 56630.19629021 26.95 196.062935  62.122536 10.450  250.65  253.30  252.87
 200     6.476 56640.11192809 28.82 196.054751  62.118914  4.909  241.47  241.76  244.35
 200     5.726 56640.11192868 28.41 196.059551  62.120276  4.486  241.47  241.76  244.35
 200     5.117 56640.11192927 29.03 196.064351  62.121638  5.758  241.47  241.76  244.35
 201     6.515 56650.02757423 27.25 196.055526  62.116625  4.375  239.53  239.94  241.86
 201     5.508 56650.02757482 27.59 196.060325  62.117987  4.832  239.53  239.94  241.86
 201     5.084 56650.02757541 27.85 196.065125  62.119349  4.976  239.53  239.94  241.86
 202     6.654 56659.94322486 24.83 196.054464  62.114710  4.802 -100.00 -100.00 -100.00
 202     5.324 56659.94322545 24.60 196.059263  62.116072  4.790 -100.00 -100.00 -100.00
 202     5.034 56659.94322604 25.05 196.064063  62.117434  5.198 -100.00 -100.00 -100.00
 202     4.700 56659.94322663 24.76 196.068862  62.118796  4.249 -100.00 -100.00 -100.00
 203     6.711 56669.85887221 22.97 196.055168  62.115286  3.733 -100.00 -100.00 -100.00
 203     5.518 56669.85887280 23.07 196.059967  62.116648  3.979 -100.00 -100.00 -100.00
 203     5.393 56669.85887339 23.01 196.064767  62.118010  3.955 -100.00 -100.00 -100.00
 205     2.108 56689.69016046 35.05 196.052599  62.118669   -100  247.94  245.48  238.96
 205     4.556 56689.69016105 30.08 196.057399  62.120031 14.024  247.94  245.48  238.96
 205     3.956 56689.69016164 36.38 196.062199  62.121393   -100  247.94  245.48  238.96
 206     6.106 56699.60580056 22.88 196.052254  62.117975  4.656  235.69  232.30  225.50
 206     4.995 56699.60580115 25.30 196.057053  62.119337  8.347  235.69  232.30  225.50
 206     5.264 56699.60580174 24.05 196.061852  62.120699  6.355  235.69  232.30  225.50
 207     5.357 56709.52143605 23.74 196.054213  62.115868  6.712  235.74  231.96  224.73
 207     5.176 56709.52143664 22.91 196.059011  62.117230  5.532  235.74  231.96  224.73
 207     5.097 56709.52143723 22.39 196.063810  62.118592  4.082  235.74  231.96  224.73
 208     4.883 56719.43707636 27.01 196.054482  62.114525 10.474  236.99  233.20  223.05
 208     4.884 56719.43707695 27.34 196.059280  62.115887  9.541  236.99  233.20  223.05
 208     4.806 56719.43707754 30.43 196.064079  62.117249 17.436  236.99  233.20  223.05
 208     5.023 56719.43707813 29.61 196.068878  62.118611 13.023  236.99  233.20  223.05
 209     5.189 56729.35272871 24.06 196.053608  62.115989  6.611 -100.00 -100.00 -100.00
 209     5.021 56729.35272930 26.35 196.058406  62.117350  9.756 -100.00 -100.00 -100.00
 209     5.143 56729.35272989 24.60 196.063205  62.118712  8.355 -100.00 -100.00 -100.00
 209     4.828 56729.35273048 28.86 196.068004  62.120074 15.961 -100.00 -100.00 -100.00
 211     4.298 56749.18402173 35.63 196.049299  62.120481 28.329  249.84  248.57  245.08
 211     4.741 56749.18402232 33.79 196.054099  62.121843 18.424  249.84  248.57  245.08
 211     4.518 56749.18402291 35.72 196.058899  62.123205 27.116  249.84  248.57  245.08
 211     4.903 56749.18402350 34.07 196.063699  62.124566 20.411  249.84  248.57  245.08
 212     1.105 56759.09966170 39.69 196.050846  62.120760   -100  255.70  255.24  253.83
 212     4.885 56759.09966229 33.08 196.055646  62.122122 15.590  255.70  255.24  253.83
 212     4.708 56759.09966288 33.57 196.060446  62.123484 14.659  255.70  255.24  253.83
 213     1.447 56769.01529526 43.31 196.053189  62.118865   -100 -100.00 -100.00 -100.00
 213     4.905 56769.01529585 35.93 196.057988  62.120227 20.502 -100.00 -100.00 -100.00
 213     4.975 56769.01529644 36.98 196.062788  62.121589 25.407 -100.00 -100.00 -100.00
 214     2.477 56778.93094390 41.87 196.053511  62.117678   -100  253.45  254.68  255.89
 214     2.692 56778.93094449 35.89 196.058310  62.119040 29.262  253.45  254.68  255.89
 214     4.629 56778.93094508 32.61 196.063110  62.120402 19.491  253.45  254.68  255.89
 215     7.329 56788.84659962 31.33 196.053128  62.118297 25.895  244.69  247.01  249.13
 215     4.477 56788.84660021 31.52 196.057927  62.119659 24.571  244.69  247.01  249.13
 215     4.886 56788.84660080 33.66 196.062727  62.121020 29.981  244.69  247.01  249.13
 216     7.223 56798.76225167 29.18 196.050246  62.119330 21.889  241.15  242.99  245.77
 216     5.002 56798.76225226 31.23 196.055045  62.120692   -100  241.15  242.99  245.77
 216     5.020 56798.76225285 31.39 196.059845  62.122054   -100  241.15  242.99  245.77
 216     5.050 56798.76225344 35.45 196.064645  62.123415   -100  241.15  242.99  245.77
 217     4.868 56808.67789831 32.10 196.052717  62.121413 29.962  239.60  242.33  243.08
 217     4.971 56808.67789890 31.67 196.057516  62.122775 26.155  239.60  242.33  243.08
 217     5.050 56808.67789949 32.30 196.062317  62.124136 27.749  239.60  242.33  243.08
 219     7.256 56828.50917520 38.76 196.052212  62.117311   -100  241.36  244.50  244.55
 219     6.903 56828.50917579 34.23 196.057011  62.118673   -100  241.36  244.50  244.55
 219     4.886 56828.50917638 36.90 196.061810  62.120034   -100  241.36  244.50  244.55
 219     4.822 56828.50917697 33.80 196.066609  62.121396   -100  241.36  244.50  244.55
 220     4.825 56838.42480928 44.27 196.058492  62.115603 16.600 -100.00 -100.00 -100.00
 220     4.973 56838.42480987 50.18 196.063291  62.116964  1.832 -100.00 -100.00 -100.00
 220     5.039 56838.42481046 50.15 196.068089  62.118326   -100 -100.00 -100.00 -100.00
 221     5.430 56848.34044031 37.68 196.059697  62.114479   -100  244.08  247.88  246.25
 221     5.123 56848.34044090 39.80 196.064494  62.115841   -100  244.08  247.88  246.25
 221     5.295 56848.34044149 35.88 196.069293  62.117202   -100  244.08  247.88  246.25
 222     5.759 56858.25609446 28.14 196.056609  62.116462 18.922  243.12  246.22  246.94
 222     5.094 56858.25609505 28.25 196.061407  62.117824 24.374  243.12  246.22  246.94
 222     5.187 56858.25609564 28.97 196.066206  62.119185 27.416  243.12  246.22  246.94
 223     6.911 56868.17174822 29.28 196.055365  62.119148 25.124  250.71  254.38  252.82
 223     5.094 56868.17174881 29.19 196.060164  62.120510 28.355  250.71  254.38  252.82
 223     6.188 56868.17174940 29.47 196.064963  62.121872 24.082  250.71  254.38  252.82
 224     4.877 56878.08739986 42.04 196.054314  62.119841 14.443  253.73  257.81  257.54
 224     5.130 56878.08740045 42.90 196.059113  62.121203   -100  253.73  257.81  257.54
 224     5.712 56878.08740104 42.99 196.063913  62.122564 25.612  253.73  257.81  257.54
 225     4.355 56888.00304785 35.45 196.051842  62.118258   -100  250.42  254.75  254.66
 225     4.451 56888.00304844 40.31 196.056641  62.119620 16.055  250.42  254.75  254.66
 225     4.536 56888.00304903 39.35 196.061441  62.120982 21.563  250.42  254.75  254.66
 226     6.848 56897.91869374 31.78 196.054769  62.117793 27.417  249.27  252.76  252.67
 226     4.129 56897.91869433 35.56 196.059568  62.119155   -100  249.27  252.76  252.67
 226     4.300 56897.91869492 35.68 196.064368  62.120516   -100  249.27  252.76  252.67
 227     6.712 56907.83433700 31.35 196.056107  62.118787 30.662  245.60  247.22  247.81
 227     4.233 56907.83433759 35.49 196.060907  62.120148   -100  245.60  247.22  247.81
 227     4.470 56907.83433818 32.29 196.065707  62.121510   -100  245.60  247.22  247.81
 228     4.200 56917.74997794 42.32 196.054195  62.120497 26.882  244.26  247.16  247.13
 228     4.419 56917.74997853 40.18 196.058995  62.121859  3.818  244.26  247.16  247.13
 228     4.396 56917.74997912 41.28 196.063795  62.123221 15.765  244.26  247.16  247.13
 229     3.896 56927.66561666 45.21 196.051037  62.121480  6.406  240.08  241.17  243.68
 229     4.070 56927.66561725 46.61 196.055836  62.122842   -100  240.08  241.17  243.68
 229     3.994 56927.66561784 49.17 196.060636  62.124203 21.489  240.08  241.17  243.68
 230     3.654 56937.58125145 45.35 196.050026  62.120774 19.888  240.18  240.76  243.98
 230     4.156 56937.58125204 42.12 196.054825  62.122136   -100  240.18  240.76  243.98
 230     3.645 56937.58125263 44.30 196.059625  62.123498  9.652  240.18  240.76  243.98
 231     5.767 56947.49688289 29.81 196.051043  62.118110 16.630  249.68  250.89  252.79
 231     3.143 56947.49688348 33.17 196.055842  62.119472 28.181  249.68  250.89  252.79
 231     3.309 56947.49688407 36.28 196.060640  62.120834   -100  249.68  250.89  252.79
 231     3.293 56947.49688466 36.48 196.065440  62.122196 28.829  249.68  250.89  252.79
 232     2.719 56957.41253714 37.33 196.056458  62.118318   -100  252.78  252.73  251.72
 232     2.821 56957.41253773 34.35 196.061256  62.119680 28.949  252.78  252.73  251.72
 232     2.747 56957.41253832 37.22 196.066055  62.121042   -100  252.78  252.73  251.72
 233     2.865 56967.32818524 38.98 196.054549  62.117513   -100  235.98  232.43  226.63
 233     2.749 56967.32818583 36.81 196.059348  62.118874   -100  235.98  232.43  226.63
 233     2.738 56967.32818642 37.32 196.064147  62.120236 32.146  235.98  232.43  226.63
 234     2.431 56977.24382968 40.25 196.054265  62.118513 31.898  253.44  254.99  255.68
 234     2.346 56977.24383027 36.96 196.059064  62.119874 29.354  253.44  254.99  255.68
 234     3.746 56977.24383086 35.17 196.063864  62.121236 21.102  253.44  254.99  255.68
 235     5.167 56987.15946963 32.21 196.054004  62.119334 10.777  252.45  254.49  255.34
 235     4.856 56987.15947022 32.44 196.058804  62.120696 11.251  252.45  254.49  255.34
 235     4.714 56987.15947081 30.81 196.063603  62.122058  8.161  252.45  254.49  255.34
 236     5.026 56997.07510334 28.13 196.053036  62.117669 13.226  250.85  249.99  243.23
 236     4.682 56997.07510393 28.41 196.057835  62.119031 13.561  250.85  249.99  243.23
 236     5.031 56997.07510452 25.41 196.062634  62.120393  8.107  250.85  249.99  243.23
 237     5.906 57006.99074981 21.83 196.057081  62.116790  3.420  246.22  246.94  241.86
 237     5.364 57006.99075040 22.24 196.061880  62.118152  4.065  246.22  246.94  241.86
 237     5.443 57006.99075099 21.82 196.066680  62.119514  3.692  246.22  246.94  241.86
 238     5.694 57016.90640380 22.38 196.058229  62.115822  4.233  244.43  243.22  236.43
 238     5.700 57016.90640439 21.32 196.063028  62.117184  2.863  244.43  243.22  236.43
 238     5.491 57016.90640498 21.14 196.067828  62.118546  3.951  244.43  243.22  236.43
 239     4.618 57026.82205380 24.72 196.055565  62.115393  8.132  240.32  237.38  225.03
 239     4.815 57026.82205439 26.00 196.060364  62.116755  8.453  240.32  237.38  225.03
 239     4.901 57026.82205498 29.33 196.065164  62.118117 14.655  240.32  237.38  225.03
 240     4.977 57036.73770255 28.41 196.056754  62.118006  7.525  227.46  230.35  220.18
 240     5.023 57036.73770314 29.77 196.061553  62.119368 11.609  227.46  230.35  220.18
 240     4.861 57036.73770373 28.21 196.066353  62.120730  8.633  227.46  230.35  220.18
 241     4.982 57046.65334822 20.66 196.054623  62.119299  4.211  221.89  220.05  210.64
 241     5.062 57046.65334881 20.24 196.059423  62.120660  4.408  221.89  220.05  210.64
 241     4.806 57046.65334940 21.26 196.064223  62.122022  4.894  221.89  220.05  210.64
