#   88.083  -0.215   4.939 ;Mean Elev.(m), Avg Gradient(m/km), RMS Gradient(m/km)
   1 211.001921  66.044197    90.326    90.326  2 54662.99895142 43.165
   2 210.999756  66.044954    90.109    90.109  2 54672.91459618 28.184
   3 211.001510  66.046040     3.647     3.663  3 54682.83023988  1.415
   4 211.003467  66.046676    89.496    89.496  2 54692.74588234 32.017
   5 211.001717  66.046307     0.038     0.038  2 54702.66152205  0.290
   6 211.002418  66.044463    90.111    90.111  2 54712.57717091 47.087
   8 211.001927  66.041824    88.646    88.370  3 54732.40847029 44.584
   9 211.001247  66.042448    88.544    88.371  3 54742.32411705 38.965
  10 211.001700  66.043115    88.065    88.065  2 54752.23976373 23.286
  11 211.001131  66.043025    87.758    87.758  2 54762.15541005 45.705
  12 211.000050  66.041827    86.499    86.609  3 54772.07105389 42.911
  13 211.002293  66.040729    87.436    87.324  3 54781.98669505 34.831
  14 210.999804  66.040784    88.075    88.011  3 54791.90233325 32.120
  17 211.000060  66.044117    87.485    87.485  2 54821.64924927 34.535
  18 211.002775  66.043588    87.191    87.191  2 54831.56490165 33.579
  19 210.999812  66.043676    87.019    87.019  2 54841.48054006 27.939
  20 210.999393  66.044635    86.912    86.912  2 54851.39618895 28.221
  21 211.001329  66.046023    86.638    86.638  2 54861.31183766 27.797
  22 211.001928  66.046692    86.733    86.840  3 54871.22748631 28.050
  23 211.001375  66.045515    86.639    86.639  2 54881.14313332 23.494
  24 211.002045  66.042986    87.199    87.199  2 54891.05877723 17.170
  25 210.999603  66.040950    88.200    88.200  2 54900.97441789 14.850
  26 211.000316  66.041016    89.082    89.082  2 54910.89005696  9.981
  27 211.000426  66.042588    88.106    88.106  2 54920.80569479  8.585
  28 211.001957  66.043699    88.775    88.775  2 54930.72133222  8.921
  29 211.000666  66.043086    90.646    90.646  2 54940.63696815  8.525
  30 210.999528  66.041429    85.842    85.842  2 54950.55260248 34.591
  31 210.999494  66.040163    90.959    90.959  2 54960.46824245 42.210
  32 211.001292  66.040719    90.722    90.864  3 54970.38389123 50.043
  33 211.002036  66.042400    90.931    90.955  3 54980.29953870 52.335
  34 211.000691  66.043896    75.312    75.312  2 54990.21518573 19.471
  35 210.999786  66.044011    92.040    92.040  2 55000.13083270 35.689
  36 211.002053  66.043648    93.677    93.661  3 55010.04647819 28.974
  37 211.002508  66.043473    93.285    93.285  2 55019.96212190 28.213
  38 211.000225  66.044584    88.601    88.601  2 55029.87776412 50.720
  39 211.003331  66.045827    88.248    88.248  2 55039.79340620 49.764
  40 211.000840  66.046696    87.951    87.951  2 55049.70904644 42.893
  41 210.999138  66.045606    87.761    87.761  2 55059.62468468 34.525
  42 211.002689  66.042937    88.068    88.068  2 55069.54032521 42.339
  43 211.002094  66.040670    88.892    88.892  2 55079.45597476 48.794
  44 211.000636  66.040536    88.367    88.367  2 55089.37162217 49.377
  45 210.999572  66.042188    88.932    88.932  2 55099.28726832 48.661
  46 211.002216  66.043739    88.078    88.078  2 55109.20291429 49.519
  47 211.002033  66.043441    87.457    87.457  2 55119.11855875 48.471
  48 211.000238  66.041430    86.634    86.634  2 55129.03420063 46.473
  49 211.002196  66.039501    86.694    86.694  2 55138.94984081 45.613
  50 211.002276  66.039897    86.569    86.578  3 55148.86547945 39.349
  51 210.999855  66.042371    86.451    86.451  2 55158.78111739 30.691
  52 211.000018  66.044556    86.817    86.817  2 55168.69675530 31.101
  53 211.002037  66.045112    86.919    86.973  3 55178.61239254 31.357
  54 211.000306  66.044200    86.727    86.782  3 55188.52803786 27.460
  55 211.002872  66.043578    91.096    91.096  2 55198.44368880 19.988
  56 211.000177  66.044421    90.733    90.733  2 55208.35933829 19.298
  57 211.001356  66.045768    91.154    90.988  3 55218.27498759 17.967
  58 210.999826  66.046043    91.411    91.411  2 55228.19063591 18.104
  59 210.999197  66.044626    91.533    91.533  2 55238.10628135 17.922
  60 211.002744  66.041915    91.735    91.735  2 55248.02192367 18.233
  61 211.000628  66.040166    92.016    92.016  2 55257.93756303 17.575
  62 211.001461  66.040336    92.022    92.022  2 55267.85320184 17.189
  63 211.001682  66.042122    91.584    91.711  3 55277.76884013 17.924
  64 211.000956  66.043464    91.703    91.739  3 55287.68447714 15.016
  65 211.000336  66.043289    91.820    91.850  3 55297.60011182 14.214
  66 211.000261  66.041416    86.057    86.210  3 55307.51575374 29.985
  67 210.999768  66.039911    87.090    87.065  3 55317.43140019 42.552
  68 210.999455  66.040256    89.369    89.369  2 55327.34704548 49.097
  69 211.001328  66.042193    87.953    87.873  3 55337.26269006 45.064
  70 211.000612  66.044207    89.058    88.742  3 55347.17833395 49.225
  71 211.001417  66.044862    88.359    88.359  2 55357.09397645 30.237
  72 211.002311  66.044493    91.550    91.550  2 55367.00961696 22.371
  73 211.001642  66.044071    89.133    89.218  3 55376.92525588 49.427
  74 211.002719  66.044400    90.029    90.029  2 55386.84089407 49.567
  75 211.000058  66.045277    89.390    89.390  2 55396.75653101 32.049
  76 210.999929  66.045500    89.493    89.493  2 55406.67217328 32.634
  77 211.000045  66.044254    89.517    89.517  2 55416.58782453 46.589
  78 211.003088  66.041907    89.914    89.914  2 55426.50347269 34.476
  79 211.001913  66.040408    90.620    90.620  2 55436.41911774 47.466
  80 211.000994  66.040550    88.901    88.924  3 55446.33476146 48.418
  81 211.003045  66.041801    88.530    88.530  2 55456.25040485 50.379
  82 211.000796  66.043164    87.494    87.494  2 55466.16604715 37.661
  83 211.000248  66.043009    86.996    86.986  3 55476.08168654 40.634
  84 211.002290  66.041547    86.455    86.455  2 55485.99732304 45.601
  85 211.000544  66.040360    86.539    86.539  2 55495.91295705 45.691
  86 211.001888  66.040945    85.733    85.774  3 55505.82859194 42.651
  87 211.000564  66.042712    85.675    85.675  2 55515.74424234 45.467
  88 211.002220  66.044428    86.990    87.012  3 55525.65989209 34.563
  89 211.000721  66.045100    87.835    86.790  3 55535.57553959 24.875
  90 211.002634  66.044666    88.632    88.632  2 55545.49118533 24.845
  91 211.000838  66.044477    87.115    87.115  2 55555.40682887 32.987
  92 211.001157  66.044790    87.049    86.973  3 55565.32247166 23.152
  93 211.001232  66.045017    90.468    90.468  2 55575.23811381 22.475
  94 211.000372  66.044297    87.320    87.320  2 55585.15375425 21.695
  95 211.001825  66.042814    89.705    90.157  3 55595.06939159 21.372
  96 211.002130  66.041534    89.052    89.052  2 55604.98502557 21.556
  97 211.001588  66.041218    91.085    91.237  3 55614.90065739 18.556
  98 211.000152  66.041876    90.969    90.916  3 55624.81629694 16.108
  99 211.000889  66.042431    90.875    90.875  2 55634.73194944 15.680
 100 210.999933  66.042564    90.887    90.887  2 55644.64759959 14.591
 101 211.001697  66.041976    90.831    90.831  2 55654.56324720 14.739
 102 211.000804  66.041204    91.037    91.037  2 55664.47889004 13.975
 103 211.002179  66.040946    91.063    91.063  2 55674.39453010  8.970
 104 211.002982  66.041684    86.947    86.947  2 55684.31016848 33.128
 105 210.999541  66.043230    88.771    88.771  2 55694.22580523 40.999
 106 211.002135  66.044414    89.185    89.185  2 55704.14144114 47.732
 107 211.002564  66.044784    93.101    93.101  2 55714.05708714 37.707
 108 211.001250  66.044735    90.506    90.532  3 55723.97273613 49.536
 109 211.001263  66.044823    90.105    90.077  3 55733.88838329 49.531
 110 210.999271  66.045136    90.785    90.785  2 55743.80402900 32.296
 111 211.001972  66.044776    90.149    90.149  2 55753.71967371 33.183
 112 211.000377  66.043609    90.683    90.647  3 55763.63531576 41.150
 113 211.000096  66.042013    89.762    89.671  3 55773.55095513 32.058
 114 211.001534  66.040802    89.509    89.509  2 55783.46659124 31.298
 115 211.001880  66.041298    91.426    91.426  2 55793.38222473 20.769
 116 210.999660  66.042638    90.295    90.295  2 55803.29786002 45.221
 117 211.000449  66.043217    89.133    89.133  2 55813.21350984 46.536
 118 211.001069  66.042628    89.052    89.052  2 55823.12915783 51.152
 119 211.001963  66.041494    88.343    88.343  2 55833.04480109 53.037
 120 211.000345  66.040977    88.153    88.153  2 55842.96043985 47.485
 121 211.000874  66.041631    87.265    87.265  2 55852.87607573 47.166
 122 211.003089  66.043256    86.984    86.984  2 55862.79171132 45.482
 123 211.000886  66.044459    85.810    85.933  3 55872.70736532 45.265
 133 211.001517  66.041249    89.977    89.977  2 55971.86380324 16.770
 134 211.001512  66.043153    89.724    89.724  2 55981.77943932 16.395
 135 211.001890  66.043766    89.539    89.573  3 55991.69507403 15.479
 136 211.000252  66.042792    89.569    89.569  2 56001.61072063 16.101
 137 211.002307  66.040909    88.624    89.316  3 56011.52637094 15.562
 138 211.001542  66.040442    90.097    90.097  2 56021.44201723 15.020
 139 211.000923  66.041684    85.302    85.302  2 56031.35766058 20.392
 141 211.002693  66.045144    88.540    88.540  2 56051.18894114 40.315
 142 211.001001  66.045379    89.410    89.410  2 56061.10457733 34.415
 143 211.001907  66.044463    90.059    90.027  3 56071.02021533 47.367
 144 211.001390  66.043970    92.059    92.059  2 56080.93586597 36.985
 145 211.001498  66.044459    90.807    90.595  3 56090.85151400 32.666
 146 210.999816  66.045495    90.751    90.751  2 56100.76715946 47.763
 147 211.001289  66.045139    90.450    90.283  3 56110.68279107 48.404
 148 211.000448  66.043304    91.575    91.611  3 56120.59843082 47.630
 149 211.000771  66.040982    90.766    90.766  2 56130.51406699 46.293
 150 210.999828  66.040137    90.037    90.187  3 56140.42970053 46.847
 151 211.002580  66.041275    89.097    89.097  2 56150.34535173 47.659
 152 211.003051  66.043355    89.300    89.300  2 56160.26100081 25.862
 153 211.000740  66.044277    88.479    88.479  2 56170.17664811 44.810
 154 211.002845  66.042935    88.841    88.841  2 56180.09229207 47.897
 155 210.999800  66.041206    88.456    88.456  2 56190.00793152 46.861
 156 210.999640  66.040622    88.910    88.910  2 56199.92356824 45.277
 157 211.000081  66.042345    88.252    88.399  3 56209.83920248 47.752
 158 211.001933  66.044881    87.390    87.125  3 56219.75483501 45.661
 159 210.999805  66.046487    85.617    85.617  2 56229.67048361 44.160
 160 211.003195  66.045825    86.339    86.339  2 56239.58613739 47.301
 161 211.001745  66.044660    86.951    86.951  2 56249.50178683 43.700
 162 211.001937  66.043761    87.090    87.008  3 56259.41743156 39.166
 163 211.000957  66.044310    86.962    86.962  2 56269.33307339 37.748
 164 210.999150  66.045071    86.721    86.721  2 56279.24871341 43.052
 165 211.000077  66.045012    86.959    86.959  2 56289.16436390 39.667
 166 211.002399  66.043122    86.539    86.539  2 56299.08001262 33.280
 167 210.999462  66.040963    86.198    86.198  2 56308.99565691 31.428
 168 211.000301  66.039873    86.154    86.148  3 56318.91129909 27.879
 169 211.002072  66.041126    86.204    86.035  3 56328.82694027 25.810
 170 211.002593  66.043252    86.038    86.038  2 56338.74258042 32.838
 171 211.000012  66.044514    86.066    86.066  2 56348.65821831 29.981
 172 211.000894  66.043520    85.949    85.949  2 56358.57385362 28.887
 173 211.000231  66.041535    85.955    85.927  3 56368.48950410 24.013
 175 211.000812  66.042452    85.712    85.712  2 56388.32079750 24.985
 176 211.001252  66.044966    85.916    85.916  2 56398.23644087 23.470
 177 210.999340  66.046561    85.925    85.925  2 56408.15208163 25.364
 178 211.000379  66.046225    86.214    86.214  2 56418.06771856 24.535
 179 210.999109  66.044994    85.973    85.973  2 56427.98335065 28.016
 180 211.000502  66.043881    92.632    92.719  3 56437.89900460 47.750
 181 210.999681  66.043959    94.587    94.587  2 56447.81465590 40.296
 182 211.001382  66.044556    93.087    93.087  2 56457.73030521 51.948
 183 211.000451  66.044285    90.322    90.322  2 56467.64595104 50.450
 184 211.002589  66.042919    89.809    89.809  2 56477.56159312 37.821
 185 211.001337  66.041257    89.816    89.792  3 56487.47723113 48.446
 187 211.001002  66.041798    89.846    89.846  2 56507.30850077 49.385
 188 211.002008  66.043560    88.488    88.430  3 56517.22413736 51.433
 189 211.000251  66.044255    88.526    88.526  2 56527.13979153 46.921
 190 211.000210  66.043660    92.859    92.859  2 56537.05544164 22.877
 192 211.003008  66.041976    88.799    88.799  2 56556.88673179 39.049
 193 211.002597  66.043200    88.847    88.847  2 56566.80237435 49.187
 194 211.001375  66.045313    87.921    87.947  3 56576.71801548 47.632
 195 211.002452  66.046561    87.303    87.303  2 56586.63365344 48.521
 196 211.000349  66.046413    87.424    87.424  2 56596.54929266 44.334
 197 211.001350  66.045042    86.954    86.954  2 56606.46494482 44.639
 198 211.001129  66.044097    86.756    86.704  3 56616.38059197 33.747
 199 211.000180  66.043997    89.487    89.487  2 56626.29623551 23.674
 200 211.001228  66.044120    87.252    87.210  3 56636.21187648 33.890
 201 210.999550  66.043936    88.548    88.548  2 56646.12751634 22.660
 202 211.000254  66.042800    89.415    89.251  3 56656.04316875 20.431
 203 211.001331  66.041461    89.347    89.347  2 56665.95881688 19.370
 205 211.001571  66.042068    89.718    89.718  2 56685.79010658 18.625
 206 211.003090  66.043183    88.879    88.879  2 56695.70574902 19.060
 207 211.003301  66.043701    88.935    88.935  2 56705.62138683 17.687
 208 211.003061  66.043338    88.812    88.812  2 56715.53701912 17.696
 209 211.000858  66.042694    74.326    74.189  3 56725.45267216 14.360
 211 211.001950  66.044356    88.746    88.746  2 56745.28396814 16.536
 212 211.001607  66.045726    89.053    89.053  2 56755.19961009 15.851
 213 211.003555  66.046086    85.706    85.706  2 56765.11524667 16.343
 214 211.001835  66.045502    87.783    86.203  3 56775.03088453 33.264
 215 211.001307  66.044683    91.005    91.005  2 56784.94654134 46.439
 216 211.000112  66.044370    91.029    91.029  2 56794.86219445 40.892
 217 210.999950  66.044289    89.678    89.678  2 56804.77784389 35.205
 219 211.001113  66.042817    90.186    90.033  3 56824.60912538 46.414
 220 211.000339  66.041962    74.245    74.245  2 56834.52476038 20.646
 221 211.000771  66.041919    90.788    91.011  3 56844.44039207 48.107
 222 211.001655  66.042544    89.478    89.478  2 56854.35603645 30.081
 223 211.000188  66.043286    89.264    89.264  2 56864.27169002 38.955
 224 210.999959  66.043485    89.180    89.180  2 56874.18734305 35.744
 225 211.001661  66.043152    88.901    88.901  2 56884.10299310 36.854
 226 211.001318  66.042826    89.255    89.187  3 56894.01863976 22.821
 227 211.000806  66.043049    91.495    91.495  2 56903.93428320 22.563
 228 211.000460  66.044168    89.040    89.040  2 56913.84992463 47.237
 229 211.001307  66.045442    90.201    88.684  3 56923.76556444 24.507
 230 210.999749  66.046314    88.268    88.268  2 56933.68120150 35.752
 231 211.001698  66.046037    88.237    87.917  3 56943.59683361 44.711
 232 210.999331  66.045064    88.216    88.216  2 56953.51248011 45.182
 233 211.001641  66.044156    87.473    87.454  3 56963.42813064 42.100
 234 211.001217  66.044335    86.204    86.204  2 56973.34377610 45.650
 235 210.999887  66.044860    86.506    86.506  2 56983.25941715 37.313
 236 210.999583  66.044532    87.208    87.208  2 56993.17505358 36.734
 237 211.001031  66.043009    87.226    87.226  2 57003.09068994 31.876
 238 211.000421  66.041404    87.948    87.948  2 57013.00634659 31.407
 239 211.001343  66.041090    87.555    87.555  2 57022.92199792 32.548
 240 211.000961  66.042588    86.941    86.929  3 57032.83764647 21.773
 241 211.001793  66.043993    86.626    86.626  2 57042.75329292 22.841
