#   10.130  -0.083   0.598 ;Mean Elev.(m), Avg Gradient(m/km), RMS Gradient(m/km)
   1 195.902177  62.676443     2.223     2.161  9 54661.12761996 28.568
   2 195.901020  62.676138     1.990     1.915  8 54671.04326528 25.520
   3 195.902049  62.676525     2.332     2.215  9 54680.95890920 22.752
   4 195.901987  62.677874     1.907     1.891  8 54690.87455180 29.038
   5 195.901119  62.679087     1.968     1.946  8 54700.79019208 25.951
   6 195.901273  62.677844     1.952     1.837  9 54710.70583855 25.253
   7 195.903168  62.674899     1.888     1.817  8 54720.62149032 26.323
   8 195.903959  62.672162     1.438     1.353  8 54730.53713931 30.780
   9 195.906435  62.670545     1.382     1.421  8 54740.45278666 30.763
  10 195.905028  62.671081     2.044     2.071  8 54750.36843337 24.775
  11 195.905931  62.671293     1.260     1.317  8 54760.28408013 41.260
  12 195.905315  62.671382     1.281     1.292  8 54770.19972439 34.882
  13 195.906836  62.670554     0.393     0.382  9 54780.11536567 31.226
  14 195.907067  62.670025     0.492     0.402  8 54790.03100430 30.711
  15 195.906616  62.670746     0.186     0.189  9 54799.94664173 28.218
  17 195.902725  62.675326     0.585     0.575  8 54819.77791727 21.948
  18 195.903299  62.675292     0.936     0.953  8 54829.69356971 15.102
  19 195.901702  62.675217     0.913     0.878  8 54839.60920844 14.661
  20 195.905139  62.673961     2.253     2.210  8 54849.52485798 14.450
  21 195.903452  62.674762     1.790     1.684  8 54859.44050630 15.804
  22 195.903400  62.675276     1.956     1.962  9 54869.35615490 15.228
  23 195.904417  62.674412     2.376     2.368  8 54879.27180270 12.849
  24 195.906053  62.672333     2.584     2.601  8 54889.18744755 13.519
  25 195.905916  62.670216     3.108     3.145  8 54899.10308907 12.462
  26 195.908605  62.668807     3.222     3.180  8 54909.01872846 12.894
  27 195.907414  62.670105     3.211     3.113  8 54918.93436601 11.857
  28 195.905992  62.671885     3.277     3.226  8 54928.85000329 12.459
  29 195.904628  62.672679     3.145     2.972  9 54938.76563989 11.748
  30 195.905705  62.672102     1.179     1.157  9 54948.68127517 40.429
  31 195.906163  62.671587     1.316     1.004  9 54958.59691211 34.497
  32 195.905641  62.671527     2.710     2.755  9 54968.51256061 41.620
  33 195.903504  62.672920     3.698     3.673  8 54978.42820763 28.418
  34 195.903073  62.673837     3.330     3.261  8 54988.34385481 27.351
  35 195.904379  62.673658     3.188     3.223  9 54998.25950239 25.529
  36 195.904613  62.673583     2.964     2.998  8 55008.17514808 26.863
  37 195.905294  62.673667     2.374     2.336  8 55018.09079188 36.963
  38 195.902765  62.675217     2.163     2.216  8 55028.00643389 36.084
  39 195.902205  62.676584     2.041     1.974  9 55037.92207564 26.358
  40 195.901156  62.677725     1.710     1.735  8 55047.83771630 28.709
  41 195.901372  62.677109     1.533     1.590  8 55057.75335530 29.346
  42 195.904111  62.674474     1.652     1.591  8 55067.66899361 28.759
  43 195.906655  62.671093     1.522     1.531  8 55077.58464444 28.203
  44 195.906899  62.670038     1.757     1.578  8 55087.50029231 29.019
  45 195.905534  62.671133     1.528     1.516  8 55097.41593814 31.320
  46 195.905309  62.672274     1.431     1.450  8 55107.33158361 31.150
  47 195.905591  62.671923     1.601     1.522  9 55117.24722863 32.908
  48 195.906005  62.670235     1.935     1.978  8 55127.16287150 27.250
  49 195.907286  62.668634     0.914     0.866  9 55137.07851219 41.353
  50 195.907765  62.669055     1.715     1.702  8 55146.99415077 33.048
  51 195.906618  62.671781     0.879     0.876  8 55156.90978834 20.494
  52 195.903007  62.674966     1.092     1.108  8 55166.82542565 15.796
  53 195.903999  62.675923     1.200     1.197  8 55176.74106326 26.321
  54 195.901112  62.676063     1.087     1.051  8 55186.65670591 31.594
  55 195.903576  62.674392     0.993     0.995  8 55196.57235735 32.134
  56 195.903578  62.674566     1.059     1.026  8 55206.48800713 25.709
  57 195.901849  62.676200     1.313     1.215  9 55216.40365594 24.616
  58 195.902236  62.676308     1.233     1.224  9 55226.31930447 24.567
  59 195.903982  62.674061     1.166     1.156  8 55236.23495095 23.189
  60 195.906692  62.670448     1.035     0.992  8 55246.15059428 23.211
  61 195.908875  62.667582     1.494     1.518  9 55256.06623486 19.374
  62 195.907678  62.668210     1.530     1.480  8 55265.98187357 18.143
  63 195.906791  62.670901     1.268     1.297  8 55275.89751140 18.133
  64 195.904162  62.673707     1.488     1.468  9 55285.81314816 16.984
  65 195.904266  62.673848     1.454     1.394  8 55295.72878345 16.960
  66 195.906680  62.671201     2.179     2.175  8 55305.64442359  9.364
  67 195.907160  62.668926     1.544     1.434  8 55315.56007099 12.752
  68 195.908419  62.669062     2.710     2.927  8 55325.47571659 22.227
  69 195.905042  62.672292     2.852     2.848  9 55335.39136017 35.227
  70 195.904693  62.674439     3.352     3.359  8 55345.30700374 28.200
  71 195.902232  62.675404     3.015     2.970  8 55355.22264626 26.008
  72 195.904122  62.674398     3.022     2.939  9 55365.13828738 24.657
  73 195.903267  62.674399     2.018     2.027  8 55375.05392659 25.468
  74 195.902287  62.675796     1.649     1.543  8 55384.96956462 31.328
  75 195.900816  62.677768     2.288     2.234  8 55394.88520171 22.629
  76 195.900991  62.678766     2.042     1.897  8 55404.80084076 25.739
  77 195.902111  62.676402     1.968     1.844  8 55414.71649273 27.320
  78 195.905180  62.672222     2.477     2.537  8 55424.63214196 22.410
  79 195.908450  62.668675     2.293     2.287  9 55434.54778847 29.911
  80 195.908160  62.668505     2.382     2.387  8 55444.46343275 25.234
  81 195.905139  62.671014     2.208     2.268  8 55454.37907532 23.812
  82 195.905120  62.673185     1.767     1.730  8 55464.29471740 27.214
  83 195.893430  62.676451     1.483     1.565  5 55474.21035574 57.414
  84 195.905297  62.671818     1.333     1.243  8 55484.12599415 32.791
  85 195.907926  62.669486     0.782     0.822  8 55494.04162941 41.776
  86 195.906629  62.670852     0.522     0.458  8 55503.95726285 40.450
  87 195.903390  62.673772     0.443     0.412  9 55513.87291084 31.124
  88 195.901966  62.676280     0.647     0.667  9 55523.78856013 33.182
  89 195.901072  62.676850     1.217     1.059  8 55533.70420797 21.552
  90 195.904270  62.674708     1.053     1.069  8 55543.61985463 19.574
  91 195.903314  62.673829     1.062     1.048  8 55553.53549879 19.682
  92 195.904698  62.673756     1.731     1.705  8 55563.45114189 13.404
  93 195.903272  62.675404     0.985     1.087  9 55573.36678388 28.351
  94 195.900689  62.676476     1.082     1.102  8 55583.28242445 27.114
  95 195.904609  62.674326     0.852     0.967  8 55593.19806257 29.725
  96 195.906145  62.672106     1.330     1.316  8 55603.11369715 13.909
  97 195.905539  62.671420     1.742     1.644  9 55613.02932935 15.058
  98 195.904972  62.672398     1.188     1.164  9 55622.94496525 16.272
  99 195.903917  62.673490     1.360     1.317  8 55632.86061799 17.589
 100 195.903319  62.674198     1.380     1.387  8 55642.77626858 17.543
 101 195.904315  62.673363     1.853     1.570  8 55652.69191660 14.963
 102 195.906210  62.670978     2.480     2.279  8 55662.60756064 12.250
 103 195.906712  62.669667     2.572     2.572  9 55672.52320133 12.170
 104 195.905566  62.670596     1.033     0.858  9 55682.43884007 38.444
 105 195.904818  62.673453     2.287     2.717  9 55692.35447707 24.438
 106 195.903167  62.676669     3.071     2.992  8 55702.27011235 44.747
 107 195.901282  62.678077     2.866     2.792  9 55712.18575469 25.159
 108 195.902712  62.676527     2.858     2.839  8 55722.10140446 38.693
 109 195.904069  62.675064     2.362     2.349  8 55732.01705223 24.817
 110 195.904404  62.674611     2.170     1.951  8 55741.93269859 26.274
 111 195.902500  62.675185     2.317     2.224  9 55751.84834339 24.721
 112 195.903440  62.674748     2.267     2.267  9 55761.76398626 26.888
 113 195.902901  62.674023     2.218     2.166  8 55771.67962618 23.278
 114 195.904099  62.672206     2.282     2.272  8 55781.59526286 21.611
 115 195.904789  62.671718     2.213     2.106  8 55791.51089667 22.999
 116 195.904078  62.673170     1.959     1.810  8 55801.42652884 25.790
 117 195.903883  62.673907     2.095     2.051  9 55811.34217882 24.239
 118 195.903717  62.674425     2.163     2.173  9 55821.25782728 26.827
 119 195.902704  62.674367     1.734     1.657  8 55831.17347098 27.529
 120 195.903642  62.673085     1.688     1.589  8 55841.08911043 27.422
 121 195.905519  62.672132     1.417     1.506  9 55851.00474694 31.239
 122 195.903688  62.674041     1.147     0.843  8 55860.92038084 36.440
 123 195.901356  62.675694     0.347     0.355  8 55870.83603297 32.665
 133 195.907578  62.670386     2.300     2.304  8 55969.99247443 15.284
 134 195.905570  62.672646     2.254     2.236  8 55979.90811042 14.674
 135 195.903415  62.674572     2.503     2.453  8 55989.82374558 12.886
 136 195.904354  62.674106     2.595     2.548  9 55999.73938923 11.580
 137 195.905295  62.672248     2.620     2.664  9 56009.65504040 11.097
 138 195.906323  62.671031     2.673     2.574  8 56019.57068736 11.319
 139 195.905349  62.671436     3.143     3.137  8 56029.48633093  9.750
 141 195.902629  62.675079     1.793     1.747  9 56049.31761184 11.787
 142 195.902684  62.676564     1.139     1.127  8 56059.23324875 30.581
 143 195.901949  62.677567     3.250     3.205  8 56069.14888298 36.927
 144 195.901759  62.676633     3.340     3.388  8 56079.06453416 25.917
 145 195.902783  62.675788     2.937     2.932  8 56088.98018277 38.049
 146 195.904152  62.675577     3.048     3.016  8 56098.89582889 25.231
 147 195.901123  62.675885     2.704     2.723  8 56108.81147222 36.586
 148 195.903383  62.673947     2.632     2.505  9 56118.72710183 28.120
 149 195.904827  62.672181     2.297     2.175  8 56128.64273925 38.378
 150 195.905130  62.671742     2.661     2.609  8 56138.55837292 22.176
 151 195.905383  62.672086     2.413     2.232  8 56148.47402060 25.623
 152 195.903379  62.673874     1.715     1.840  8 56158.38966924 28.786
 153 195.903061  62.674520     2.104     2.015  8 56168.30531702 27.232
 154 195.904704  62.673071     2.127     2.160  8 56178.22096227 26.485
 155 195.904264  62.671844     2.568     2.397  8 56188.13660283 25.651
 156 195.906559  62.670993     2.502     2.628  9 56198.05224019 25.384
 157 195.903542  62.673708     2.633     2.683  9 56207.96787388 26.162
 158 195.900808  62.677445     2.442     2.451  8 56217.88350592 29.089
 159 195.898844  62.679421     1.316     1.358  8 56227.79914997 47.887
 160 195.899476  62.678307     0.777     0.789  8 56237.71480460 36.095
 161 195.903716  62.675641     0.745     0.482  8 56247.63045585 25.927
 162 195.903576  62.674828     1.255     1.344  8 56257.54610146 20.558
 163 195.901102  62.676119     1.403     1.401  8 56267.46174323 18.052
 164 195.903591  62.676270     1.681     1.597  8 56277.37738385 17.251
 165 195.903386  62.675646     1.651     1.567  8 56287.29303184 14.927
 166 195.905487  62.672599     1.679     1.763  8 56297.20868167 16.285
 167 195.907111  62.669512     1.218     1.267  8 56307.12432752 29.102
 168 195.907205  62.668551     1.590     1.610  9 56317.03997019 14.182
 169 195.905269  62.670783     1.938     1.971  8 56326.95561087 12.586
 170 195.902443  62.674123     2.309     2.236  8 56336.87125040 11.785
 171 195.904438  62.675067     2.340     2.231  8 56346.78688908 11.247
 172 195.902880  62.674840     2.710     2.669  8 56356.70252505 14.933
 173 195.906390  62.671382     2.899     2.938  8 56366.61817367  9.964
 176 195.902523  62.675358     2.745     2.707  8 56396.36511066 10.926
 177 195.901491  62.677413     2.541     2.629  9 56406.28075164 12.034
 178 195.900686  62.677861     2.599     2.458  8 56416.19638932 12.043
 179 195.901236  62.677092     1.704     1.691  8 56426.11202253 20.668
 180 195.904003  62.674795     1.189     1.171  8 56436.02767281 49.417
 181 195.904074  62.674211     3.248     3.225  9 56445.94332471 46.597
 182 195.901835  62.675478     3.224     3.284  8 56455.85897387 28.085
 183 195.904687  62.674437     3.339     3.286  8 56465.77462068 24.757
 184 195.904613  62.672710     3.149     3.037  9 56475.69026348 24.030
 185 195.906964  62.669966     2.504     2.587  9 56485.60590306 24.819
 187 195.904213  62.672499     2.163     2.164  9 56505.43717306 23.547
 188 195.902555  62.676578     1.802     1.814  8 56515.35280532 33.200
 189 195.901619  62.677235     1.712     1.725  9 56525.26845885 32.302
 190 195.904510  62.674754     1.436     1.465  8 56535.18411014 36.164
 192 195.906187  62.670757     1.760     1.836  9 56555.01540199 36.624
 193 195.903842  62.673124     1.825     1.616  9 56564.93104434 25.602
 194 195.902274  62.676582     2.000     1.896  9 56574.84668534 35.265
 195 195.898451  62.679788     2.336     2.424  8 56584.76232330 29.031
 196 195.899638  62.679722     1.858     1.800  8 56594.67795921 48.244
 197 195.903308  62.676086     1.673     1.682  8 56604.59361299 37.816
 198 195.904019  62.674005     1.144     1.091  8 56614.50926149 49.679
 199 195.904750  62.673962     1.017     0.714  8 56624.42490586 31.270
 200 195.902423  62.675409     1.393     1.435  8 56634.34054697 41.895
 201 195.902358  62.676307     0.889     0.889  9 56644.25618345 36.620
 202 195.904697  62.673512     0.793     0.810  8 56654.17183687 25.734
 203 195.906502  62.670533     1.032     1.078  8 56664.08748605 27.411
 205 195.906835  62.670381     1.072     1.135  9 56683.91877708 46.119
 206 195.903529  62.673503     0.909     0.902  8 56693.83441932 36.849
 207 195.904188  62.675283     1.750     1.592  8 56703.75005773 25.636
 208 195.902161  62.675915     0.850     0.840  9 56713.66569071 29.600
 209 195.904744  62.672937     1.206     1.220  8 56723.58134053 19.791
 210 195.904551  62.671560     0.942     0.940  8 56733.49699128 19.607
 211 195.904317  62.672937     1.068     1.069  8 56743.41263823 20.234
 212 195.903253  62.675894     1.031     0.987  8 56753.32828058 20.296
 213 195.898478  62.679259     0.881     0.919  8 56763.24391718 44.068
 214 195.900123  62.679145     1.112     1.173  9 56773.15955027 42.450
 215 195.902612  62.675583     1.653     1.676  8 56783.07520840 43.419
 216 195.904935  62.672797     2.290     2.182  8 56792.99086281 23.222
 217 195.904710  62.672075     2.249     2.232  9 56802.90651405 25.028
 218 195.906098  62.672360     2.312     2.315  8 56812.82215741 56.652
 219 195.905672  62.672740     2.392     2.333  8 56822.73779704 21.539
 220 195.905939  62.672308     2.361     2.271  8 56832.65343261 23.413
 221 195.905071  62.672270     1.978     1.890  9 56842.56906459 25.758
 222 195.904705  62.672455     2.346     2.293  9 56852.48470442 22.034
 223 195.903424  62.672853     2.313     2.306  8 56862.40035834 21.563
 224 195.904961  62.673209     2.429     2.273  9 56872.31601194 23.108
 225 195.904619  62.673491     2.281     2.214  8 56882.23166229 23.464
 226 195.904535  62.672987     2.135     2.178  8 56892.14730915 48.071
 227 195.905560  62.671687     1.925     1.950  9 56902.06295317 24.865
 228 195.905959  62.671763     1.820     1.662  9 56911.97859511 25.042
 229 195.903124  62.673977     1.657     1.603  8 56921.89423498 31.951
 230 195.902929  62.676379     1.691     1.718  8 56931.80987286 43.769
 231 195.898681  62.679155     2.285     2.294  8 56941.72550517 24.955
 232 195.900742  62.678295     1.306     1.253  8 56951.64114749 47.739
 233 195.903363  62.675521     1.387     1.398  8 56961.55679926 46.408
 234 195.903400  62.674258     1.204     1.168  9 56971.47244563 43.165
 235 195.904813  62.673898     1.031     1.012  8 56981.38808790 39.853
 236 195.902665  62.675085     0.864     0.863  9 56991.30372522 31.981
 237 195.903114  62.675596     0.856     0.770  9 57001.21935648 23.624
 238 195.904345  62.673209     1.283     1.255  9 57011.13501440 22.277
 239 195.905614  62.671376     1.101     1.127  9 57021.05066645 29.447
 240 195.905248  62.671474     0.759     0.785  9 57030.96631533 26.795
 241 195.905567  62.672191     1.108     1.077  9 57040.88196241 20.531
