#   32.005 -68.832  63.930 ;Mean Elev.(m), Avg Gradient(m/km), RMS Gradient(m/km)
   1    35.386 54659.09646451 16.58 202.060752  64.819589  9.159 -100.00 -100.00 -100.00
   1    36.421 54659.09646510 17.80 202.066592  64.818746 10.452 -100.00 -100.00 -100.00
   1    36.838 54659.09646569 19.29 202.072431  64.817903 12.578 -100.00 -100.00 -100.00
   1    37.134 54659.09646628 24.89 202.078270  64.817060 19.615 -100.00 -100.00 -100.00
   3    13.586 54678.92775480  7.43 202.059762  64.819456  2.899 -100.00 -100.00 -100.00
   3    14.660 54678.92775539  7.53 202.065602  64.818613  2.812 -100.00 -100.00 -100.00
   3    15.772 54678.92775598  8.02 202.071441  64.817770  2.813 -100.00 -100.00 -100.00
   3    16.457 54678.92775657  7.66 202.077280  64.816926  2.972 -100.00 -100.00 -100.00
   4   122.694 54688.84339751  2.54 202.057670  64.821433  9.148 -100.00 -100.00 -100.00
   4   107.188 54688.84339810  5.93 202.063511  64.820590 12.745 -100.00 -100.00 -100.00
   4   125.028 54688.84339869  5.34 202.069350  64.819747 11.033 -100.00 -100.00 -100.00
   4   123.759 54688.84339928  1.29 202.075190  64.818903  6.888 -100.00 -100.00 -100.00
   5    15.280 54698.75903849  7.49 202.058381  64.822643  3.050 -100.00 -100.00 -100.00
   5    16.333 54698.75903908  8.22 202.064221  64.821800  3.971 -100.00 -100.00 -100.00
   5    17.186 54698.75903967  9.14 202.070061  64.820957  4.552 -100.00 -100.00 -100.00
   5    18.045 54698.75904026  9.00 202.075901  64.820114  3.648 -100.00 -100.00 -100.00
   6   127.514 54708.67468214  5.45 202.060267  64.821651  8.727 -100.00 -100.00 -100.00
   6   117.773 54708.67468273  9.21 202.066107  64.820808 12.269 -100.00 -100.00 -100.00
   7    20.998 54718.59033376 16.11 202.058434  64.819422  7.264 -100.00 -100.00 -100.00
   7    21.007 54718.59033435 16.90 202.064273  64.818579  8.846 -100.00 -100.00 -100.00
   7    19.355 54718.59033494 14.90 202.070112  64.817736  7.858 -100.00 -100.00 -100.00
   7    16.907 54718.59033553 11.47 202.075951  64.816893  5.319 -100.00 -100.00 -100.00
   9    97.674 54738.42163102 15.72 202.064151  64.814857   -100 -100.00 -100.00 -100.00
   9    94.683 54738.42163161 10.60 202.069989  64.814013 17.889 -100.00 -100.00 -100.00
   9    97.042 54738.42163220  8.91 202.075827  64.813170 20.041 -100.00 -100.00 -100.00
  10    83.734 54748.33727728 20.99 202.054959  64.816820   -100 -100.00 -100.00 -100.00
  10    84.192 54748.33727787 27.95 202.060798  64.815977 11.959 -100.00 -100.00 -100.00
  10    83.090 54748.33727846 26.99 202.066636  64.815134 13.928 -100.00 -100.00 -100.00
  10    82.261 54748.33727906 23.63 202.072475  64.814290   -100 -100.00 -100.00 -100.00
  10    81.907 54748.33727965 17.53 202.078312  64.813447   -100 -100.00 -100.00 -100.00
  11    98.798 54758.25292434 10.83 202.057112  64.817583 28.385 -100.00 -100.00 -100.00
  11    99.975 54758.25292493 23.22 202.062952  64.816740   -100 -100.00 -100.00 -100.00
  11    96.663 54758.25292552 22.02 202.068790  64.815897 21.410 -100.00 -100.00 -100.00
  11    97.098 54758.25292611 24.98 202.074629  64.815053 24.922 -100.00 -100.00 -100.00
  12    32.500 54768.16856926 41.53 202.059274  64.817568   -100 -100.00 -100.00 -100.00
  12    32.728 54768.16856985 45.16 202.065113  64.816725   -100 -100.00 -100.00 -100.00
  12    32.833 54768.16857044 45.05 202.070952  64.815881   -100 -100.00 -100.00 -100.00
  12    32.747 54768.16857103 42.48 202.076791  64.815037   -100 -100.00 -100.00 -100.00
  13    96.812 54778.08421059  6.24 202.058034  64.816716  9.223  259.92  257.99  255.46
  13    97.829 54778.08421118 12.40 202.063873  64.815873 13.722  259.92  257.99  255.46
  13    94.705 54778.08421177 13.59 202.069712  64.815029 16.383  259.92  257.99  255.46
  13    94.169 54778.08421236 14.05 202.075551  64.814186 27.562  259.92  257.99  255.46
  14    82.631 54787.99984939 13.53 202.055350  64.815784 19.592 -100.00 -100.00 -100.00
  14    83.533 54787.99984998 16.12 202.061190  64.814942 11.064 -100.00 -100.00 -100.00
  14    81.570 54787.99985057 18.71 202.067029  64.814098 16.587 -100.00 -100.00 -100.00
  14    81.098 54787.99985116 20.39 202.072868  64.813255 31.842 -100.00 -100.00 -100.00
  15    32.555 54797.91548772 34.13 202.058459  64.815189   -100 -100.00 -100.00 -100.00
  15    32.797 54797.91548831 36.25 202.064298  64.814346   -100 -100.00 -100.00 -100.00
  15    32.913 54797.91548890 34.86 202.070137  64.813503   -100 -100.00 -100.00 -100.00
  15    32.837 54797.91548949 33.03 202.075975  64.812659 31.761 -100.00 -100.00 -100.00
  17    32.745 54817.74676288 21.90 202.059092  64.819086 12.173 -100.00 -100.00 -100.00
  17    32.795 54817.74676347 22.13 202.064932  64.818243 13.584 -100.00 -100.00 -100.00
  17    33.751 54817.74676406 20.83 202.070772  64.817400  9.547 -100.00 -100.00 -100.00
  17    32.931 54817.74676465 19.86 202.076611  64.816557  8.508 -100.00 -100.00 -100.00
  18    32.920 54827.66241295 21.30 202.057776  64.820103 10.926 -100.00 -100.00 -100.00
  18    33.104 54827.66241354 21.37 202.063615  64.819260 11.904 -100.00 -100.00 -100.00
  18    33.071 54827.66241413 23.14 202.069455  64.818417 14.237 -100.00 -100.00 -100.00
  18    32.876 54827.66241472 22.67 202.075294  64.817574 14.593 -100.00 -100.00 -100.00
  19    32.725 54837.57805207 16.20 202.058032  64.819473  7.395 -100.00 -100.00 -100.00
  19    33.692 54837.57805266 17.53 202.063871  64.818630  8.924 -100.00 -100.00 -100.00
  19    34.186 54837.57805325 16.25 202.069711  64.817787  7.818 -100.00 -100.00 -100.00
  19    35.108 54837.57805384 16.52 202.075550  64.816944  7.204 -100.00 -100.00 -100.00
  21    32.972 54857.40935024 10.79 202.058134  64.819140  6.392 -100.00 -100.00 -100.00
  21    33.780 54857.40935083 10.92 202.063973  64.818297  6.619 -100.00 -100.00 -100.00
  21    34.851 54857.40935142  9.91 202.069812  64.817453  5.168 -100.00 -100.00 -100.00
  21    35.089 54857.40935201 10.32 202.075651  64.816610  5.416 -100.00 -100.00 -100.00
  22    32.133 54867.32499916 12.00 202.059816  64.819718  7.722 -100.00 -100.00 -100.00
  22    32.989 54867.32499975 12.39 202.065656  64.818874  8.330 -100.00 -100.00 -100.00
  22    33.644 54867.32500034 12.05 202.071495  64.818031  7.281 -100.00 -100.00 -100.00
  22    34.212 54867.32500093 11.86 202.077333  64.817187  6.550 -100.00 -100.00 -100.00
  23    34.217 54877.24064736  9.44 202.060461  64.819660  4.859 -100.00 -100.00 -100.00
  23    34.852 54877.24064795  9.62 202.066301  64.818816  4.567 -100.00 -100.00 -100.00
  23    35.638 54877.24064854 10.15 202.072140  64.817973  5.140 -100.00 -100.00 -100.00
  23    35.623 54877.24064913 10.46 202.077978  64.817129  5.255 -100.00 -100.00 -100.00
  24    35.364 54887.15629260 10.30 202.060828  64.818624  4.402  244.48  239.32  229.73
  24    35.428 54887.15629319 11.59 202.066667  64.817781  5.528  244.48  239.32  229.73
  24    36.145 54887.15629378 10.97 202.072506  64.816937  4.808  244.48  239.32  229.73
  24    36.746 54887.15629437 11.23 202.078345  64.816094  5.375  244.48  239.32  229.73
  25    35.583 54897.07193424  8.96 202.058440  64.816959  4.316  241.27  234.53  225.75
  25    35.814 54897.07193483  9.07 202.064279  64.816116  4.798  241.27  234.53  225.75
  25    36.210 54897.07193543  8.79 202.070118  64.815273  3.688  241.27  234.53  225.75
  25    36.756 54897.07193602  9.00 202.075957  64.814429  3.534  241.27  234.53  225.75
  26    35.960 54906.98757360  7.54 202.059408  64.815341  3.885  240.49  233.09  223.65
  26    36.553 54906.98757419  7.93 202.065247  64.814498  4.397  240.49  233.09  223.65
  26    37.081 54906.98757478  8.08 202.071085  64.813654  3.663  240.49  233.09  223.65
  26    37.558 54906.98757537  7.99 202.076923  64.812811  3.510  240.49  233.09  223.65
  27    33.596 54916.90321160  6.93 202.059512  64.815365  3.352 -100.00 -100.00 -100.00
  27    34.789 54916.90321219  7.33 202.065351  64.814522  3.494 -100.00 -100.00 -100.00
  27    35.888 54916.90321278  6.97 202.071189  64.813678  2.871 -100.00 -100.00 -100.00
  27    36.578 54916.90321337  6.82 202.077027  64.812834  2.709 -100.00 -100.00 -100.00
  28    31.571 54926.81884930  7.05 202.058503  64.816545  2.863 -100.00 -100.00 -100.00
  28    32.636 54926.81884989  7.47 202.064342  64.815702  3.273 -100.00 -100.00 -100.00
  28    34.113 54926.81885048  7.62 202.070181  64.814858  3.564 -100.00 -100.00 -100.00
  28    35.601 54926.81885107  7.47 202.076019  64.814014  2.877 -100.00 -100.00 -100.00
  29    35.959 54936.73448652  8.11 202.058778  64.817419  4.079 -100.00 -100.00 -100.00
  29    35.880 54936.73448711  8.69 202.064617  64.816576  4.727 -100.00 -100.00 -100.00
  29    36.650 54936.73448770  8.29 202.070456  64.815733  3.583 -100.00 -100.00 -100.00
  29    37.317 54936.73448829  8.44 202.076294  64.814890  3.976 -100.00 -100.00 -100.00
  31   141.546 54956.56575515  1.57 202.058061  64.817316  4.541 -100.00 -100.00 -100.00
  31   144.572 54956.56575574  0.22 202.063900  64.816473  3.666 -100.00 -100.00 -100.00
  31   145.780 54956.56575633  2.10 202.069738  64.815630  5.901 -100.00 -100.00 -100.00
  31   145.086 54956.56575692  0.74 202.075576  64.814787  4.248 -100.00 -100.00 -100.00
  32    87.973 54966.48140372  9.70 202.056431  64.816509  9.469 -100.00 -100.00 -100.00
  32    88.023 54966.48140431 14.10 202.062270  64.815667 16.171 -100.00 -100.00 -100.00
  32    88.887 54966.48140490 14.25 202.068108  64.814824 13.739 -100.00 -100.00 -100.00
  32   108.155 54966.48140549 18.03 202.073946  64.813981 22.036 -100.00 -100.00 -100.00
  33   129.117 54976.39705129  0.89 202.055565  64.816654  3.307  260.42  262.14  262.06
  33   129.616 54976.39705188  0.44 202.061404  64.815811  2.901  260.42  262.14  262.06
  38    98.574 55025.97527913 19.51 202.058363  64.819401 18.110 -100.00 -100.00 -100.00
  38    98.275 55025.97527972 22.53 202.064203  64.818558 20.863 -100.00 -100.00 -100.00
  38    95.236 55025.97528031 24.95 202.070042  64.817715 27.487 -100.00 -100.00 -100.00
  38    95.744 55025.97528090 25.39 202.075881  64.816871 27.884 -100.00 -100.00 -100.00
  40    95.492 55045.80656240 19.68 202.058787  64.820799 21.891 -100.00 -100.00 -100.00
  40    95.975 55045.80656299 23.00 202.064627  64.819956 27.360 -100.00 -100.00 -100.00
  40    96.749 55045.80656358 24.87 202.070466  64.819113 24.398 -100.00 -100.00 -100.00
  40    96.757 55045.80656417 27.44 202.076305  64.818270   -100 -100.00 -100.00 -100.00
  41    81.558 55055.72220170 25.22 202.056866  64.820835 17.768 -100.00 -100.00 -100.00
  41    83.823 55055.72220229 30.25 202.062706  64.819992 21.362 -100.00 -100.00 -100.00
  41    83.429 55055.72220288 20.16 202.068546  64.819149   -100 -100.00 -100.00 -100.00
  41    81.785 55055.72220347 21.60 202.074385  64.818306   -100 -100.00 -100.00 -100.00
  46    94.831 55105.30042763 18.52 202.056672  64.817210 21.231  258.05  256.79  255.88
  46    95.561 55105.30042822 21.46 202.062511  64.816367 25.571  258.05  256.79  255.88
  46    95.695 55105.30042881 23.52 202.068349  64.815524 22.651  258.05  256.79  255.88
  46    92.559 55105.30042940 27.08 202.074187  64.814680 28.633  258.05  256.79  255.88
  47    97.551 55115.21607368  5.61 202.060291  64.816621  7.508 -100.00 -100.00 -100.00
  47    94.938 55115.21607427 11.25 202.066130  64.815777 17.271 -100.00 -100.00 -100.00
  47   100.654 55115.21607486  2.51 202.071968  64.814934  5.183 -100.00 -100.00 -100.00
  47   106.633 55115.21607545  9.19 202.077806  64.814090 11.240 -100.00 -100.00 -100.00
  48    97.343 55125.13171684  6.96 202.058621  64.816094 13.923 -100.00 -100.00 -100.00
  48    97.745 55125.13171743 10.62 202.064460  64.815251 19.647 -100.00 -100.00 -100.00
  48    94.146 55125.13171802 11.77 202.070299  64.814407 17.770 -100.00 -100.00 -100.00
  48    95.286 55125.13171861 16.15 202.076137  64.813564 19.605 -100.00 -100.00 -100.00
  50    32.614 55144.96299584 34.18 202.056447  64.815774 25.103 -100.00 -100.00 -100.00
  50    32.746 55144.96299643 37.18 202.062286  64.814931   -100 -100.00 -100.00 -100.00
  50    32.443 55144.96299702 36.52 202.068125  64.814088   -100 -100.00 -100.00 -100.00
  50    32.606 55144.96299761 39.23 202.073964  64.813244   -100 -100.00 -100.00 -100.00
  51    33.312 55154.87863351 24.10 202.054852  64.817122  9.986 -100.00 -100.00 -100.00
  51    33.035 55154.87863410 26.14 202.060692  64.816279 15.461 -100.00 -100.00 -100.00
  51    34.710 55154.87863469 24.53 202.066531  64.815436 10.451 -100.00 -100.00 -100.00
  51    35.527 55154.87863528 22.92 202.072370  64.814592  8.544 -100.00 -100.00 -100.00
  51    35.914 55154.87863587 23.70 202.078209  64.813749  8.223 -100.00 -100.00 -100.00
  52    33.845 55164.79427209 21.90 202.059428  64.817780  9.519  258.02  256.15  254.27
  52    34.194 55164.79427268 22.12 202.065268  64.816937 10.547  258.02  256.15  254.27
  52    34.673 55164.79427327 23.35 202.071107  64.816094 12.150  258.02  256.15  254.27
  52    35.589 55164.79427386 21.02 202.076946  64.815250  7.170  258.02  256.15  254.27
  53    33.827 55174.70991011 20.61 202.060333  64.818958  7.709 -100.00 -100.00 -100.00
  53    34.965 55174.70991070 20.06 202.066173  64.818115  5.826 -100.00 -100.00 -100.00
  53    35.600 55174.70991129 19.43 202.072012  64.817272  5.841 -100.00 -100.00 -100.00
  53    35.897 55174.70991188 20.30 202.077851  64.816429  6.615 -100.00 -100.00 -100.00
  54    33.890 55184.62554967 19.36 202.058101  64.819725  6.775 -100.00 -100.00 -100.00
  54    34.691 55184.62555026 18.30 202.063941  64.818882  5.168 -100.00 -100.00 -100.00
  54    35.059 55184.62555085 19.43 202.069780  64.818039  5.821 -100.00 -100.00 -100.00
  54    35.770 55184.62555144 19.12 202.075619  64.817196  6.150 -100.00 -100.00 -100.00
  55    33.317 55194.54120095 18.12 202.058761  64.819405  8.709 -100.00 -100.00 -100.00
  55    34.541 55194.54120154 17.31 202.064600  64.818562  7.144 -100.00 -100.00 -100.00
  55    35.313 55194.54120213 16.50 202.070439  64.817719  5.173 -100.00 -100.00 -100.00
  55    36.235 55194.54120272 16.30 202.076278  64.816876  5.032 -100.00 -100.00 -100.00
  56    33.192 55204.45685059 17.73 202.056627  64.819872  8.425 -100.00 -100.00 -100.00
  56    34.227 55204.45685118 17.29 202.062466  64.819029  8.600 -100.00 -100.00 -100.00
  56    34.197 55204.45685177 18.70 202.068305  64.818186  9.941 -100.00 -100.00 -100.00
  56    35.614 55204.45685236 18.12 202.074144  64.817343  7.738 -100.00 -100.00 -100.00
  57    33.856 55214.37249981 14.75 202.057552  64.820468  6.473 -100.00 -100.00 -100.00
  57    34.867 55214.37250040 13.55 202.063391  64.819625  5.101 -100.00 -100.00 -100.00
  57    35.273 55214.37250099 13.33 202.069231  64.818781  4.294 -100.00 -100.00 -100.00
  57    35.951 55214.37250158 13.52 202.075070  64.817938  3.902 -100.00 -100.00 -100.00
  58    33.652 55224.28814843 13.56 202.057165  64.820582  6.815 -100.00 -100.00 -100.00
  58    34.377 55224.28814902 13.26 202.063004  64.819739  5.342 -100.00 -100.00 -100.00
  58    35.292 55224.28814961 12.96 202.068844  64.818896  5.473 -100.00 -100.00 -100.00
  58    35.934 55224.28815020 13.08 202.074683  64.818052  4.897 -100.00 -100.00 -100.00
  59    33.813 55234.20379536 12.80 202.056340  64.819272  6.211 -100.00 -100.00 -100.00
  59    34.320 55234.20379595 12.44 202.062179  64.818429  5.194 -100.00 -100.00 -100.00
  59    34.591 55234.20379654 12.36 202.068019  64.817585  4.494 -100.00 -100.00 -100.00
  59    36.012 55234.20379713 13.40 202.073857  64.816742  5.807 -100.00 -100.00 -100.00
  60    34.213 55244.11943954 12.89 202.059762  64.816486  4.983  255.30  250.58  235.64
  60    34.433 55244.11944013 12.91 202.065601  64.815643  4.761  255.30  250.58  235.64
  60    35.638 55244.11944072 12.78 202.071440  64.814799  4.747  255.30  250.58  235.64
  60    36.551 55244.11944131 13.33 202.077278  64.813955  4.949  255.30  250.58  235.64
  61    34.250 55254.03508030 12.75 202.059506  64.814707  4.954 -100.00 -100.00 -100.00
  61    34.757 55254.03508089 12.45 202.065345  64.813864  4.205 -100.00 -100.00 -100.00
  61    34.767 55254.03508148 13.40 202.071184  64.813020  4.913 -100.00 -100.00 -100.00
  61    35.835 55254.03508207 13.42 202.077022  64.812176  5.577 -100.00 -100.00 -100.00
  62    34.994 55263.95071899 12.01 202.058505  64.814901  4.325 -100.00 -100.00 -100.00
  62    35.394 55263.95071958 12.47 202.064344  64.814058  4.807 -100.00 -100.00 -100.00
  62    36.017 55263.95072017 12.33 202.070182  64.813214  3.977 -100.00 -100.00 -100.00
  62    36.364 55263.95072076 12.90 202.076020  64.812371  5.865 -100.00 -100.00 -100.00
  63    34.436 55273.86635684 13.04 202.059270  64.816548  5.513 -100.00 -100.00 -100.00
  63    34.875 55273.86635743 12.78 202.065109  64.815704  4.515 -100.00 -100.00 -100.00
  63    35.822 55273.86635802 12.83 202.070948  64.814861  4.006 -100.00 -100.00 -100.00
  63    35.962 55273.86635861 13.53 202.076786  64.814017  4.964 -100.00 -100.00 -100.00
  64    34.653 55283.78199434 10.68 202.060763  64.817680  4.658 -100.00 -100.00 -100.00
  64    35.049 55283.78199493 11.11 202.066602  64.816837  5.482 -100.00 -100.00 -100.00
  64    35.586 55283.78199552 10.59 202.072441  64.815993  4.461 -100.00 -100.00 -100.00
  64    36.247 55283.78199611 10.87 202.078279  64.815150  4.383 -100.00 -100.00 -100.00
  65    33.805 55293.69763008 10.77 202.057865  64.817822  4.464 -100.00 -100.00 -100.00
  65    34.745 55293.69763067 11.19 202.063704  64.816979  4.781 -100.00 -100.00 -100.00
  65    35.457 55293.69763126 10.84 202.069542  64.816136  4.183 -100.00 -100.00 -100.00
  65    35.921 55293.69763185 10.73 202.075380  64.815293  4.065 -100.00 -100.00 -100.00
  66    34.360 55303.61326700 12.10 202.055242  64.816770  5.512  254.19  246.77  229.41
  66    34.878 55303.61326759 11.76 202.061081  64.815927  5.415  254.19  246.77  229.41
  66    35.329 55303.61326818 12.44 202.066919  64.815084  5.918  254.19  246.77  229.41
  66    35.965 55303.61326877 11.69 202.072757  64.814241  5.026  254.19  246.77  229.41
  68   125.831 55323.44456014  2.91 202.056006  64.815853  3.720  260.38  258.33  251.84
  68   131.925 55323.44456073  2.38 202.061844  64.815010  3.221  260.38  258.33  251.84
  68   135.608 55323.44456132  3.36 202.067682  64.814168  4.416  260.38  258.33  251.84
  68   124.742 55323.44456191  3.47 202.073520  64.813324  4.346  260.38  258.33  251.84
  76    95.423 55402.76968413 12.05 202.055964  64.822222 14.070 -100.00 -100.00 -100.00
  76    95.891 55402.76968472 14.93 202.061805  64.821380 15.167 -100.00 -100.00 -100.00
  76    99.306 55402.76968532 19.89 202.067645  64.820537 17.322 -100.00 -100.00 -100.00
  76    99.497 55402.76968591 23.11 202.073484  64.819694 22.447 -100.00 -100.00 -100.00
  80    94.623 55442.43227721 18.23 202.059627  64.814975 24.331  266.27  266.13  265.12
  80    98.295 55442.43227781 16.37 202.065466  64.814132 17.592  266.27  266.13  265.12
  80    99.119 55442.43227840 22.30 202.071303  64.813289 26.955  266.27  266.13  265.12
  80    98.896 55442.43227899 21.51 202.077140  64.812445 21.588  266.27  266.13  265.12
  81    97.356 55452.34791996 18.83 202.057615  64.816894 19.807 -100.00 -100.00 -100.00
  81    97.729 55452.34792055 22.09 202.063454  64.816051 22.583 -100.00 -100.00 -100.00
  81    97.986 55452.34792114 24.75 202.069292  64.815208 27.376 -100.00 -100.00 -100.00
  81    98.574 55452.34792173 26.51 202.075130  64.814364 24.191 -100.00 -100.00 -100.00
  82   116.611 55462.26356207  1.20 202.057182  64.818472  5.912 -100.00 -100.00 -100.00
  82   120.331 55462.26356384  4.15 202.074698  64.815943  8.808 -100.00 -100.00 -100.00
  83    98.200 55472.17920267 13.94 202.057538  64.817912 13.861 -100.00 -100.00 -100.00
  83    94.918 55472.17920326 16.23 202.063377  64.817069 17.923 -100.00 -100.00 -100.00
  83    94.951 55472.17920385 18.94 202.069217  64.816226 21.195 -100.00 -100.00 -100.00
  83    95.451 55472.17920444 23.20 202.075055  64.815382 26.398 -100.00 -100.00 -100.00
  84    94.417 55482.09484064 18.95 202.059158  64.816048 21.356 -100.00 -100.00 -100.00
  84    94.699 55482.09484124 18.93 202.064998  64.815205 22.090 -100.00 -100.00 -100.00
  84    95.105 55482.09484183 23.19 202.070837  64.814362 24.650 -100.00 -100.00 -100.00
  84    95.005 55482.09484242 24.00 202.076675  64.813518   -100 -100.00 -100.00 -100.00
  85    31.829 55492.01047597 40.01 202.056833  64.815129   -100 -100.00 -100.00 -100.00
  85    31.772 55492.01047656 43.12 202.062672  64.814286   -100 -100.00 -100.00 -100.00
  85    31.687 55492.01047715 44.43 202.068511  64.813443 13.829 -100.00 -100.00 -100.00
  85    31.664 55492.01047774 44.25 202.074350  64.812599 19.600 -100.00 -100.00 -100.00
  86    31.223 55501.92610988 35.83 202.058980  64.815929   -100 -100.00 -100.00 -100.00
  86    31.480 55501.92611047 35.78 202.064820  64.815086   -100 -100.00 -100.00 -100.00
  86    31.378 55501.92611106 33.49 202.070659  64.814243 27.154 -100.00 -100.00 -100.00
  86    31.574 55501.92611165 32.33 202.076498  64.813400 25.019 -100.00 -100.00 -100.00
  87    31.296 55511.84175469 36.70 202.060459  64.817883   -100 -100.00 -100.00 -100.00
  87    31.230 55511.84175528 36.99 202.066299  64.817040   -100 -100.00 -100.00 -100.00
  87    31.431 55511.84175587 40.20 202.072138  64.816197   -100 -100.00 -100.00 -100.00
  87    31.388 55511.84175646 37.73 202.077977  64.815353   -100 -100.00 -100.00 -100.00
  88    32.235 55521.75740391 35.49 202.057341  64.820016   -100 -100.00 -100.00 -100.00
  88    32.365 55521.75740450 38.21 202.063181  64.819173   -100 -100.00 -100.00 -100.00
  88    32.679 55521.75740509 40.11 202.069021  64.818330   -100 -100.00 -100.00 -100.00
  88    32.538 55521.75740568 38.73 202.074860  64.817486   -100 -100.00 -100.00 -100.00
  89    32.700 55531.67305223 29.59 202.056532  64.820334 25.665 -100.00 -100.00 -100.00
  89    32.520 55531.67305282 30.62 202.062372  64.819491 26.175 -100.00 -100.00 -100.00
  89    32.676 55531.67305341 32.26 202.068211  64.818648 30.293 -100.00 -100.00 -100.00
  89    32.705 55531.67305400 29.70 202.074050  64.817804 23.837 -100.00 -100.00 -100.00
  90    32.276 55541.58869935 28.57 202.059460  64.818885 23.387 -100.00 -100.00 -100.00
  90    31.836 55541.58869994 32.50 202.065299  64.818042 32.514 -100.00 -100.00 -100.00
  90    32.336 55541.58870053 33.16 202.071138  64.817199   -100 -100.00 -100.00 -100.00
  90    32.243 55541.58870112 28.48 202.076977  64.816355 22.261 -100.00 -100.00 -100.00
  91    32.065 55551.50434365 26.83 202.055614  64.818727 21.092 -100.00 -100.00 -100.00
  91    32.277 55551.50434424 25.91 202.061453  64.817884 16.210 -100.00 -100.00 -100.00
  91    32.267 55551.50434483 31.98 202.067292  64.817041 30.587 -100.00 -100.00 -100.00
  91    32.316 55551.50434542 26.90 202.073131  64.816197 17.130 -100.00 -100.00 -100.00
  92    32.562 55561.41998705 18.06 202.058520  64.818859  8.865 -100.00 -100.00 -100.00
  92    32.638 55561.41998764 19.60 202.064359  64.818016  8.863 -100.00 -100.00 -100.00
  92    32.350 55561.41998823 19.86 202.070198  64.817173 10.553 -100.00 -100.00 -100.00
  92    32.445 55561.41998883 19.65 202.076036  64.816329 10.140 -100.00 -100.00 -100.00
  93    32.547 55571.33562922 19.37 202.057451  64.820406  9.552 -100.00 -100.00 -100.00
  93    32.322 55571.33562981 21.07 202.063291  64.819563 12.524 -100.00 -100.00 -100.00
  93    32.156 55571.33563040 21.01 202.069131  64.818720 12.507 -100.00 -100.00 -100.00
  93    32.115 55571.33563099 19.49 202.074970  64.817876  9.925 -100.00 -100.00 -100.00
  94    33.695 55581.25127072 14.98 202.060469  64.820416  5.868 -100.00 -100.00 -100.00
  94    34.547 55581.25127131 14.92 202.066309  64.819573  6.058 -100.00 -100.00 -100.00
  94    34.626 55581.25127190 15.80 202.072149  64.818730  7.585 -100.00 -100.00 -100.00
  94    35.244 55581.25127249 15.82 202.077988  64.817886  7.070 -100.00 -100.00 -100.00
  95    33.459 55591.16690875 14.35 202.058352  64.819164  6.595 -100.00 -100.00 -100.00
  95    33.818 55591.16690934 14.40 202.064192  64.818321  7.491 -100.00 -100.00 -100.00
  95    34.681 55591.16690993 14.02 202.070032  64.817478  6.390 -100.00 -100.00 -100.00
  95    34.951 55591.16691052 14.42 202.075871  64.816635  6.320 -100.00 -100.00 -100.00
  96    33.678 55601.08254398 14.45 202.059512  64.816529  6.429 -100.00 -100.00 -100.00
  96    33.695 55601.08254457 14.91 202.065351  64.815687  6.612 -100.00 -100.00 -100.00
  96    34.197 55601.08254516 15.41 202.071191  64.814843  7.176 -100.00 -100.00 -100.00
  96    35.014 55601.08254575 15.17 202.077029  64.814000  7.333 -100.00 -100.00 -100.00
  97    32.175 55610.99817674 16.14 202.058154  64.815311 10.373 -100.00 -100.00 -100.00
  97    34.018 55610.99817733 15.69 202.063993  64.814468  7.726 -100.00 -100.00 -100.00
  97    33.239 55610.99817792 16.27 202.069832  64.813625  9.253 -100.00 -100.00 -100.00
  97    34.670 55610.99817851 15.98 202.075671  64.812782  8.591 -100.00 -100.00 -100.00
  98    31.195 55620.91380859 18.55 202.059495  64.816229 11.669 -100.00 -100.00 -100.00
  98    33.200 55620.91380918 16.44 202.065335  64.815387  8.278 -100.00 -100.00 -100.00
  98    34.603 55620.91380977 16.18 202.071174  64.814544  6.626 -100.00 -100.00 -100.00
  98    35.237 55620.91381036 15.75 202.077013  64.813700  7.527 -100.00 -100.00 -100.00
  99    33.438 55630.82946141 15.70 202.059719  64.817961  7.305 -100.00 -100.00 -100.00
  99    33.103 55630.82946200 16.56 202.065559  64.817118 10.184 -100.00 -100.00 -100.00
  99    33.743 55630.82946259 16.71 202.071398  64.816275  8.804 -100.00 -100.00 -100.00
  99    35.459 55630.82946318 15.66 202.077237  64.815432  8.151 -100.00 -100.00 -100.00
 100    32.385 55640.74511221 16.68 202.059275  64.819090 10.771 -100.00 -100.00 -100.00
 100    33.091 55640.74511280 16.37 202.065114  64.818247  9.213 -100.00 -100.00 -100.00
 100    33.483 55640.74511339 16.65 202.070954  64.817404  9.605 -100.00 -100.00 -100.00
 100    34.415 55640.74511398 17.11 202.076792  64.816561 11.549 -100.00 -100.00 -100.00
 101    31.341 55650.66076046 19.59 202.058192  64.818246 14.747 -100.00 -100.00 -100.00
 101    31.378 55650.66076105 18.75 202.064031  64.817403 13.622 -100.00 -100.00 -100.00
 101    33.218 55650.66076164 17.66 202.069870  64.816560 12.469 -100.00 -100.00 -100.00
 101    31.485 55650.66076223 19.50 202.075708  64.815717 14.678 -100.00 -100.00 -100.00
 102    34.158 55660.57640538 11.98 202.058954  64.815643  5.869  251.16  245.63  232.49
 102    34.079 55660.57640597 13.05 202.064793  64.814800  7.122  251.16  245.63  232.49
 102    35.160 55660.57640656 12.79 202.070630  64.813957  6.068  251.16  245.63  232.49
 102    35.520 55660.57640715 13.27 202.076468  64.813114  5.717  251.16  245.63  232.49
 103    31.287 55670.49204627 15.84 202.054557  64.814896 10.553  249.00  242.98  230.19
 103    31.832 55670.49204686 15.22 202.060395  64.814053  8.826  249.00  242.98  230.19
 103    33.896 55670.49204745 14.69 202.066232  64.813210  7.994  249.00  242.98  230.19
 103    33.912 55670.49204804 14.09 202.072070  64.812367  6.425  249.00  242.98  230.19
 103    33.837 55670.49204863 16.02 202.077907  64.811524 10.294  249.00  242.98  230.19
 105    79.649 55690.32332295 11.28 202.055210  64.818739 16.419 -100.00 -100.00 -100.00
 105    79.516 55690.32332354  5.87 202.061049  64.817896 14.406 -100.00 -100.00 -100.00
 106    87.541 55700.23895885 17.26 202.056666  64.820913 18.379 -100.00 -100.00 -100.00
 106   107.823 55700.23895944 20.68 202.062506  64.820071 21.936 -100.00 -100.00 -100.00
 106   102.779 55700.23896003 21.84 202.068345  64.819228 22.589 -100.00 -100.00 -100.00
 106    81.204 55700.23896062 24.03 202.074184  64.818385   -100 -100.00 -100.00 -100.00
 109    97.361 55729.98589641 14.74 202.056910  64.819223 14.611 -100.00 -100.00 -100.00
 109    98.290 55729.98589700 20.96 202.062749  64.818380 23.264 -100.00 -100.00 -100.00
 109    98.743 55729.98589759 20.80 202.068589  64.817537 23.358 -100.00 -100.00 -100.00
 109    99.441 55729.98589818 23.82 202.074428  64.816694 25.674 -100.00 -100.00 -100.00
 110    97.056 55739.90154291 13.72 202.055616  64.819538 13.787 -100.00 -100.00 -100.00
 110    97.862 55739.90154350 17.01 202.061456  64.818696 14.655 -100.00 -100.00 -100.00
 110    97.938 55739.90154409 17.90 202.067295  64.817852 20.365 -100.00 -100.00 -100.00
 110    98.205 55739.90154468 21.61 202.073134  64.817009 26.414 -100.00 -100.00 -100.00
 112    99.163 55759.73283185 14.21 202.060400  64.819511 12.596 -100.00 -100.00 -100.00
 112    99.876 55759.73283245 16.22 202.066239  64.818668 14.465 -100.00 -100.00 -100.00
 112    99.202 55759.73283304 18.44 202.072078  64.817825 17.020 -100.00 -100.00 -100.00
 112    96.186 55759.73283363 23.27 202.077917  64.816982 27.816 -100.00 -100.00 -100.00
 115   101.879 55789.47974303  4.17 202.054665  64.816065  4.754  265.32  265.39  263.91
 115   100.389 55789.47974362  5.06 202.060504  64.815222  5.371  265.32  265.39  263.91
 115    97.568 55789.47974422 12.31 202.066342  64.814379 12.889  265.32  265.39  263.91
 115    98.418 55789.47974481 11.06 202.072180  64.813536 12.129  265.32  265.39  263.91
 115    99.142 55789.47974540 15.20 202.078017  64.812693 15.529  265.32  265.39  263.91
 116   111.381 55799.39537635 25.46 202.057576  64.816442 14.033  265.61  265.45  264.35
 116    77.189 55799.39537694 29.49 202.063415  64.815599   -100  265.61  265.45  264.35
 116   108.168 55799.39537753 30.98 202.069253  64.814756   -100  265.61  265.45  264.35
 116    75.927 55799.39537812 17.62 202.075091  64.813913   -100  265.61  265.45  264.35
 118    94.120 55819.22667156  8.95 202.057689  64.819236  7.889 -100.00 -100.00 -100.00
 118    94.196 55819.22667215 16.40 202.063528  64.818393 19.467 -100.00 -100.00 -100.00
 118    98.315 55819.22667274 16.92 202.069368  64.817550 12.851 -100.00 -100.00 -100.00
 118    98.787 55819.22667333 19.93 202.075207  64.816707 16.591 -100.00 -100.00 -100.00
 119   108.475 55829.14231688  1.77 202.065688  64.817803  5.607 -100.00 -100.00 -100.00
 119    93.291 55829.14231806  5.10 202.077366  64.816117  9.319 -100.00 -100.00 -100.00
 120    94.702 55839.05795621  8.65 202.057293  64.817357 14.150 -100.00 -100.00 -100.00
 120    96.323 55839.05795680 18.33 202.063133  64.816514 20.131 -100.00 -100.00 -100.00
 120    96.443 55839.05795739 16.17 202.068973  64.815671 20.544 -100.00 -100.00 -100.00
 121    77.708 55848.97359471  7.17 202.070764  64.814028 16.085 -100.00 -100.00 -100.00
 121    77.732 55848.97359530  5.29 202.076603  64.813185 11.766 -100.00 -100.00 -100.00
 122    94.552 55858.88922825 12.95 202.056510  64.817074 20.555 -100.00 -100.00 -100.00
 122    95.813 55858.88922884 20.16 202.062350  64.816231 22.825 -100.00 -100.00 -100.00
 122    96.135 55858.88922943 19.18 202.068189  64.815388 22.415 -100.00 -100.00 -100.00
 122    96.498 55858.88923002 23.46 202.074028  64.814545 24.903 -100.00 -100.00 -100.00
 123    31.822 55868.80487641 37.38 202.057058  64.819097 32.119 -100.00 -100.00 -100.00
 123    31.585 55868.80487700 39.27 202.062899  64.818254   -100 -100.00 -100.00 -100.00
 123    31.662 55868.80487759 42.99 202.068738  64.817411   -100 -100.00 -100.00 -100.00
 123    31.675 55868.80487818 40.50 202.074578  64.816568   -100 -100.00 -100.00 -100.00
 133    34.936 55967.96131969  9.64 202.055590  64.815822  4.590 -100.00 -100.00 -100.00
 133    35.381 55967.96132029  9.70 202.061430  64.814979  4.550 -100.00 -100.00 -100.00
 133    36.076 55967.96132088 10.25 202.067269  64.814136  4.469 -100.00 -100.00 -100.00
 133    36.410 55967.96132147 10.46 202.073107  64.813292  5.235 -100.00 -100.00 -100.00
 134    34.573 55977.87695657  9.98 202.056951  64.816674  3.572 -100.00 -100.00 -100.00
 134    34.983 55977.87695716 10.63 202.062790  64.815831  4.033 -100.00 -100.00 -100.00
 134    35.570 55977.87695775  9.91 202.068629  64.814988  2.992 -100.00 -100.00 -100.00
 134    36.418 55977.87695834 10.37 202.074468  64.814144  3.390 -100.00 -100.00 -100.00
 135    35.041 55987.79259286  9.29 202.059123  64.817920  3.148 -100.00 -100.00 -100.00
 135    35.687 55987.79259345  9.48 202.064962  64.817077  3.458 -100.00 -100.00 -100.00
 135    36.170 55987.79259404 10.43 202.070801  64.816234  4.233 -100.00 -100.00 -100.00
 135    36.836 55987.79259463 10.11 202.076640  64.815391  3.694 -100.00 -100.00 -100.00
 136    34.599 55997.70823248  9.48 202.058868  64.818737  4.434 -100.00 -100.00 -100.00
 136    35.282 55997.70823307  9.57 202.064707  64.817895  4.628 -100.00 -100.00 -100.00
 136    35.910 55997.70823366  9.92 202.070546  64.817052  4.256 -100.00 -100.00 -100.00
 136    36.204 55997.70823426 10.17 202.076385  64.816209  4.342 -100.00 -100.00 -100.00
 137    34.644 56007.62388390  8.75 202.058915  64.817817  3.507 -100.00 -100.00 -100.00
 137    35.134 56007.62388449  9.27 202.064754  64.816975  3.976 -100.00 -100.00 -100.00
 137    35.774 56007.62388508 10.11 202.070593  64.816132  5.097 -100.00 -100.00 -100.00
 137    36.487 56007.62388567  9.25 202.076431  64.815288  3.741 -100.00 -100.00 -100.00
 138    34.603 56017.53953114  8.34 202.058919  64.816436  3.928 -100.00 -100.00 -100.00
 138    35.279 56017.53953173  8.20 202.064758  64.815594  3.816 -100.00 -100.00 -100.00
 138    35.877 56017.53953232  8.67 202.070596  64.814751  4.227 -100.00 -100.00 -100.00
 138    36.288 56017.53953291  8.66 202.076433  64.813907  3.683 -100.00 -100.00 -100.00
 139    30.876 56027.45517518  9.24 202.057103  64.816212  3.015 -100.00 -100.00 -100.00
 139    31.807 56027.45517577  9.19 202.062941  64.815370  2.860 -100.00 -100.00 -100.00
 139    32.863 56027.45517636  9.01 202.068779  64.814527  2.505 -100.00 -100.00 -100.00
 139    33.893 56027.45517695  9.41 202.074616  64.813683  2.790 -100.00 -100.00 -100.00
 142   105.879 56057.20209558 16.11 202.056580  64.820632 17.736 -100.00 -100.00 -100.00
 142   121.903 56057.20209617  3.13 202.062420  64.819790  8.754 -100.00 -100.00 -100.00
 142   114.438 56057.20209676  0.02 202.068259  64.818947  5.455 -100.00 -100.00 -100.00
 142    96.387 56057.20209735  6.74 202.074098  64.818104 14.560 -100.00 -100.00 -100.00
 143   102.534 56067.11772903 15.30 202.057455  64.821412 17.761 -100.00 -100.00 -100.00
 143   103.704 56067.11772962 21.26 202.063295  64.820570 18.361 -100.00 -100.00 -100.00
 143   103.896 56067.11773021 19.85 202.069135  64.819727 24.787 -100.00 -100.00 -100.00
 143   104.639 56067.11773080 23.35 202.074974  64.818884 19.002 -100.00 -100.00 -100.00
 145   122.103 56086.94902687  0.37 202.057927  64.819932  4.408 -100.00 -100.00 -100.00
 145   121.927 56086.94902746  0.00 202.063767  64.819089  4.349 -100.00 -100.00 -100.00
 145    90.514 56086.94902864  4.92 202.075445  64.817403  9.355 -100.00 -100.00 -100.00
 147    98.509 56106.78031788 14.23 202.058931  64.819176 14.613 -100.00 -100.00 -100.00
 147    98.653 56106.78031847 18.38 202.064770  64.818333 22.776 -100.00 -100.00 -100.00
 147    99.224 56106.78031906  3.80 202.070609  64.817489  8.982 -100.00 -100.00 -100.00
 147    97.918 56106.78031965  4.01 202.076448  64.816646  8.736 -100.00 -100.00 -100.00
 150   111.938 56136.52722087  0.74 202.069975  64.815183  5.954  268.00  268.74  267.87
 150   108.782 56136.52722146  5.57 202.075813  64.814340  7.696  268.00  268.74  267.87
 151    83.915 56146.44286368 26.82 202.059651  64.816624 17.184  267.57  268.05  267.27
 151    83.351 56146.44286427 30.79 202.065490  64.815782 29.240  267.57  268.05  267.27
 151    83.298 56146.44286486 17.03 202.071328  64.814939   -100  267.57  268.05  267.27
 151    83.331 56146.44286545 15.98 202.077165  64.814095   -100  267.57  268.05  267.27
 153    95.553 56166.27416115  7.10 202.055726  64.818248 10.778 -100.00 -100.00 -100.00
 153    95.987 56166.27416174 10.00 202.061566  64.817405 16.993 -100.00 -100.00 -100.00
 153    97.873 56166.27416233  9.48 202.067405  64.816562 15.975 -100.00 -100.00 -100.00
 153   103.336 56166.27416292  2.00 202.073243  64.815719  4.890 -100.00 -100.00 -100.00
 156   121.473 56196.02108647  0.80 202.060161  64.816576  3.820 -100.00 -100.00 -100.00
 156    86.519 56196.02108824  9.20 202.077678  64.814047 17.643 -100.00 -100.00 -100.00
 157   123.762 56205.93672086  0.65 202.059421  64.817288  3.167 -100.00 -100.00 -100.00
 157   124.090 56205.93672145  1.06 202.065261  64.816445  4.378 -100.00 -100.00 -100.00
 159    96.628 56225.76799303 13.49 202.057391  64.821134 14.080 -100.00 -100.00 -100.00
 159    97.050 56225.76799362 19.16 202.063231  64.820291 20.552 -100.00 -100.00 -100.00
 159    97.561 56225.76799421 19.87 202.069071  64.819448 17.961 -100.00 -100.00 -100.00
 159    97.625 56225.76799480 22.78 202.074911  64.818605 23.212 -100.00 -100.00 -100.00
 160    31.636 56235.68364838 38.29 202.057311  64.821282   -100 -100.00 -100.00 -100.00
 160    31.967 56235.68364897 39.73 202.063151  64.820439 31.311 -100.00 -100.00 -100.00
 160    31.806 56235.68364956 42.00 202.068991  64.819596   -100 -100.00 -100.00 -100.00
 160    31.600 56235.68365015 43.42 202.074831  64.818753   -100 -100.00 -100.00 -100.00
 161    32.264 56245.59930026 29.58 202.060850  64.820080 17.494 -100.00 -100.00 -100.00
 161    32.218 56245.59930085 30.25 202.066690  64.819237 18.348 -100.00 -100.00 -100.00
 161    32.305 56245.59930144 32.20 202.072530  64.818394 25.032 -100.00 -100.00 -100.00
 161    35.678 56245.59930204 27.48 202.078368  64.817550 10.625 -100.00 -100.00 -100.00
 162    34.066 56255.51494669 19.57 202.060921  64.819366  9.635 -100.00 -100.00 -100.00
 162    35.239 56255.51494728 18.72 202.066760  64.818523  7.567 -100.00 -100.00 -100.00
 162    35.763 56255.51494787 18.46 202.072599  64.817680  7.191 -100.00 -100.00 -100.00
 162    36.264 56255.51494846 19.30 202.078438  64.816836  6.833 -100.00 -100.00 -100.00
 163    33.157 56265.43058880 20.89 202.058175  64.819912 13.895 -100.00 -100.00 -100.00
 163    34.760 56265.43058939 18.90 202.064014  64.819069  9.481 -100.00 -100.00 -100.00
 163    34.844 56265.43058998 20.50 202.069854  64.818226 12.389 -100.00 -100.00 -100.00
 163    35.541 56265.43059058 21.18 202.075693  64.817383 12.794 -100.00 -100.00 -100.00
 164    34.260 56275.34622918 15.99 202.055518  64.820676  5.809 -100.00 -100.00 -100.00
 164    34.566 56275.34622977 16.97 202.061358  64.819834  7.606 -100.00 -100.00 -100.00
 164    35.166 56275.34623036 16.88 202.067197  64.818990  7.064 -100.00 -100.00 -100.00
 164    35.928 56275.34623095 16.85 202.073036  64.818147  6.528 -100.00 -100.00 -100.00
 164    36.182 56275.34623154 16.56 202.078875  64.817304  5.996 -100.00 -100.00 -100.00
 165    34.456 56285.26187498 15.88 202.057176  64.819846  6.136 -100.00 -100.00 -100.00
 165    34.859 56285.26187557 15.34 202.063015  64.819003  5.149 -100.00 -100.00 -100.00
 165    35.597 56285.26187617 15.52 202.068855  64.818160  5.025 -100.00 -100.00 -100.00
 165    36.089 56285.26187676 15.44 202.074694  64.817317  4.660 -100.00 -100.00 -100.00
 166    34.690 56295.17752600 15.04 202.060639  64.817451  6.685 -100.00 -100.00 -100.00
 166    35.135 56295.17752659 15.00 202.066479  64.816608  5.519 -100.00 -100.00 -100.00
 166    35.656 56295.17752718 15.11 202.072318  64.815765  5.887 -100.00 -100.00 -100.00
 166    36.000 56295.17752777 15.75 202.078157  64.814921  6.654 -100.00 -100.00 -100.00
 167    33.972 56305.09317195 15.35 202.055188  64.816117  5.829 -100.00 -100.00 -100.00
 167    34.791 56305.09317254 15.69 202.061028  64.815275  6.308 -100.00 -100.00 -100.00
 167    34.908 56305.09317313 15.87 202.066867  64.814431  5.676 -100.00 -100.00 -100.00
 167    34.698 56305.09317372 17.95 202.072706  64.813588  9.273 -100.00 -100.00 -100.00
 168    34.723 56315.00881476 14.56 202.054916  64.815540  5.184 -100.00 -100.00 -100.00
 168    34.775 56315.00881535 14.76 202.060755  64.814697  4.876 -100.00 -100.00 -100.00
 168    34.978 56315.00881594 15.20 202.066594  64.813854  5.344 -100.00 -100.00 -100.00
 168    36.125 56315.00881653 14.58 202.072432  64.813011  4.592 -100.00 -100.00 -100.00
 168    36.281 56315.00881712 15.52 202.078271  64.812167  6.084 -100.00 -100.00 -100.00
 169    34.231 56324.92445595 13.35 202.058505  64.816283  4.697 -100.00 -100.00 -100.00
 169    35.096 56324.92445654 13.17 202.064344  64.815440  4.064 -100.00 -100.00 -100.00
 169    36.127 56324.92445713 13.71 202.070183  64.814596  4.359 -100.00 -100.00 -100.00
 169    36.536 56324.92445772 14.02 202.076021  64.813753  4.998 -100.00 -100.00 -100.00
 170    34.665 56334.84009601 12.95 202.058894  64.818013  4.360 -100.00 -100.00 -100.00
 170    35.667 56334.84009660 12.87 202.064733  64.817170  4.241 -100.00 -100.00 -100.00
 170    35.856 56334.84009719 13.26 202.070573  64.816326  4.725 -100.00 -100.00 -100.00
 170    36.583 56334.84009778 13.39 202.076411  64.815483  3.795 -100.00 -100.00 -100.00
 171    35.313 56344.75573537 12.59 202.060311  64.818412  4.754  248.77  243.64  231.09
 171    35.564 56344.75573596 12.62 202.066150  64.817569  4.487  248.77  243.64  231.09
 171    36.347 56344.75573656 12.61 202.071989  64.816725  4.564  248.77  243.64  231.09
 171    37.023 56344.75573715 12.35 202.077828  64.815882  4.109  248.77  243.64  231.09
 172    34.741 56354.67137195 12.11 202.056336  64.818365  4.423  250.69  245.60  232.06
 172    35.635 56354.67137254 12.12 202.062175  64.817523  4.062  250.69  245.60  232.06
 172    36.136 56354.67137313 12.56 202.068014  64.816680  4.058  250.69  245.60  232.06
 172    36.228 56354.67137372 13.43 202.073853  64.815837  5.878  250.69  245.60  232.06
 173    35.019 56364.58701724 12.54 202.060082  64.816489  4.292  252.00  246.25  232.70
 173    35.570 56364.58701783 12.77 202.065921  64.815646  4.443  252.00  246.25  232.70
 173    35.955 56364.58701842 12.95 202.071759  64.814803  4.679  252.00  246.25  232.70
 173    36.588 56364.58701901 12.95 202.077597  64.813960  4.689  252.00  246.25  232.70
 174    35.168 56374.50266593 11.08 202.057397  64.816474  3.901 -100.00 -100.00 -100.00
 174    35.475 56374.50266652 11.84 202.063235  64.815631  4.804 -100.00 -100.00 -100.00
 174    36.122 56374.50266711 11.76 202.069073  64.814788  4.371 -100.00 -100.00 -100.00
 174    36.708 56374.50266770 12.11 202.074911  64.813945  4.719 -100.00 -100.00 -100.00
 176    35.256 56394.33395590 10.68 202.060973  64.818955  3.753 -100.00 -100.00 -100.00
 176    36.041 56394.33395649 10.78 202.066812  64.818112  4.073 -100.00 -100.00 -100.00
 176    36.178 56394.33395708 11.58 202.072650  64.817269  5.333 -100.00 -100.00 -100.00
 176    36.738 56394.33395767 11.50 202.078488  64.816425  4.484 -100.00 -100.00 -100.00
 177    35.160 56404.24959772  9.42 202.060337  64.820124  3.947 -100.00 -100.00 -100.00
 177    35.146 56404.24959831 10.60 202.066176  64.819281  6.286 -100.00 -100.00 -100.00
 177    35.994 56404.24959890  9.68 202.072015  64.818438  4.148 -100.00 -100.00 -100.00
 177    36.560 56404.24959949 10.26 202.077853  64.817594  4.269 -100.00 -100.00 -100.00
 178    35.112 56414.16523649  8.03 202.058731  64.820588  4.465 -100.00 -100.00 -100.00
 178    35.720 56414.16523708  7.59 202.064571  64.819745  4.045 -100.00 -100.00 -100.00
 178    36.295 56414.16523767  7.82 202.070410  64.818902  4.190 -100.00 -100.00 -100.00
 178    36.527 56414.16523826  8.13 202.076249  64.818059  4.483 -100.00 -100.00 -100.00
 180    90.367 56433.99651604  4.43 202.059793  64.819570  7.791 -100.00 -100.00 -100.00
 180    90.598 56433.99651663  6.07 202.065633  64.818727  9.352 -100.00 -100.00 -100.00
 180    99.227 56433.99651722  2.69 202.071472  64.817884  5.368 -100.00 -100.00 -100.00
 180   103.716 56433.99651781  3.03 202.077311  64.817041  4.532 -100.00 -100.00 -100.00
 181   100.847 56443.91216801 15.49 202.056948  64.819668 14.514  268.31  268.71  269.28
 181   100.695 56443.91216860 24.75 202.062788  64.818825 24.353  268.31  268.71  269.28
 181   100.836 56443.91216919 18.95 202.068627  64.817982 24.027  268.31  268.71  269.28
 181   101.154 56443.91216978 10.44 202.074466  64.817138 16.531  268.31  268.71  269.28
 182    38.426 56453.82781791 25.90 202.059011  64.819763 12.936 -100.00 -100.00 -100.00
 182    38.410 56453.82781850 27.40 202.064850  64.818920 17.455 -100.00 -100.00 -100.00
 182    38.516 56453.82781910 29.68 202.070689  64.818077 22.702 -100.00 -100.00 -100.00
 182    38.579 56453.82781969 32.13 202.076528  64.817233 27.211 -100.00 -100.00 -100.00
 187    99.336 56503.40601994  2.18 202.058452  64.817076  4.889 -100.00 -100.00 -100.00
 187    99.423 56503.40602053  3.71 202.064291  64.816233  5.544 -100.00 -100.00 -100.00
 187   100.267 56503.40602112  4.35 202.070129  64.815390  5.048 -100.00 -100.00 -100.00
 187    97.655 56503.40602171 10.66 202.075967  64.814547 12.105 -100.00 -100.00 -100.00
 190    88.006 56533.15295404  9.31 202.060007  64.818418 18.770 -100.00 -100.00 -100.00
 190    92.755 56533.15295581  5.54 202.077525  64.815888 11.098 -100.00 -100.00 -100.00
 193   116.297 56562.89988969  0.38 202.059088  64.817945  4.988  262.02  261.84  262.36
 193   101.378 56562.89989146  2.74 202.076606  64.815415  8.490  262.02  261.84  262.36
 194   105.369 56572.81553108 20.52 202.059419  64.820428 24.305 -100.00 -100.00 -100.00
 194   100.159 56572.81553167 24.88 202.065259  64.819585 31.778 -100.00 -100.00 -100.00
 194    78.708 56572.81553226 25.83 202.071099  64.818742   -100 -100.00 -100.00 -100.00
 194    90.361 56572.81553285 28.87 202.076938  64.817898   -100 -100.00 -100.00 -100.00
 195   102.735 56582.73117044 19.67 202.059593  64.821950 22.284 -100.00 -100.00 -100.00
 195   103.431 56582.73117103 21.45 202.065433  64.821107 24.316 -100.00 -100.00 -100.00
 195   104.074 56582.73117162 23.69 202.071273  64.820264 21.425 -100.00 -100.00 -100.00
 195    81.223 56582.73117221 25.73 202.077113  64.819421   -100 -100.00 -100.00 -100.00
 196   105.131 56592.64680542 17.63 202.059234  64.821752 20.839 -100.00 -100.00 -100.00
 196    99.840 56592.64680601 20.65 202.065074  64.820909   -100 -100.00 -100.00 -100.00
 196   121.977 56592.64680719  0.05 202.076754  64.819223  5.689 -100.00 -100.00 -100.00
 197    97.497 56602.56245681 22.68 202.060142  64.819619   -100 -100.00 -100.00 -100.00
 197    97.966 56602.56245740 24.76 202.065982  64.818777 30.622 -100.00 -100.00 -100.00
 197    94.564 56602.56245799 26.05 202.071821  64.817933 32.045 -100.00 -100.00 -100.00
 197    94.336 56602.56245858 28.10 202.077660  64.817090  1.975 -100.00 -100.00 -100.00
 198    31.782 56612.47810575 36.83 202.055730  64.818976 31.429 -100.00 -100.00 -100.00
 198    31.325 56612.47810634 42.03 202.061569  64.818133   -100 -100.00 -100.00 -100.00
 198    31.552 56612.47810693 43.45 202.067408  64.817290   -100 -100.00 -100.00 -100.00
 198    31.845 56612.47810752 40.72 202.073247  64.816447   -100 -100.00 -100.00 -100.00
 199    32.513 56622.39375106 28.09 202.059872  64.818975 15.257 -100.00 -100.00 -100.00
 199    31.890 56622.39375165 31.15 202.065711  64.818132 24.048 -100.00 -100.00 -100.00
 199    32.679 56622.39375224 28.38 202.071550  64.817288 14.998 -100.00 -100.00 -100.00
 199    32.479 56622.39375283 27.11 202.077389  64.816445 11.122 -100.00 -100.00 -100.00
 200    32.568 56632.30939302 27.46 202.060202  64.819847 13.892 -100.00 -100.00 -100.00
 200    32.632 56632.30939361 26.48 202.066041  64.819004 13.386 -100.00 -100.00 -100.00
 200    32.774 56632.30939420 26.06 202.071881  64.818160 10.146 -100.00 -100.00 -100.00
 200    32.512 56632.30939479 25.90 202.077720  64.817317 10.873 -100.00 -100.00 -100.00
 201    32.937 56642.22503029 22.92 202.056547  64.820504 10.531 -100.00 -100.00 -100.00
 201    32.776 56642.22503088 23.95 202.062388  64.819661 12.464 -100.00 -100.00 -100.00
 201    32.467 56642.22503147 24.65 202.068228  64.818818 13.098 -100.00 -100.00 -100.00
 201    35.572 56642.22503206 22.46 202.074067  64.817974  8.784 -100.00 -100.00 -100.00
 202    33.413 56652.14067981 19.07 202.056011  64.818384  6.824  228.84  223.77  215.92
 202    34.534 56652.14068040 18.32 202.061851  64.817542  5.871  228.84  223.77  215.92
 202    35.013 56652.14068099 19.02 202.067691  64.816698  6.422  228.84  223.77  215.92
 202    35.651 56652.14068158 19.33 202.073530  64.815855  6.669  228.84  223.77  215.92
 203    34.087 56662.05632958 18.23 202.055217  64.816004  6.394 -100.00 -100.00 -100.00
 203    34.530 56662.05633017 18.09 202.061057  64.815161  6.800 -100.00 -100.00 -100.00
 203    35.445 56662.05633076 17.71 202.066896  64.814318  6.198 -100.00 -100.00 -100.00
 203    35.873 56662.05633135 18.00 202.072735  64.813474  6.047 -100.00 -100.00 -100.00
 204    33.457 56671.97197657 18.30 202.056769  64.814911  6.935 -100.00 -100.00 -100.00
 204    34.165 56671.97197716 18.35 202.062609  64.814068  8.146 -100.00 -100.00 -100.00
 204    34.410 56671.97197775 18.85 202.068447  64.813225  8.763 -100.00 -100.00 -100.00
 204    35.225 56671.97197834 18.37 202.074286  64.812381  6.912 -100.00 -100.00 -100.00
 205    33.520 56681.88762137 18.11 202.055057  64.816926  5.881  252.63  254.12  251.77
 205    34.692 56681.88762197 18.05 202.060896  64.816083  5.616  252.63  254.12  251.77
 205    35.288 56681.88762256 18.00 202.066735  64.815240  5.202  252.63  254.12  251.77
 205    36.142 56681.88762315 18.34 202.072574  64.814396  5.789  252.63  254.12  251.77
 205    36.338 56681.88762374 18.78 202.078412  64.813553  5.670  252.63  254.12  251.77
 206    34.805 56691.80326453 16.47 202.056949  64.818839  4.469 -100.00 -100.00 -100.00
 206    35.612 56691.80326512 16.95 202.062789  64.817996  4.728 -100.00 -100.00 -100.00
 206    35.940 56691.80326571 17.31 202.068628  64.817153  4.717 -100.00 -100.00 -100.00
 206    36.403 56691.80326630 17.28 202.074467  64.816310  4.442 -100.00 -100.00 -100.00
 207    34.863 56701.71890382 15.43 202.058091  64.819823  3.711 -100.00 -100.00 -100.00
 207    35.389 56701.71890441 16.00 202.063931  64.818980  4.143 -100.00 -100.00 -100.00
 207    35.980 56701.71890500 16.63 202.069771  64.818137  4.565 -100.00 -100.00 -100.00
 207    36.638 56701.71890559 16.81 202.075609  64.817293  4.954 -100.00 -100.00 -100.00
 208    34.540 56711.63453796 15.94 202.055600  64.819266  5.319 -100.00 -100.00 -100.00
 208    34.782 56711.63453855 15.98 202.061440  64.818423  4.945 -100.00 -100.00 -100.00
 208    35.574 56711.63453914 16.39 202.067279  64.817580  4.269 -100.00 -100.00 -100.00
 208    35.884 56711.63453973 16.62 202.073118  64.816737  4.813 -100.00 -100.00 -100.00
 210    34.903 56731.46583501 14.00 202.058144  64.816427  4.919  239.14  233.69  221.32
 210    35.721 56731.46583560 13.90 202.063982  64.815584  5.197  239.14  233.69  221.32
 210    36.463 56731.46583619 13.98 202.069820  64.814740  4.162  239.14  233.69  221.32
 210    36.186 56731.46583678 14.70 202.075658  64.813897  5.669  239.14  233.69  221.32
 211    34.841 56741.38148265 12.75 202.057304  64.818316  4.157  244.00  238.22  226.03
 211    34.878 56741.38148324 13.48 202.063142  64.817473  5.172  244.00  238.22  226.03
 211    35.660 56741.38148384 13.93 202.068981  64.816630  5.475  244.00  238.22  226.03
 211    35.615 56741.38148443 14.49 202.074819  64.815786  5.895  244.00  238.22  226.03
 212    35.119 56751.29712640 12.50 202.060959  64.820296  4.174 -100.00 -100.00 -100.00
 212    35.284 56751.29712699 12.91 202.066799  64.819453  4.306 -100.00 -100.00 -100.00
 212    35.953 56751.29712758 13.08 202.072638  64.818609  4.463 -100.00 -100.00 -100.00
 212    36.621 56751.29712817 13.22 202.078476  64.817766  4.838 -100.00 -100.00 -100.00
 213    36.266 56761.21276476 12.60 202.060979  64.821787  5.874 -100.00 -100.00 -100.00
 213    36.812 56761.21276535 12.13 202.066819  64.820944  5.625 -100.00 -100.00 -100.00
 213    37.218 56761.21276594 12.40 202.072659  64.820101  5.286 -100.00 -100.00 -100.00
 213    37.695 56761.21276653 12.50 202.078498  64.819258  5.598 -100.00 -100.00 -100.00
 215   126.329 56781.04405081  0.86 202.057432  64.819689  2.966 -100.00 -100.00 -100.00
 215   123.046 56781.04405140  1.93 202.063272  64.818846  4.812 -100.00 -100.00 -100.00
 216    97.605 56790.95970569 17.47 202.056795  64.818096 15.887 -100.00 -100.00 -100.00
 216    97.759 56790.95970628 21.53 202.062635  64.817253 24.536 -100.00 -100.00 -100.00
 216    97.533 56790.95970687 22.20 202.068473  64.816410 25.186 -100.00 -100.00 -100.00
 216    98.102 56790.95970746 21.38 202.074312  64.815566   -100 -100.00 -100.00 -100.00
 217   122.243 56800.87535787 14.37 202.060529  64.817374 16.869 -100.00 -100.00 -100.00
 217   108.228 56800.87535846  7.74 202.066368  64.816530 10.481 -100.00 -100.00 -100.00
 217   123.013 56800.87535905  3.64 202.072207  64.815687  5.457 -100.00 -100.00 -100.00
 217   109.354 56800.87535964  5.36 202.078045  64.814843 10.987 -100.00 -100.00 -100.00
 219   109.490 56820.70664245 16.47 202.057320  64.819138 14.463 -100.00 -100.00 -100.00
 219    99.130 56820.70664304 17.83 202.063159  64.818295 19.596 -100.00 -100.00 -100.00
 219    81.865 56820.70664363 23.82 202.068998  64.817452 30.692 -100.00 -100.00 -100.00
 219   105.059 56820.70664422 23.51 202.074836  64.816608 24.581 -100.00 -100.00 -100.00
 221    99.638 56840.53791142 15.02 202.055999  64.816735 11.520 -100.00 -100.00 -100.00
 221    99.667 56840.53791201 20.06 202.061838  64.815892 21.313 -100.00 -100.00 -100.00
 221   100.090 56840.53791260 17.64 202.067676  64.815049 11.338 -100.00 -100.00 -100.00
 221    96.788 56840.53791319 19.81 202.073514  64.814206 20.640 -100.00 -100.00 -100.00
 222    94.729 56850.45354676 17.85 202.055482  64.816514 17.036 -100.00 -100.00 -100.00
 222    98.255 56850.45354735 21.50 202.061320  64.815671 20.095 -100.00 -100.00 -100.00
 222    98.571 56850.45354794 23.98 202.067158  64.814828 25.474 -100.00 -100.00 -100.00
 222    99.097 56850.45354853 26.11 202.072996  64.813985 26.636 -100.00 -100.00 -100.00
 223    97.924 56860.36920111 17.19 202.055357  64.817389 17.290 -100.00 -100.00 -100.00
 223    98.390 56860.36920170 26.55 202.061195  64.816546 31.201 -100.00 -100.00 -100.00
 223    99.061 56860.36920229 21.61 202.067034  64.815703 18.639 -100.00 -100.00 -100.00
 223    98.984 56860.36920288 27.96 202.072872  64.814860 26.742 -100.00 -100.00 -100.00
 226   118.483 56890.11615347  2.16 202.060661  64.818110  6.208 -100.00 -100.00 -100.00
 226   100.119 56890.11615406  3.47 202.066500  64.817267  7.629 -100.00 -100.00 -100.00
 226    93.538 56890.11615524  9.60 202.078178  64.815580 19.746 -100.00 -100.00 -100.00
 227    98.542 56900.03179760 16.08 202.055239  64.817180 31.774 -100.00 -100.00 -100.00
 227    95.401 56900.03179819 15.79 202.061079  64.816337 30.817 -100.00 -100.00 -100.00
 227   110.668 56900.03179937  1.12 202.072756  64.814650  5.483 -100.00 -100.00 -100.00
 228    99.099 56909.94744018 14.17 202.056422  64.816889  8.813  268.13  268.16  268.20
 228    97.867 56909.94744077 17.11 202.062261  64.816046 12.130  268.13  268.16  268.20
 228    95.122 56909.94744136 17.20 202.068100  64.815203 11.632  268.13  268.16  268.20
 228    94.968 56909.94744195 20.23 202.073938  64.814359 21.090  268.13  268.16  268.20
 229   107.732 56919.86308075 15.37 202.055439  64.818819 24.627 -100.00 -100.00 -100.00
 229    97.717 56919.86308134 19.69 202.061279  64.817976 32.573 -100.00 -100.00 -100.00
 229   103.408 56919.86308193 20.75 202.067118  64.817133 28.229 -100.00 -100.00 -100.00
 232   114.403 56949.60999019 10.17 202.056162  64.822251 10.815 -100.00 -100.00 -100.00
 232    91.903 56949.60999078 10.87 202.062002  64.821408 16.174 -100.00 -100.00 -100.00
 232    88.604 56949.60999137 17.65 202.067842  64.820566 30.687 -100.00 -100.00 -100.00
 232    92.556 56949.60999196 12.33 202.073681  64.819722 21.090 -100.00 -100.00 -100.00
 233    32.903 56959.52564300 45.04 202.058956  64.819586   -100 -100.00 -100.00 -100.00
 233    33.041 56959.52564359 47.48 202.064796  64.818743   -100 -100.00 -100.00 -100.00
 233    32.812 56959.52564418 49.63 202.070635  64.817900   -100 -100.00 -100.00 -100.00
 233    32.710 56959.52564477 52.36 202.076473  64.817056  4.150 -100.00 -100.00 -100.00
 234    31.957 56969.44129008 38.57 202.056534  64.818545   -100 -100.00 -100.00 -100.00
 234    32.197 56969.44129067 41.37 202.062373  64.817702 31.147 -100.00 -100.00 -100.00
 234    31.885 56969.44129126 41.91 202.068212  64.816859   -100 -100.00 -100.00 -100.00
 234    31.622 56969.44129185 46.63 202.074050  64.816016 14.185 -100.00 -100.00 -100.00
 235    32.947 56979.35693342 32.82 202.057099  64.818574 21.149  251.87  249.91  244.07
 235    32.797 56979.35693401 37.32 202.062938  64.817731 31.682  251.87  249.91  244.07
 235    33.291 56979.35693460 35.84 202.068777  64.816888 25.500  251.87  249.91  244.07
 235    32.951 56979.35693519 34.96 202.074615  64.816044 29.298  251.87  249.91  244.07
 236    33.929 56989.27257244 32.95 202.059564  64.819109 22.189 -100.00 -100.00 -100.00
 236    33.786 56989.27257303 35.18 202.065403  64.818266 30.383 -100.00 -100.00 -100.00
 236    33.770 56989.27257363 35.61 202.071243  64.817422 29.435 -100.00 -100.00 -100.00
 236    33.809 56989.27257422 32.39 202.077081  64.816579 18.490 -100.00 -100.00 -100.00
 237    33.007 56999.18820512 22.16 202.061022  64.819430  9.207 -100.00 -100.00 -100.00
 237    33.108 56999.18820571 22.93 202.066862  64.818587 12.863 -100.00 -100.00 -100.00
 237    32.973 56999.18820630 22.03 202.072702  64.817744  9.607 -100.00 -100.00 -100.00
 237    35.552 56999.18820689 22.00 202.078541  64.816901 10.502 -100.00 -100.00 -100.00
 238    33.020 57009.10385695 20.97 202.060622  64.818127 11.723 -100.00 -100.00 -100.00
 238    33.613 57009.10385754 20.84 202.066462  64.817284 11.885 -100.00 -100.00 -100.00
 238    33.127 57009.10385813 20.40 202.072302  64.816440  9.509 -100.00 -100.00 -100.00
 238    36.555 57009.10385872 20.86 202.078141  64.815597 10.203 -100.00 -100.00 -100.00
 239    33.069 57019.01950931 20.13 202.056929  64.816801 10.681 -100.00 -100.00 -100.00
 239    32.910 57019.01950990 20.50 202.062769  64.815958 11.867 -100.00 -100.00 -100.00
 239    34.082 57019.01951049 19.82 202.068608  64.815115  9.798 -100.00 -100.00 -100.00
 239    34.721 57019.01951108 19.84 202.074447  64.814271  9.143 -100.00 -100.00 -100.00
 240    34.306 57028.93515921 18.50 202.059973  64.815661  7.718 -100.00 -100.00 -100.00
 240    35.386 57028.93515980 18.02 202.065812  64.814818  6.856 -100.00 -100.00 -100.00
 240    35.705 57028.93516039 18.66 202.071651  64.813974  8.335 -100.00 -100.00 -100.00
 240    36.501 57028.93516098 18.14 202.077489  64.813130  7.100 -100.00 -100.00 -100.00
 241    33.205 57038.85080696 17.55 202.058897  64.816662  9.130 -100.00 -100.00 -100.00
 241    34.563 57038.85080755 17.39 202.064736  64.815819  7.950 -100.00 -100.00 -100.00
 241    35.073 57038.85080814 17.96 202.070575  64.814976  8.574 -100.00 -100.00 -100.00
 241    35.903 57038.85080873 18.57 202.076413  64.814132  9.390 -100.00 -100.00 -100.00
