#   12.128   0.097   1.821 ;Mean Elev.(m), Avg Gradient(m/km), RMS Gradient(m/km)
   1     1.854 54663.93238945 31.71 195.458115  62.719600 18.946 -100.00 -100.00 -100.00
   1     1.685 54663.93239004 31.19 195.463119  62.720877 21.279 -100.00 -100.00 -100.00
   1     1.272 54663.93239063 32.67 195.468124  62.722153 28.519 -100.00 -100.00 -100.00
   1     1.339 54663.93239122 34.35 195.473129  62.723429   -100 -100.00 -100.00 -100.00
   1     1.430 54663.93239181 37.08 195.478134  62.724705   -100 -100.00 -100.00 -100.00
   2     2.984 54673.84803529 29.69 195.465114  62.722975 22.607 -100.00 -100.00 -100.00
   2     1.398 54673.84803588 29.83 195.470119  62.724251 24.026 -100.00 -100.00 -100.00
   2     1.372 54673.84803647 28.79 195.475125  62.725527 21.524 -100.00 -100.00 -100.00
   2     1.642 54673.84803706 28.14 195.480131  62.726802 17.875 -100.00 -100.00 -100.00
   3   -72.726 54683.76367926 23.93 195.468416  62.725607 17.211 -100.00 -100.00 -100.00
   3   -29.357 54683.76367985 14.23 195.473421  62.726883  2.615 -100.00 -100.00 -100.00
   3   -32.091 54683.76368044 14.04 195.478428  62.728159  2.956 -100.00 -100.00 -100.00
   4     1.723 54693.67932106 31.59 195.466303  62.725485   -100 -100.00 -100.00 -100.00
   4     1.451 54693.67932165 26.69 195.471308  62.726761 20.657 -100.00 -100.00 -100.00
   4     1.636 54693.67932224 28.86 195.476314  62.728037 26.760 -100.00 -100.00 -100.00
   4     1.878 54693.67932283 33.37 195.481320  62.729312   -100 -100.00 -100.00 -100.00
   5   -31.444 54703.59495981 12.20 195.461575  62.722562  2.783 -100.00 -100.00 -100.00
   5   -34.170 54703.59496040 12.06 195.466580  62.723839  3.588 -100.00 -100.00 -100.00
   5   -34.915 54703.59496099 11.50 195.471584  62.725115  3.311 -100.00 -100.00 -100.00
   5   -36.024 54703.59496158 11.03 195.476590  62.726390  2.586 -100.00 -100.00 -100.00
   5   -37.094 54703.59496217 10.72 195.481595  62.727666  2.613 -100.00 -100.00 -100.00
   6     1.568 54713.51060950 40.92 195.462110  62.720498   -100 -100.00 -100.00 -100.00
   6     1.670 54713.51061009 42.86 195.467114  62.721774   -100 -100.00 -100.00 -100.00
   6     1.356 54713.51061068 45.94 195.472118  62.723050   -100 -100.00 -100.00 -100.00
   6     1.314 54713.51061128 46.38 195.477123  62.724325  4.282 -100.00 -100.00 -100.00
   6     1.321 54713.51061187 49.10 195.482129  62.725601  6.406 -100.00 -100.00 -100.00
   7   -56.695 54723.42625935  8.64 195.456551  62.717601  2.154 -100.00 -100.00 -100.00
   7   -59.168 54723.42625994  8.93 195.461555  62.718877  2.519 -100.00 -100.00 -100.00
   7   -62.401 54723.42626053  8.92 195.466558  62.720153  2.560 -100.00 -100.00 -100.00
   7   -66.503 54723.42626112  7.79 195.471563  62.721429  2.171 -100.00 -100.00 -100.00
   7   -69.120 54723.42626171  8.27 195.476567  62.722705  3.640 -100.00 -100.00 -100.00
   7   -73.239 54723.42626230  7.86 195.481572  62.723980  3.725 -100.00 -100.00 -100.00
   8     1.473 54733.34190786 33.35 195.457259  62.718214 24.883 -100.00 -100.00 -100.00
   8     1.090 54733.34190845 34.16 195.462263  62.719490 27.943 -100.00 -100.00 -100.00
   8     0.858 54733.34190904 36.51 195.467267  62.720766   -100 -100.00 -100.00 -100.00
   8     1.227 54733.34190963 35.47 195.472271  62.722041 30.502  212.71  223.21  226.49
   8     1.136 54733.34191022 38.86 195.477276  62.723317   -100  212.71  223.21  226.49
   8     1.166 54733.34191081 38.74 195.482282  62.724592   -100  212.71  223.21  226.49
   9     2.002 54743.25755541 40.87 195.460276  62.721173 21.622 -100.00 -100.00 -100.00
   9     2.296 54743.25755600 41.91 195.465281  62.722449 17.909 -100.00 -100.00 -100.00
   9     1.724 54743.25755659 46.99 195.470286  62.723725   -100  210.70  220.15  225.42
   9     1.467 54743.25755718 51.94 195.475291  62.725000   -100  210.70  220.15  225.42
   9     1.096 54743.25755777 47.06 195.480297  62.726276 16.507  210.70  220.15  225.42
  10     1.035 54753.17320259 37.50 195.462851  62.723303   -100 -100.00 -100.00 -100.00
  10     0.952 54753.17320318 36.08 195.467856  62.724579   -100 -100.00 -100.00 -100.00
  10     1.312 54753.17320377 35.60 195.472862  62.725854 29.853 -100.00 -100.00 -100.00
  10     1.252 54753.17320436 35.94 195.477868  62.727130   -100 -100.00 -100.00 -100.00
  10     1.009 54753.17320495 35.28 195.482874  62.728405   -100 -100.00 -100.00 -100.00
  11     0.774 54763.08884871 38.00 195.462291  62.722654 27.015 -100.00 -100.00 -100.00
  11     0.955 54763.08884930 40.90 195.467296  62.723930 29.439 -100.00 -100.00 -100.00
  11     0.817 54763.08884989 41.64 195.472302  62.725206   -100 -100.00 -100.00 -100.00
  11     0.657 54763.08885048 41.65 195.477308  62.726481   -100 -100.00 -100.00 -100.00
  11     0.754 54763.08885107 39.25 195.482315  62.727757 32.311 -100.00 -100.00 -100.00
  12     0.547 54773.00449165 30.80 195.458083  62.719256 17.767 -100.00 -100.00 -100.00
  12     0.950 54773.00449224 28.40 195.463087  62.720532 11.292 -100.00 -100.00 -100.00
  12     0.816 54773.00449283 30.38 195.468093  62.721808 16.190 -100.00 -100.00 -100.00
  12     1.043 54773.00449342 29.65 195.473098  62.723083 14.696 -100.00 -100.00 -100.00
  12     1.224 54773.00449401 29.68 195.478104  62.724359 15.665 -100.00 -100.00 -100.00
  13     0.597 54782.92013220 30.66 195.457230  62.717193 21.026 -100.00 -100.00 -100.00
  13     1.185 54782.92013279 26.34 195.462235  62.718469  9.925 -100.00 -100.00 -100.00
  13     1.184 54782.92013338 26.68 195.467240  62.719745 10.149 -100.00 -100.00 -100.00
  13     1.095 54782.92013397 26.23 195.472245  62.721021  9.539 -100.00 -100.00 -100.00
  13     0.867 54782.92013456 27.88 195.477251  62.722296 14.328 -100.00 -100.00 -100.00
  13     0.960 54782.92013515 27.50 195.482257  62.723572 13.481 -100.00 -100.00 -100.00
  14     1.436 54792.83577074 24.92 195.457999  62.717254  9.926 -100.00 -100.00 -100.00
  14     1.128 54792.83577133 23.48 195.463003  62.718530  6.838 -100.00 -100.00 -100.00
  14     0.982 54792.83577192 24.85 195.468008  62.719806 10.160 -100.00 -100.00 -100.00
  14     1.141 54792.83577251 24.28 195.473014  62.721082  8.821 -100.00 -100.00 -100.00
  14     0.963 54792.83577310 25.21 195.478019  62.722357 10.088 -100.00 -100.00 -100.00
  17     2.325 54822.58268863 15.97 195.462535  62.721136  6.101 -100.00 -100.00 -100.00
  17     1.362 54822.58268922 15.52 195.467540  62.722413  5.103 -100.00 -100.00 -100.00
  17     1.383 54822.58268981 15.44 195.472546  62.723689  5.041 -100.00 -100.00 -100.00
  17     1.478 54822.58269040 15.19 195.477551  62.724965  4.757 -100.00 -100.00 -100.00
  17     1.386 54822.58269099 15.16 195.482557  62.726240  4.719 -100.00 -100.00 -100.00
  18     1.527 54832.49832843 14.11 195.458556  62.719938  3.031 -100.00 -100.00 -100.00
  18     1.537 54832.49832902 14.29 195.463560  62.721214  3.402 -100.00 -100.00 -100.00
  18     1.439 54832.49832961 14.26 195.468565  62.722490  3.259 -100.00 -100.00 -100.00
  18     1.331 54832.49833020 15.03 195.473570  62.723766  4.812 -100.00 -100.00 -100.00
  18     1.307 54832.49833079 14.43 195.478576  62.725042  3.432 -100.00 -100.00 -100.00
  19     1.221 54842.41397905 13.73 195.462302  62.721624  3.287 -100.00 -100.00 -100.00
  19     1.352 54842.41397964 13.63 195.467307  62.722900  3.352 -100.00 -100.00 -100.00
  19     1.440 54842.41398023 13.81 195.472312  62.724176  3.264 -100.00 -100.00 -100.00
  19     1.174 54842.41398082 13.91 195.477318  62.725451  4.028 -100.00 -100.00 -100.00
  19     1.218 54842.41398141 14.12 195.482325  62.726727  3.723 -100.00 -100.00 -100.00
  20     2.618 54852.32962835 12.51 195.463373  62.723989  2.707 -100.00 -100.00 -100.00
  20     2.488 54852.32962894 12.44 195.468378  62.725265  2.830 -100.00 -100.00 -100.00
  20     1.891 54852.32962953 12.46 195.473384  62.726540  2.935 -100.00 -100.00 -100.00
  20     2.126 54852.32963012 12.61 195.478391  62.727816  3.175 -100.00 -100.00 -100.00
  21     2.271 54862.24527820 13.15 195.471122  62.728410  2.787 -100.00 -100.00 -100.00
  21     2.129 54862.24527879 13.19 195.476128  62.729685  3.131 -100.00 -100.00 -100.00
  21     2.095 54862.24527938 13.05 195.481136  62.730960  3.071 -100.00 -100.00 -100.00
  22     2.161 54872.16092698 12.89 195.471195  62.729464  3.080 -100.00 -100.00 -100.00
  22     2.061 54872.16092758 12.83 195.476202  62.730740  2.831 -100.00 -100.00 -100.00
  22     2.007 54872.16092817 12.81 195.481210  62.732015  3.166 -100.00 -100.00 -100.00
  23     2.453 54882.07657331 11.59 195.468681  62.727247  2.719 -100.00 -100.00 -100.00
  23     2.239 54882.07657390 11.79 195.473687  62.728522  3.179 -100.00 -100.00 -100.00
  23     2.168 54882.07657449 11.74 195.478694  62.729798  3.267 -100.00 -100.00 -100.00
  24     2.526 54891.99221598 12.90 195.464772  62.722982  2.874 -100.00 -100.00 -100.00
  24     2.507 54891.99221657 13.01 195.469778  62.724258  2.863 -100.00 -100.00 -100.00
  24     2.468 54891.99221716 13.03 195.474785  62.725534  3.105 -100.00 -100.00 -100.00
  24     2.351 54891.99221775 12.84 195.479791  62.726809  2.587 -100.00 -100.00 -100.00
  25     2.673 54901.90785592 12.13 195.461441  62.719732  2.853 -100.00 -100.00 -100.00
  25     2.679 54901.90785651 12.05 195.466447  62.721008  2.732 -100.00 -100.00 -100.00
  25     2.553 54901.90785710 12.13 195.471452  62.722284  2.709 -100.00 -100.00 -100.00
  25     2.606 54901.90785769 12.25 195.476459  62.723559  2.937 -100.00 -100.00 -100.00
  25     2.483 54901.90785828 12.20 195.481465  62.724835  2.867 -100.00 -100.00 -100.00
  26     2.955 54911.82349471 12.31 195.459853  62.719624  2.741 -100.00 -100.00 -100.00
  26     2.723 54911.82349530 12.27 195.464858  62.720900  2.803 -100.00 -100.00 -100.00
  26     2.527 54911.82349589 12.29 195.469864  62.722176  2.646 -100.00 -100.00 -100.00
  26     2.554 54911.82349648 12.08 195.474870  62.723451  2.661 -100.00 -100.00 -100.00
  26     2.412 54911.82349707 12.34 195.479877  62.724727  2.962 -100.00 -100.00 -100.00
  27     2.742 54921.73913336 11.96 195.465086  62.722764  3.616 -100.00 -100.00 -100.00
  27     2.701 54921.73913395 11.35 195.470091  62.724040  2.553 -100.00 -100.00 -100.00
  27     2.615 54921.73913454 11.62 195.475098  62.725316  2.916 -100.00 -100.00 -100.00
  27     2.572 54921.73913513 11.59 195.480104  62.726591  2.813 -100.00 -100.00 -100.00
  28     2.780 54931.65477067 12.53 195.465848  62.723714  2.934 -100.00 -100.00 -100.00
  28     2.862 54931.65477127 12.19 195.470853  62.724989  2.676 -100.00 -100.00 -100.00
  28     2.616 54931.65477186 12.32 195.475860  62.726265  2.770 -100.00 -100.00 -100.00
  28     2.629 54931.65477245 12.38 195.480866  62.727540  3.011 -100.00 -100.00 -100.00
  29     3.080 54941.57040551 11.46 195.461119  62.720598  2.967 -100.00 -100.00 -100.00
  29     2.822 54941.57040610 11.43 195.466124  62.721874  2.613 -100.00 -100.00 -100.00
  29     2.732 54941.57040669 11.80 195.471129  62.723150  3.293 -100.00 -100.00 -100.00
  29     2.616 54941.57040728 11.61 195.476134  62.724426  3.202 -100.00 -100.00 -100.00
  29     2.580 54941.57040787 11.52 195.481140  62.725701  2.780 -100.00 -100.00 -100.00
  30     0.751 54951.48603840 37.28 195.455477  62.715849   -100 -100.00 -100.00 -100.00
  30     0.894 54951.48603899 37.08 195.460480  62.717125   -100 -100.00 -100.00 -100.00
  30     0.892 54951.48603958 39.72 195.465484  62.718401   -100 -100.00 -100.00 -100.00
  30     0.872 54951.48604017 41.20 195.470488  62.719678   -100 -100.00 -100.00 -100.00
  30     0.901 54951.48604076 41.61 195.475492  62.720953   -100 -100.00 -100.00 -100.00
  30     0.510 54951.48604135 42.88 195.480497  62.722229  5.105 -100.00 -100.00 -100.00
  31     1.672 54961.40167903 29.53 195.450954  62.712867 26.353 -100.00 -100.00 -100.00
  31     1.876 54961.40167962 26.27 195.455957  62.714143 15.036 -100.00 -100.00 -100.00
  31     2.218 54961.40168021 25.25 195.460959  62.715419 13.446 -100.00 -100.00 -100.00
  31     2.280 54961.40168080 25.10 195.465962  62.716696 12.800 -100.00 -100.00 -100.00
  31     2.316 54961.40168139 27.05 195.470966  62.717972 19.354 -100.00 -100.00 -100.00
  31     2.216 54961.40168198 28.73 195.475970  62.719247 24.354 -100.00 -100.00 -100.00
  31     2.372 54961.40168257 27.13 195.480974  62.720523 16.588 -100.00 -100.00 -100.00
  32     2.205 54971.31732838 53.27 195.455708  62.715409 20.624 -100.00 -100.00 -100.00
  32     2.188 54971.31732897 46.06 195.460711  62.716685 12.723 -100.00 -100.00 -100.00
  32     2.178 54971.31732956 44.52 195.465714  62.717961  8.758 -100.00 -100.00 -100.00
  32     2.159 54971.31733015 43.05 195.470718  62.719237  0.430 -100.00 -100.00 -100.00
  32     2.492 54971.31733074 47.05 195.475723  62.720513   -100 -100.00 -100.00 -100.00
  32     2.489 54971.31733133 45.87 195.480727  62.721788   -100 -100.00 -100.00 -100.00
  33     2.337 54981.23297644 38.24 195.457689  62.718397   -100 -100.00 -100.00 -100.00
  33     2.396 54981.23297703 35.35 195.462693  62.719673 26.301 -100.00 -100.00 -100.00
  33     2.141 54981.23297762 34.53 195.467697  62.720949 25.322 -100.00 -100.00 -100.00
  33     2.308 54981.23297821 33.39 195.472702  62.722225 20.601 -100.00 -100.00 -100.00
  33     2.173 54981.23297880 35.22 195.477707  62.723501 28.243 -100.00 -100.00 -100.00
  34   -71.269 54991.14862455 10.62 195.462861  62.721843  2.127 -100.00 -100.00 -100.00
  34   -73.834 54991.14862514 10.58 195.467866  62.723119  2.222 -100.00 -100.00 -100.00
  34   -75.188 54991.14862573 10.41 195.472871  62.724395  2.290 -100.00 -100.00 -100.00
  34   -76.542 54991.14862632 10.03 195.477877  62.725670  2.082 -100.00 -100.00 -100.00
  35     1.904 55001.06427167 33.60 195.464150  62.722713 31.098 -100.00 -100.00 -100.00
  35     1.668 55001.06427226 34.69 195.469155  62.723989   -100 -100.00 -100.00 -100.00
  35     1.619 55001.06427285 33.64 195.474161  62.725264   -100 -100.00 -100.00 -100.00
  35     1.760 55001.06427344 35.84 195.479167  62.726540   -100 -100.00 -100.00 -100.00
  36     2.001 55010.97991677 31.17 195.464124  62.722615 26.506 -100.00 -100.00 -100.00
  36     1.950 55010.97991736 29.30 195.469129  62.723891 21.333 -100.00 -100.00 -100.00
  36     1.982 55010.97991795 29.23 195.474135  62.725167 21.281 -100.00 -100.00 -100.00
  36     1.945 55010.97991854 33.04 195.479141  62.726442 31.183 -100.00 -100.00 -100.00
  37     2.079 55020.89555981 30.81 195.459924  62.721249 26.233 -100.00 -100.00 -100.00
  37     2.789 55020.89556040 27.95 195.464929  62.722525 19.151 -100.00 -100.00 -100.00
  37     1.642 55020.89556099 29.42 195.469934  62.723801 22.222 -100.00 -100.00 -100.00
  37     1.549 55020.89556158 31.61 195.474940  62.725077 30.716 -100.00 -100.00 -100.00
  37     1.786 55020.89556217 34.68 195.479946  62.726352   -100 -100.00 -100.00 -100.00
  38     1.835 55030.81120303 30.40 195.465671  62.723764 21.977 -100.00 -100.00 -100.00
  38     1.535 55030.81120362 30.68 195.470677  62.725040 22.251 -100.00 -100.00 -100.00
  38     1.457 55030.81120421 36.12 195.475683  62.726316   -100 -100.00 -100.00 -100.00
  38     1.482 55030.81120480 36.16 195.480689  62.727591   -100 -100.00 -100.00 -100.00
  39     1.291 55040.72684486 30.67 195.465415  62.725107 23.538 -100.00 -100.00 -100.00
  39     1.256 55040.72684545 31.76 195.470421  62.726383 27.646 -100.00 -100.00 -100.00
  39     1.420 55040.72684604 31.67 195.475427  62.727659 26.486 -100.00 -100.00 -100.00
  39     1.539 55040.72684663 33.42 195.480433  62.728934 26.951 -100.00 -100.00 -100.00
  40     1.663 55050.64248531 39.92 195.466900  62.725710   -100 -100.00 -100.00 -100.00
  40     1.365 55050.64248590 36.03 195.471906  62.726985   -100 -100.00 -100.00 -100.00
  40     1.338 55050.64248649 35.50 195.476912  62.728261   -100 -100.00 -100.00 -100.00
  40     1.448 55050.64248708 33.92 195.481918  62.729536   -100 -100.00 -100.00 -100.00
  41     2.502 55060.55812292 43.16 195.464528  62.723065 19.245 -100.00 -100.00 -100.00
  41     1.953 55060.55812351 48.12 195.469532  62.724341   -100 -100.00 -100.00 -100.00
  41     1.378 55060.55812410 53.27 195.474537  62.725617 15.641 -100.00 -100.00 -100.00
  41     1.262 55060.55812469 45.96 195.479543  62.726892 30.127 -100.00 -100.00 -100.00
  42     0.842 55070.47376320 34.64 195.458647  62.718583 31.706 -100.00 -100.00 -100.00
  42     0.993 55070.47376379 36.75 195.463651  62.719859   -100 -100.00 -100.00 -100.00
  42     1.042 55070.47376438 38.23 195.468655  62.721135   -100 -100.00 -100.00 -100.00
  42     1.047 55070.47376497 40.12 195.473659  62.722411   -100 -100.00 -100.00 -100.00
  42     1.255 55070.47376556 39.91 195.478664  62.723686   -100 -100.00 -100.00 -100.00
  43     1.356 55080.38941200 39.93 195.457215  62.716521 26.801 -100.00 -100.00 -100.00
  43     1.039 55080.38941259 42.18 195.462218  62.717797   -100 -100.00 -100.00 -100.00
  43     1.057 55080.38941318 46.40 195.467222  62.719073   -100 -100.00 -100.00 -100.00
  43     0.964 55080.38941377 46.59 195.472226  62.720349   -100 -100.00 -100.00 -100.00
  43     1.045 55080.38941436 42.69 195.477231  62.721625   -100 -100.00 -100.00 -100.00
  43     1.068 55080.38941495 43.34 195.482236  62.722900  2.020 -100.00 -100.00 -100.00
  44     1.009 55090.30505931 35.23 195.455990  62.716922 24.727 -100.00 -100.00 -100.00
  44     1.014 55090.30505990 38.63 195.460994  62.718198   -100 -100.00 -100.00 -100.00
  44     1.010 55090.30506049 39.72 195.465998  62.719474   -100 -100.00 -100.00 -100.00
  44     0.963 55090.30506108 43.25 195.471002  62.720749  2.491 -100.00 -100.00 -100.00
  44     0.978 55090.30506167 46.48 195.476007  62.722025 23.800 -100.00 -100.00 -100.00
  44     1.024 55090.30506226 47.42 195.481012  62.723300 19.843 -100.00 -100.00 -100.00
  45     1.433 55100.22070671 39.73 195.461433  62.720783   -100 -100.00 -100.00 -100.00
  45     0.962 55100.22070730 38.23 195.466437  62.722059   -100 -100.00 -100.00 -100.00
  45     1.044 55100.22070789 42.76 195.471442  62.723334  3.557 -100.00 -100.00 -100.00
  45     1.332 55100.22070848 42.29 195.476448  62.724610   -100 -100.00 -100.00 -100.00
  45     1.276 55100.22070907 42.38 195.481454  62.725885   -100 -100.00 -100.00 -100.00
  46     2.873 55110.13635327 31.77 195.464147  62.723528 24.164 -100.00 -100.00 -100.00
  46     1.255 55110.13635386 32.16 195.469152  62.724804 26.485 -100.00 -100.00 -100.00
  46     1.622 55110.13635445 37.20 195.474158  62.726080   -100 -100.00 -100.00 -100.00
  46     1.923 55110.13635504 36.92 195.479164  62.727355 26.850 -100.00 -100.00 -100.00
  47     0.915 55120.05199780 34.95 195.465911  62.723396 25.938 -100.00 -100.00 -100.00
  47     1.239 55120.05199839 34.77 195.470917  62.724672 22.819 -100.00 -100.00 -100.00
  47     1.141 55120.05199898 39.15 195.475923  62.725947   -100 -100.00 -100.00 -100.00
  47     1.134 55120.05199957 39.23 195.480929  62.727223   -100 -100.00 -100.00 -100.00
  48     1.279 55129.96763847 40.00 195.459145  62.719048 32.129 -100.00 -100.00 -100.00
  48     1.138 55129.96763906 39.69 195.464149  62.720324   -100 -100.00 -100.00 -100.00
  48     1.185 55129.96763965 44.60 195.469155  62.721600   -100 -100.00 -100.00 -100.00
  48     1.122 55129.96764024 40.31 195.474160  62.722876   -100 -100.00 -100.00 -100.00
  48     0.891 55129.96764083 42.82 195.479166  62.724152  3.027 -100.00 -100.00 -100.00
  49     0.021 55139.88327764 42.96 195.456512  62.716158   -100 -100.00 -100.00 -100.00
  49     0.127 55139.88327823 44.02 195.461516  62.717434   -100 -100.00 -100.00 -100.00
  49     0.293 55139.88327882 45.16 195.466521  62.718710   -100 -100.00 -100.00 -100.00
  49     0.134 55139.88327941 46.28 195.471526  62.719986   -100 -100.00 -100.00 -100.00
  49     0.206 55139.88328000 41.85 195.476532  62.721262   -100 -100.00 -100.00 -100.00
  49    -0.022 55139.88328059 41.24 195.481538  62.722537   -100 -100.00 -100.00 -100.00
  50     0.985 55149.79891603 23.52 195.454469  62.715921  9.604 -100.00 -100.00 -100.00
  50     1.046 55149.79891662 23.24 195.459473  62.717197  8.993 -100.00 -100.00 -100.00
  50     1.136 55149.79891721 22.13 195.464478  62.718474  6.767 -100.00 -100.00 -100.00
  50     0.838 55149.79891780 23.10 195.469483  62.719750  9.087 -100.00 -100.00 -100.00
  50     0.958 55149.79891839 23.17 195.474488  62.721025  8.597 -100.00 -100.00 -100.00
  50     1.168 55149.79891898 22.36 195.479494  62.722301  7.209 -100.00 -100.00 -100.00
  51     1.465 55159.71455515 17.50 195.459571  62.719248  4.041 -100.00 -100.00 -100.00
  51     1.415 55159.71455574 18.25 195.464576  62.720524  4.787 -100.00 -100.00 -100.00
  51     1.190 55159.71455633 18.17 195.469581  62.721800  4.818 -100.00 -100.00 -100.00
  51     1.283 55159.71455693 18.17 195.474587  62.723076  4.345 -100.00 -100.00 -100.00
  51     1.263 55159.71455752 19.46 195.479593  62.724352  6.880 -100.00 -100.00 -100.00
  52     1.698 55169.63019376 16.90 195.463796  62.721976  3.669 -100.00 -100.00 -100.00
  52     1.524 55169.63019435 16.90 195.468801  62.723252  4.740 -100.00 -100.00 -100.00
  52     1.516 55169.63019494 16.90 195.473807  62.724528  4.292 -100.00 -100.00 -100.00
  52     1.464 55169.63019553 16.79 195.478813  62.725804  4.578 -100.00 -100.00 -100.00
  53     1.448 55179.54583044 24.55 195.463115  62.721820  7.943 -100.00 -100.00 -100.00
  53     1.540 55179.54583103 23.57 195.468120  62.723096  5.817 -100.00 -100.00 -100.00
  53     1.424 55179.54583162 24.49 195.473125  62.724372  8.052 -100.00 -100.00 -100.00
  53     1.461 55179.54583221 24.97 195.478130  62.725648  8.049 -100.00 -100.00 -100.00
  54     1.737 55189.46147689 30.82 195.461730  62.721023 14.085 -100.00 -100.00 -100.00
  54     1.499 55189.46147748 31.84 195.466735  62.722299 16.663 -100.00 -100.00 -100.00
  54     1.561 55189.46147807 31.26 195.471740  62.723575 14.210 -100.00 -100.00 -100.00
  54     1.527 55189.46147866 33.26 195.476745  62.724851 20.603 -100.00 -100.00 -100.00
  54     1.101 55189.46147925 35.77 195.481751  62.726126 31.513 -100.00 -100.00 -100.00
  55     1.840 55199.37712739 24.03 195.461260  62.721599  6.339 -100.00 -100.00 -100.00
  55     1.920 55199.37712798 24.39 195.466264  62.722875  6.929 -100.00 -100.00 -100.00
  55     1.622 55199.37712857 24.39 195.471270  62.724151  6.911 -100.00 -100.00 -100.00
  55     1.608 55199.37712916 23.68 195.476275  62.725427  6.347 -100.00 -100.00 -100.00
  55     1.633 55199.37712975 23.44 195.481281  62.726702  5.775 -100.00 -100.00 -100.00
  56     2.052 55209.29277780 22.19 195.465504  62.724195  5.153 -100.00 -100.00 -100.00
  56     1.617 55209.29277839 22.11 195.470509  62.725471  4.733 -100.00 -100.00 -100.00
  56     1.595 55209.29277898 22.67 195.475515  62.726747  5.463 -100.00 -100.00 -100.00
  56     1.754 55209.29277957 22.32 195.480522  62.728022  4.948 -100.00 -100.00 -100.00
  57     1.623 55219.20842739 21.34 195.466717  62.726055  4.802 -100.00 -100.00 -100.00
  57     1.679 55219.20842798 21.16 195.471723  62.727330  4.168 -100.00 -100.00 -100.00
  57     1.744 55219.20842857 21.50 195.476729  62.728606  4.700 -100.00 -100.00 -100.00
  57     1.643 55219.20842916 21.43 195.481736  62.729881  4.150 -100.00 -100.00 -100.00
  58     1.481 55229.12407625 21.07 195.470064  62.727003  3.688 -100.00 -100.00 -100.00
  58     1.658 55229.12407684 21.42 195.475070  62.728279  4.414 -100.00 -100.00 -100.00
  58     1.681 55229.12407743 21.24 195.480077  62.729554  3.836 -100.00 -100.00 -100.00
  59     1.605 55239.03972101 21.43 195.466739  62.724684  5.620 -100.00 -100.00 -100.00
  59     1.681 55239.03972160 21.72 195.471745  62.725960  5.980 -100.00 -100.00 -100.00
  59     1.599 55239.03972219 22.73 195.476752  62.727236  7.537 -100.00 -100.00 -100.00
  59     1.794 55239.03972278 21.53 195.481759  62.728511  5.057 -100.00 -100.00 -100.00
  60     1.980 55248.95536196 18.22 195.462530  62.721182  4.527 -100.00 -100.00 -100.00
  60     1.830 55248.95536255 18.52 195.467535  62.722458  4.194 -100.00 -100.00 -100.00
  60     1.973 55248.95536314 18.33 195.472541  62.723734  4.462 -100.00 -100.00 -100.00
  60     2.028 55248.95536373 18.34 195.477548  62.725010  3.937 -100.00 -100.00 -100.00
  60     2.032 55248.95536432 18.07 195.482554  62.726285  3.360 -100.00 -100.00 -100.00
  61     1.903 55258.87100060 18.24 195.458448  62.718645  3.203 -100.00 -100.00 -100.00
  61     1.930 55258.87100119 18.25 195.463453  62.719921  3.049 -100.00 -100.00 -100.00
  61     1.932 55258.87100178 18.35 195.468459  62.721197  3.020 -100.00 -100.00 -100.00
  61     1.940 55258.87100237 18.33 195.473465  62.722473  3.698 -100.00 -100.00 -100.00
  61     1.809 55258.87100296 18.41 195.478471  62.723748  3.601 -100.00 -100.00 -100.00
  62     2.145 55268.78663930 16.99 195.460330  62.719193  3.491 -100.00 -100.00 -100.00
  62     2.056 55268.78663989 17.00 195.465335  62.720469  3.408 -100.00 -100.00 -100.00
  62     1.666 55268.78664048 16.85 195.470341  62.721744  3.000 -100.00 -100.00 -100.00
  62     1.896 55268.78664107 16.96 195.475347  62.723020  3.333 -100.00 -100.00 -100.00
  62     1.885 55268.78664166 16.97 195.480353  62.724295  3.257 -100.00 -100.00 -100.00
  63     2.043 55278.70227757 16.29 195.460106  62.720294  3.051 -100.00 -100.00 -100.00
  63     1.923 55278.70227816 16.32 195.465111  62.721570  3.183 -100.00 -100.00 -100.00
  63     1.816 55278.70227875 16.63 195.470116  62.722846  3.299 -100.00 -100.00 -100.00
  63     1.825 55278.70227934 16.57 195.475122  62.724122  3.405 -100.00 -100.00 -100.00
  63     1.924 55278.70227993 16.75 195.480128  62.725397  3.282 -100.00 -100.00 -100.00
  64     1.853 55288.61791439 15.57 195.459234  62.720363  3.018 -100.00 -100.00 -100.00
  64     1.544 55288.61791498 15.79 195.464239  62.721639  3.403 -100.00 -100.00 -100.00
  64     1.918 55288.61791557 15.48 195.469244  62.722915  2.856 -100.00 -100.00 -100.00
  64     1.768 55288.61791616 15.78 195.474249  62.724191  3.456 -100.00 -100.00 -100.00
  64     1.828 55288.61791675 15.94 195.479255  62.725467  3.588 -100.00 -100.00 -100.00
  65     1.812 55298.53354846 15.10 195.456934  62.718464  6.385 -100.00 -100.00 -100.00
  65     1.758 55298.53354905 13.62 195.461938  62.719740  4.651 -100.00 -100.00 -100.00
  65     1.892 55298.53354964 13.23 195.466942  62.721016  3.860 -100.00 -100.00 -100.00
  65     1.980 55298.53355024 13.16 195.471947  62.722292  3.222 -100.00 -100.00 -100.00
  65     1.935 55298.53355083 13.18 195.476952  62.723568  3.261 -100.00 -100.00 -100.00
  65     2.016 55298.53355142 13.24 195.481957  62.724843  3.490 -100.00 -100.00 -100.00
  66     0.488 55308.44919145 20.59 195.458166  62.716969 21.104 -100.00 -100.00 -100.00
  66     1.592 55308.44919204 16.09 195.463170  62.718245 11.538 -100.00 -100.00 -100.00
  66     2.069 55308.44919263 12.01 195.468173  62.719521  5.325 -100.00 -100.00 -100.00
  66     2.094 55308.44919322 11.27 195.473178  62.720797  4.263 -100.00 -100.00 -100.00
  66     2.228 55308.44919381 11.21 195.478182  62.722073  4.583 -100.00 -100.00 -100.00
  67     1.896 55318.36483685 11.69 195.452922  62.714837  5.183 -100.00 -100.00 -100.00
  67     1.617 55318.36483744 14.91 195.457925  62.716113  8.903 -100.00 -100.00 -100.00
  67     2.042 55318.36483803 11.15 195.462928  62.717389  3.950 -100.00 -100.00 -100.00
  67     2.075 55318.36483862 10.77 195.467932  62.718665  3.299 -100.00 -100.00 -100.00
  67     2.186 55318.36483921 10.99 195.472936  62.719941  3.595 -100.00 -100.00 -100.00
  67     2.356 55318.36483980 10.74 195.477940  62.721217  3.396 -100.00 -100.00 -100.00
  68     2.082 55328.28048233 33.55 195.455183  62.716259 29.496 -100.00 -100.00 -100.00
  68     2.090 55328.28048292 32.94 195.460186  62.717535 26.447 -100.00 -100.00 -100.00
  68     2.006 55328.28048351 32.67 195.465190  62.718811 24.168 -100.00 -100.00 -100.00
  68     1.865 55328.28048410 32.64 195.470194  62.720087 29.399 -100.00 -100.00 -100.00
  68     1.751 55328.28048469 36.44 195.475199  62.721363   -100 -100.00 -100.00 -100.00
  68     1.676 55328.28048529 38.06 195.480204  62.722638   -100 -100.00 -100.00 -100.00
  69     2.511 55338.19612785 41.50 195.461373  62.719952   -100 -100.00 -100.00 -100.00
  69     2.547 55338.19612844 34.13 195.466377  62.721228 25.600 -100.00 -100.00 -100.00
  69     2.501 55338.19612903 36.54 195.471382  62.722503   -100 -100.00 -100.00 -100.00
  69     2.407 55338.19612962 39.05 195.476387  62.723779   -100 -100.00 -100.00 -100.00
  69     2.819 55338.19613021 42.41 195.481393  62.725054   -100 -100.00 -100.00 -100.00
  70     1.876 55348.11177257 33.15 195.464528  62.722545 21.405 -100.00 -100.00 -100.00
  70     1.625 55348.11177316 33.74 195.469533  62.723821 25.188 -100.00 -100.00 -100.00
  70     1.346 55348.11177375 35.89 195.474538  62.725097 29.612 -100.00 -100.00 -100.00
  70     1.204 55348.11177434 38.24 195.479544  62.726372   -100 -100.00 -100.00 -100.00
  71     0.905 55358.02741478 41.36 195.462542  62.722660  1.496 -100.00 -100.00 -100.00
  71     1.183 55358.02741537 41.03 195.467547  62.723936   -100 -100.00 -100.00 -100.00
  71     1.247 55358.02741596 41.16 195.472552  62.725212   -100 -100.00 -100.00 -100.00
  71     1.290 55358.02741655 42.49 195.477558  62.726488   -100 -100.00 -100.00 -100.00
  71     1.255 55358.02741714 42.00 195.482564  62.727763   -100 -100.00 -100.00 -100.00
  72     1.881 55367.94305512 32.38 195.463178  62.722655 23.251 -100.00 -100.00 -100.00
  72     1.917 55367.94305571 31.50 195.468183  62.723931 20.787 -100.00 -100.00 -100.00
  72     1.510 55367.94305630 32.82 195.473188  62.725207 26.426 -100.00 -100.00 -100.00
  72     1.639 55367.94305689 33.38 195.478194  62.726483 27.984 -100.00 -100.00 -100.00
  73     1.619 55377.85869358 38.72 195.460825  62.721701   -100 -100.00 -100.00 -100.00
  73     1.481 55377.85869418 38.98 195.465830  62.722977   -100 -100.00 -100.00 -100.00
  73     1.414 55377.85869477 38.27 195.470835  62.724253   -100 -100.00 -100.00 -100.00
  73     1.500 55377.85869536 40.52 195.475840  62.725528   -100 -100.00 -100.00 -100.00
  73     1.481 55377.85869595 42.09 195.480847  62.726804   -100 -100.00 -100.00 -100.00
  74     1.077 55387.77433169 34.48 195.462279  62.722065   -100 -100.00 -100.00 -100.00
  74     1.255 55387.77433228 34.57 195.467284  62.723341   -100 -100.00 -100.00 -100.00
  74     1.350 55387.77433287 37.02 195.472289  62.724617   -100 -100.00 -100.00 -100.00
  74     1.310 55387.77433346 35.87 195.477295  62.725892   -100 -100.00 -100.00 -100.00
  74     1.362 55387.77433405 35.80 195.482301  62.727168   -100 -100.00 -100.00 -100.00
  75     1.871 55397.68996844 31.48 195.460505  62.721463 24.551 -100.00 -100.00 -100.00
  75     1.437 55397.68996903 33.75 195.465509  62.722740   -100 -100.00 -100.00 -100.00
  75     1.312 55397.68996962 37.31 195.470514  62.724016   -100 -100.00 -100.00 -100.00
  75     1.272 55397.68997021 38.28 195.475519  62.725291   -100 -100.00 -100.00 -100.00
  75     1.410 55397.68997080 39.15 195.480525  62.726567   -100 -100.00 -100.00 -100.00
  76     1.353 55407.60561228 30.90 195.461796  62.721115 21.333 -100.00 -100.00 -100.00
  76     1.023 55407.60561287 33.72 195.466800  62.722391   -100 -100.00 -100.00 -100.00
  76     1.374 55407.60561346 37.14 195.471805  62.723667   -100 -100.00 -100.00 -100.00
  76     1.526 55407.60561405 37.30 195.476810  62.724943   -100 -100.00 -100.00 -100.00
  76     1.364 55407.60561464 39.02 195.481815  62.726218   -100 -100.00 -100.00 -100.00
  77     1.847 55417.52126282 33.85 195.459070  62.719518   -100 -100.00 -100.00 -100.00
  77     1.826 55417.52126341 30.72 195.464074  62.720794   -100 -100.00 -100.00 -100.00
  77     1.769 55417.52126400 26.05 195.469078  62.722070 17.188 -100.00 -100.00 -100.00
  77     1.561 55417.52126459 27.98 195.474082  62.723346 23.248 -100.00 -100.00 -100.00
  77     1.593 55417.52126518 27.91 195.479087  62.724622 22.841 -100.00 -100.00 -100.00
  78     1.605 55427.43691015 44.50 195.458747  62.718158 32.744 -100.00 -100.00 -100.00
  78     2.114 55427.43691074 42.25 195.463750  62.719434   -100 -100.00 -100.00 -100.00
  78     2.045 55427.43691134 44.38 195.468754  62.720710   -100 -100.00 -100.00 -100.00
  78     1.576 55427.43691193 37.18 195.473758  62.721986   -100 -100.00 -100.00 -100.00
  78     1.555 55427.43691252 40.53 195.478763  62.723261  7.097  214.13  226.12  227.22
  79     1.711 55437.35255486 43.14 195.457572  62.717521   -100 -100.00 -100.00 -100.00
  79     1.776 55437.35255545 40.31 195.462575  62.718797   -100 -100.00 -100.00 -100.00
  79     1.745 55437.35255604 38.78 195.467579  62.720072   -100 -100.00 -100.00 -100.00
  79     1.379 55437.35255664 34.61 195.472583  62.721348 25.829 -100.00 -100.00 -100.00
  79     1.579 55437.35255723 35.08 195.477588  62.722623 25.479 -100.00 -100.00 -100.00
  80     1.985 55447.26819875 29.30 195.459025  62.718723 18.665 -100.00 -100.00 -100.00
  80     1.684 55447.26819934 30.43 195.464029  62.719999 23.551 -100.00 -100.00 -100.00
  80     1.672 55447.26819993 29.21 195.469033  62.721275 19.096 -100.00 -100.00 -100.00
  80     1.564 55447.26820052 30.16 195.474038  62.722550 23.452 -100.00 -100.00 -100.00
  80     1.611 55447.26820111 30.70 195.479043  62.723826 23.904 -100.00 -100.00 -100.00
  81     1.512 55457.18384221 40.17 195.459511  62.719966 31.797 -100.00 -100.00 -100.00
  81     1.352 55457.18384281 40.40 195.464516  62.721241   -100 -100.00 -100.00 -100.00
  81     1.268 55457.18384340 40.75 195.469520  62.722517   -100 -100.00 -100.00 -100.00
  81     1.340 55457.18384399 44.41 195.474526  62.723793   -100 -100.00 -100.00 -100.00
  81     1.366 55457.18384458 43.10 195.479531  62.725068   -100 -100.00 -100.00 -100.00
  82     0.836 55467.09948517 32.30 195.461923  62.721012 26.149 -100.00 -100.00 -100.00
  82     0.871 55467.09948576 34.04 195.466928  62.722288   -100 -100.00 -100.00 -100.00
  82     0.995 55467.09948635 35.20 195.471933  62.723564   -100 -100.00 -100.00 -100.00
  82     1.017 55467.09948694 35.03 195.476939  62.724839   -100 -100.00 -100.00 -100.00
  82     1.082 55467.09948753 36.27 195.481945  62.726115   -100 -100.00 -100.00 -100.00
  83     1.139 55477.01512425 43.10 195.460256  62.719449   -100 -100.00 -100.00 -100.00
  83     1.700 55477.01512484 44.13 195.465260  62.720725 22.628 -100.00 -100.00 -100.00
  83     1.290 55477.01512543 49.74 195.470265  62.722001   -100 -100.00 -100.00 -100.00
  83     0.951 55477.01512602 48.89 195.475271  62.723277 16.764 -100.00 -100.00 -100.00
  83     1.006 55477.01512661 44.38 195.480276  62.724552   -100 -100.00 -100.00 -100.00
  84     2.454 55486.93075956 26.13 195.454315  62.716137  8.984 -100.00 -100.00 -100.00
  84     1.515 55486.93076015 29.39 195.459318  62.717414 17.975 -100.00 -100.00 -100.00
  84     0.696 55486.93076074 30.19 195.464322  62.718690 19.266 -100.00 -100.00 -100.00
  84     0.595 55486.93076133 33.12 195.469327  62.719966 31.099 -100.00 -100.00 -100.00
  84     1.034 55486.93076192 34.09 195.474332  62.721242 29.336 -100.00 -100.00 -100.00
  84     1.051 55486.93076251 35.38 195.479337  62.722518 31.677 -100.00 -100.00 -100.00
  85     1.255 55496.84639337 37.49 195.454290  62.714902 23.119 -100.00 -100.00 -100.00
  85     0.973 55496.84639396 41.32 195.459294  62.716179   -100 -100.00 -100.00 -100.00
  85     0.708 55496.84639455 41.81 195.464298  62.717455   -100 -100.00 -100.00 -100.00
  85     0.818 55496.84639514 36.98 195.469302  62.718731 23.886 -100.00 -100.00 -100.00
  85     0.845 55496.84639573 35.76 195.474307  62.720007 20.012 -100.00 -100.00 -100.00
  85     1.080 55496.84639632 34.78 195.479312  62.721283 17.719 -100.00 -100.00 -100.00
  86     0.640 55506.76202997 40.17 195.456979  62.716317   -100 -100.00 -100.00 -100.00
  86     0.888 55506.76203056 41.02 195.461983  62.717594   -100 -100.00 -100.00 -100.00
  86     0.652 55506.76203115 42.08 195.466987  62.718870   -100 -100.00 -100.00 -100.00
  86     0.645 55506.76203174 46.33 195.471992  62.720146   -100 -100.00 -100.00 -100.00
  86     0.610 55506.76203233 38.29 195.476997  62.721422   -100 -100.00 -100.00 -100.00
  86     0.481 55506.76203292 36.99 195.482002  62.722698 31.296 -100.00 -100.00 -100.00
  87     0.383 55516.67768115 36.48 195.461393  62.719724   -100 -100.00 -100.00 -100.00
  87     0.281 55516.67768174 38.11 195.466397  62.721000   -100 -100.00 -100.00 -100.00
  87     0.148 55516.67768233 38.53 195.471402  62.722276   -100 -100.00 -100.00 -100.00
  87     0.066 55516.67768292 34.02 195.476408  62.723552 26.284 -100.00 -100.00 -100.00
  87     0.105 55516.67768351 33.06 195.481414  62.724827 22.545 -100.00 -100.00 -100.00
  88     0.716 55526.59333109 27.71 195.463743  62.722074 11.382 -100.00 -100.00 -100.00
  88     0.599 55526.59333168 28.60 195.468748  62.723350 11.882 -100.00 -100.00 -100.00
  88     0.649 55526.59333227 29.40 195.473753  62.724626 14.078 -100.00 -100.00 -100.00
  88     0.468 55526.59333287 30.26 195.478759  62.725902 16.814 -100.00 -100.00 -100.00
  89     0.999 55536.50897880 20.28 195.465012  62.723190  5.221 -100.00 -100.00 -100.00
  89     0.996 55536.50897939 20.87 195.470017  62.724466  5.504 -100.00 -100.00 -100.00
  89     1.319 55536.50897998 20.76 195.475023  62.725742  5.977 -100.00 -100.00 -100.00
  89     1.380 55536.50898057 19.85 195.480029  62.727017  4.523 -100.00 -100.00 -100.00
  90     1.140 55546.42462413 17.86 195.464873  62.723488  4.183 -100.00 -100.00 -100.00
  90     1.150 55546.42462472 18.12 195.469878  62.724764  4.592 -100.00 -100.00 -100.00
  90     1.159 55546.42462531 17.95 195.474884  62.726039  4.125 -100.00 -100.00 -100.00
  90     1.205 55546.42462590 17.92 195.479890  62.727315  4.439 -100.00 -100.00 -100.00
  91     1.471 55556.34026748 16.00 195.462604  62.723571  3.400 -100.00 -100.00 -100.00
  91     1.356 55556.34026807 16.22 195.467609  62.724847  3.816 -100.00 -100.00 -100.00
  91     1.316 55556.34026866 16.25 195.472615  62.726123  3.601 -100.00 -100.00 -100.00
  91     1.286 55556.34026925 16.42 195.477621  62.727398  3.692 -100.00 -100.00 -100.00
  91     1.230 55556.34026984 16.40 195.482627  62.728674  3.982 -100.00 -100.00 -100.00
  92     0.514 55566.25591085 22.30 195.467514  62.725527 14.817 -100.00 -100.00 -100.00
  92     0.669 55566.25591144 24.76 195.472520  62.726803 21.035 -100.00 -100.00 -100.00
  92     0.637 55566.25591203 26.28 195.477527  62.728078 26.596 -100.00 -100.00 -100.00
  92     0.720 55566.25591262 27.31 195.482533  62.729354 30.217 -100.00 -100.00 -100.00
  93     1.101 55576.17155280 17.95 195.466761  62.724821  9.155 -100.00 -100.00 -100.00
  93     1.262 55576.17155339 22.06 195.471767  62.726097 14.767 -100.00 -100.00 -100.00
  93     1.387 55576.17155398 25.15 195.476773  62.727373 23.358 -100.00 -100.00 -100.00
  93     1.275 55576.17155457 26.29 195.481780  62.728648 30.936 -100.00 -100.00 -100.00
  94     1.380 55586.08719228 15.90 195.461755  62.721552  5.992 -100.00 -100.00 -100.00
  94     1.163 55586.08719288 16.84 195.466760  62.722828  7.921 -100.00 -100.00 -100.00
  94     1.050 55586.08719347 19.76 195.471766  62.724104 12.182 -100.00 -100.00 -100.00
  94     1.384 55586.08719406 18.40 195.476772  62.725380  9.044 -100.00 -100.00 -100.00
  94     1.344 55586.08719465 20.39 195.481778  62.726655 12.904 -100.00 -100.00 -100.00
  95     1.412 55596.00282871 13.84 195.458783  62.718207  4.060 -100.00 -100.00 -100.00
  95     1.538 55596.00282930 14.05 195.463787  62.719483  4.102 -100.00 -100.00 -100.00
  95     1.598 55596.00282989 13.81 195.468792  62.720759  3.569 -100.00 -100.00 -100.00
  95     1.707 55596.00283048 13.97 195.473798  62.722035  3.927 -100.00 -100.00 -100.00
  95     1.613 55596.00283107 14.22 195.478803  62.723311  4.615 -100.00 -100.00 -100.00
  96     2.245 55605.91846207 13.31 195.455577  62.715788  3.595 -100.00 -100.00 -100.00
  96     2.123 55605.91846266 13.50 195.460581  62.717064  3.555 -100.00 -100.00 -100.00
  96     2.118 55605.91846325 13.74 195.465585  62.718341  4.344 -100.00 -100.00 -100.00
  96     2.065 55605.91846384 13.40 195.470590  62.719617  3.256  227.08  218.86  203.76
  96     1.926 55605.91846443 13.55 195.475595  62.720893  3.625  227.08  218.86  203.76
  96     1.957 55605.91846502 13.48 195.480601  62.722169  3.607  227.08  218.86  203.76
  97     1.730 55615.83409352 16.36 195.453332  62.714856  6.778 -100.00 -100.00 -100.00
  97     1.946 55615.83409411 14.71 195.458336  62.716133  4.419 -100.00 -100.00 -100.00
  97     1.926 55615.83409470 14.42 195.463340  62.717409  3.109 -100.00 -100.00 -100.00
  97     2.150 55615.83409529 14.31 195.468344  62.718685  3.518 -100.00 -100.00 -100.00
  97     2.006 55615.83409588 14.28 195.473349  62.719962  3.534 -100.00 -100.00 -100.00
  97     1.923 55615.83409647 14.31 195.478354  62.721238  3.312 -100.00 -100.00 -100.00
  98     2.310 55625.74973538 15.28 195.455576  62.716580  3.914 -100.00 -100.00 -100.00
  98     2.003 55625.74973597 15.44 195.460580  62.717857  3.237 -100.00 -100.00 -100.00
  98     1.929 55625.74973656 15.26 195.465584  62.719133  2.983 -100.00 -100.00 -100.00
  98     2.094 55625.74973715 15.78 195.470589  62.720409  3.742 -100.00 -100.00 -100.00
  98     2.061 55625.74973774 15.42 195.475594  62.721685  3.884 -100.00 -100.00 -100.00
  98     2.061 55625.74973833 15.42 195.480600  62.722961  3.718 -100.00 -100.00 -100.00
  99     2.141 55635.66538771 15.02 195.457560  62.718181  2.981 -100.00 -100.00 -100.00
  99     2.118 55635.66538830 15.25 195.462565  62.719458  3.197 -100.00 -100.00 -100.00
  99     2.153 55635.66538889 15.34 195.467569  62.720734  3.739 -100.00 -100.00 -100.00
  99     2.038 55635.66538948 15.24 195.472574  62.722010  3.286 -100.00 -100.00 -100.00
  99     2.014 55635.66539007 15.29 195.477580  62.723286  3.289 -100.00 -100.00 -100.00
 100     1.931 55645.58103749 14.68 195.456967  62.718009  4.613 -100.00 -100.00 -100.00
 100     1.915 55645.58103809 14.54 195.461971  62.719285  4.044 -100.00 -100.00 -100.00
 100     1.922 55645.58103868 14.26 195.466976  62.720561  3.291 -100.00 -100.00 -100.00
 100     1.954 55645.58103927 14.09 195.471980  62.721837  2.847 -100.00 -100.00 -100.00
 100     1.878 55645.58103986 14.12 195.476986  62.723113  3.295 -100.00 -100.00 -100.00
 100     2.057 55645.58104045 14.07 195.481991  62.724388  3.307 -100.00 -100.00 -100.00
 101     2.430 55655.49668447 11.96 195.456667  62.717160  3.132 -100.00 -100.00 -100.00
 101     2.090 55655.49668506 11.74 195.461670  62.718436  2.753 -100.00 -100.00 -100.00
 101     2.215 55655.49668565 11.75 195.466674  62.719712  2.978 -100.00 -100.00 -100.00
 101     2.170 55655.49668624 11.58 195.471679  62.720988  2.782 -100.00 -100.00 -100.00
 101     2.217 55655.49668683 11.76 195.476684  62.722264  2.955 -100.00 -100.00 -100.00
 101     2.283 55655.49668742 11.58 195.481689  62.723539  2.756 -100.00 -100.00 -100.00
 102     2.271 55665.41232677 12.12 195.454578  62.716109  2.781 -100.00 -100.00 -100.00
 102     2.435 55665.41232736 11.92 195.459581  62.717385  2.954 -100.00 -100.00 -100.00
 102     2.629 55665.41232795 12.09 195.464585  62.718661  2.951 -100.00 -100.00 -100.00
 102     2.350 55665.41232854 12.10 195.469589  62.719937  3.404 -100.00 -100.00 -100.00
 102     2.500 55665.41232913 11.90 195.474594  62.721213  2.611 -100.00 -100.00 -100.00
 102     2.369 55665.41232972 11.94 195.479599  62.722488  2.786 -100.00 -100.00 -100.00
 103     2.552 55675.32796674  9.49 195.456329  62.716994  3.620 -100.00 -100.00 -100.00
 103     2.236 55675.32796733 10.16 195.461333  62.718270  5.342 -100.00 -100.00 -100.00
 103     2.387 55675.32796792  8.98 195.466336  62.719546  3.001 -100.00 -100.00 -100.00
 103     2.461 55675.32796851  8.60 195.471341  62.720821  2.574 -100.00 -100.00 -100.00
 103     2.351 55675.32796910  8.48 195.476345  62.722097  2.443 -100.00 -100.00 -100.00
 103     2.456 55675.32796969  8.63 195.481351  62.723372  2.889 -100.00 -100.00 -100.00
 104     1.414 55685.24360497 26.38 195.456633  62.718254 25.365 -100.00 -100.00 -100.00
 104     2.281 55685.24360556 21.88 195.461637  62.719530 13.014 -100.00 -100.00 -100.00
 104     1.962 55685.24360615 23.72 195.466641  62.720806 15.707 -100.00 -100.00 -100.00
 104     1.828 55685.24360674 22.98 195.471646  62.722082 16.197 -100.00 -100.00 -100.00
 104     1.802 55685.24360733 21.31 195.476651  62.723357 12.245 -100.00 -100.00 -100.00
 104     1.664 55685.24360792 22.13 195.481656  62.724633 13.359 -100.00 -100.00 -100.00
 105     2.570 55695.15924223 31.26 195.458648  62.719623 18.620 -100.00 -100.00 -100.00
 105     2.176 55695.15924282 31.45 195.463653  62.720899 19.954 -100.00 -100.00 -100.00
 105     1.967 55695.15924341 31.85 195.468657  62.722175 21.099 -100.00 -100.00 -100.00
 105     1.566 55695.15924400 35.28 195.473662  62.723451   -100 -100.00 -100.00 -100.00
 105     1.732 55695.15924459 34.36 195.478667  62.724726 30.248 -100.00 -100.00 -100.00
 106     2.738 55705.07487798 48.50 195.459606  62.719748   -100 -100.00 -100.00 -100.00
 106     2.738 55705.07487857 48.35 195.464610  62.721025   -100 -100.00 -100.00 -100.00
 106     2.746 55705.07487916 38.68 195.469614  62.722301   -100 -100.00 -100.00 -100.00
 106     2.769 55705.07487975 36.20 195.474619  62.723577 32.658 -100.00 -100.00 -100.00
 106     2.704 55705.07488034 33.42 195.479625  62.724853 19.374 -100.00 -100.00 -100.00
 107     2.157 55714.99052590 32.50 195.461659  62.720427 24.519 -100.00 -100.00 -100.00
 107     2.200 55714.99052649 30.28 195.466664  62.721703 17.037 -100.00 -100.00 -100.00
 107     2.102 55714.99052708 30.17 195.471668  62.722979 19.384 -100.00 -100.00 -100.00
 107     1.660 55714.99052767 33.78 195.476674  62.724255 28.132 -100.00 -100.00 -100.00
 107     1.530 55714.99052826 37.36 195.481680  62.725531   -100 -100.00 -100.00 -100.00
 108     1.918 55724.90617501 31.39 195.462085  62.721325 27.058 -100.00 -100.00 -100.00
 108     2.735 55724.90617560 28.71 195.467089  62.722601 14.915 -100.00 -100.00 -100.00
 108     1.588 55724.90617619 32.84 195.472095  62.723877   -100 -100.00 -100.00 -100.00
 108     1.925 55724.90617678 33.70 195.477100  62.725153   -100 -100.00 -100.00 -100.00
 108     1.958 55724.90617737 35.52 195.482106  62.726429   -100 -100.00 -100.00 -100.00
 109     3.002 55734.82182224 26.93 195.462697  62.722777 14.382 -100.00 -100.00 -100.00
 109     2.724 55734.82182283 27.28 195.467702  62.724053 16.458 -100.00 -100.00 -100.00
 109     1.520 55734.82182342 28.69 195.472708  62.725329 21.652 -100.00 -100.00 -100.00
 109     1.836 55734.82182401 33.42 195.477714  62.726605   -100 -100.00 -100.00 -100.00
 109     1.709 55734.82182460 33.69 195.482720  62.727880   -100 -100.00 -100.00 -100.00
 110     3.017 55744.73746814 28.63 195.463341  62.724010 18.243 -100.00 -100.00 -100.00
 110     1.459 55744.73746873 31.69 195.468346  62.725286 32.635 -100.00 -100.00 -100.00
 110     1.490 55744.73746932 36.50 195.473352  62.726561   -100 -100.00 -100.00 -100.00
 110     1.697 55744.73746991 37.35 195.478358  62.727837   -100 -100.00 -100.00 -100.00
 111     2.074 55754.65311209 29.80 195.462586  62.723442 24.871 -100.00 -100.00 -100.00
 111     2.017 55754.65311268 26.93 195.467591  62.724718 15.083 -100.00 -100.00 -100.00
 111     1.705 55754.65311327 28.67 195.472597  62.725994 20.061 -100.00 -100.00 -100.00
 111     1.791 55754.65311386 28.05 195.477603  62.727269 19.748 -100.00 -100.00 -100.00
 111     2.046 55754.65311445 30.00 195.482609  62.728545 24.167 -100.00 -100.00 -100.00
 112     1.747 55764.56875315 42.49 195.458871  62.720133   -100 -100.00 -100.00 -100.00
 112     2.680 55764.56875374 43.51 195.463875  62.721409 18.147 -100.00 -100.00 -100.00
 112     2.059 55764.56875433 45.59 195.468879  62.722685 31.527 -100.00 -100.00 -100.00
 112     1.357 55764.56875492 46.76 195.473884  62.723961  8.195  220.45  234.15  230.82
 112     1.417 55764.56875551 43.45 195.478889  62.725236   -100  220.45  234.15  230.82
 113     1.282 55774.48439135 42.71 195.455146  62.716396 28.951 -100.00 -100.00 -100.00
 113     1.310 55774.48439194 41.62 195.460149  62.717672  8.231 -100.00 -100.00 -100.00
 113     1.583 55774.48439253 42.28 195.465153  62.718948   -100 -100.00 -100.00 -100.00
 113     1.224 55774.48439312 38.41 195.470157  62.720224   -100 -100.00 -100.00 -100.00
 113     1.247 55774.48439371 31.66 195.475161  62.721500 32.464 -100.00 -100.00 -100.00
 113     1.176 55774.48439430 34.32 195.480166  62.722775   -100 -100.00 -100.00 -100.00
 114     1.655 55784.40002696 28.69 195.455393  62.714973 22.171 -100.00 -100.00 -100.00
 114     1.369 55784.40002755 29.43 195.460396  62.716249 25.225 -100.00 -100.00 -100.00
 114     1.268 55784.40002814 28.19 195.465399  62.717525 19.918 -100.00 -100.00 -100.00
 114     1.123 55784.40002873 33.07 195.470402  62.718801   -100 -100.00 -100.00 -100.00
 114     1.443 55784.40002932 31.50 195.475406  62.720077 26.405 -100.00 -100.00 -100.00
 114     1.376 55784.40002991 34.23 195.480411  62.721353   -100 -100.00 -100.00 -100.00
 115     1.717 55794.31566036 43.80 195.453809  62.715281   -100 -100.00 -100.00 -100.00
 115     1.713 55794.31566095 32.15 195.458812  62.716557   -100 -100.00 -100.00 -100.00
 115     1.704 55794.31566154 29.08 195.463815  62.717833 30.236 -100.00 -100.00 -100.00
 115     1.664 55794.31566213 26.73 195.468819  62.719109 18.445 -100.00 -100.00 -100.00
 115     1.523 55794.31566272 30.27 195.473823  62.720385 31.172 -100.00 -100.00 -100.00
 115     1.812 55794.31566331 31.02 195.478827  62.721661 28.628 -100.00 -100.00 -100.00
 116     1.739 55804.23129795 28.45 195.455163  62.717065 20.583 -100.00 -100.00 -100.00
 116     1.741 55804.23129854 28.05 195.460167  62.718341 19.345 -100.00 -100.00 -100.00
 116     1.492 55804.23129913 27.21 195.465170  62.719618 18.992 -100.00 -100.00 -100.00
 116     1.239 55804.23129972 30.72 195.470174  62.720894   -100 -100.00 -100.00 -100.00
 116     1.522 55804.23130031 33.61 195.475179  62.722169   -100 -100.00 -100.00 -100.00
 116     1.499 55804.23130090 33.80 195.480184  62.723445   -100 -100.00 -100.00 -100.00
 117     2.484 55814.14694839 23.74 195.460867  62.719552  9.755 -100.00 -100.00 -100.00
 117     1.516 55814.14694898 24.24 195.465871  62.720828 11.277 -100.00 -100.00 -100.00
 117     2.578 55814.14694957 25.05 195.470875  62.722104 14.130 -100.00 -100.00 -100.00
 117     1.449 55814.14695016 27.00 195.475880  62.723380 18.108 -100.00 -100.00 -100.00
 117     1.514 55814.14695075 29.48 195.480886  62.724656 24.236 -100.00 -100.00 -100.00
 118     1.101 55824.06259524 33.58 195.456050  62.717259 23.676 -100.00 -100.00 -100.00
 118     0.632 55824.06259583 39.16 195.461054  62.718535   -100 -100.00 -100.00 -100.00
 118     1.102 55824.06259642 35.92 195.466058  62.719811   -100 -100.00 -100.00 -100.00
 118     0.975 55824.06259701 38.89 195.471063  62.721087   -100 -100.00 -100.00 -100.00
 118     0.995 55824.06259760 39.40 195.476068  62.722363  0.355 -100.00 -100.00 -100.00
 118     1.025 55824.06259819 40.63 195.481073  62.723639  4.609 -100.00 -100.00 -100.00
 119     1.107 55833.97823778 33.34 195.455013  62.715269 22.121 -100.00 -100.00 -100.00
 119     0.480 55833.97823838 37.64 195.460017  62.716546   -100 -100.00 -100.00 -100.00
 119     0.809 55833.97823897 36.02 195.465021  62.717822   -100 -100.00 -100.00 -100.00
 119     0.922 55833.97823956 38.41 195.470025  62.719098   -100 -100.00 -100.00 -100.00
 119     0.975 55833.97824015 40.53 195.475030  62.720374   -100 -100.00 -100.00 -100.00
 119     1.194 55833.97824074 40.40 195.480035  62.721650   -100 -100.00 -100.00 -100.00
 120     0.839 55843.89387623 33.86 195.452420  62.713861 21.369 -100.00 -100.00 -100.00
 120     0.684 55843.89387682 36.61 195.457423  62.715137 29.849 -100.00 -100.00 -100.00
 120     0.730 55843.89387741 39.32 195.462427  62.716414   -100 -100.00 -100.00 -100.00
 120     0.740 55843.89387800 40.30 195.467431  62.717690   -100 -100.00 -100.00 -100.00
 120     0.952 55843.89387859 42.46 195.472435  62.718966   -100 -100.00 -100.00 -100.00
 120     1.068 55843.89387918 44.42 195.477440  62.720242  1.975 -100.00 -100.00 -100.00
 121     0.897 55853.80951234 30.84 195.454361  62.715359 19.747 -100.00 -100.00 -100.00
 121     0.699 55853.80951293 35.42 195.459364  62.716636 31.680 -100.00 -100.00 -100.00
 121     1.016 55853.80951352 36.31 195.464368  62.717912   -100 -100.00 -100.00 -100.00
 121     0.909 55853.80951411 38.55 195.469373  62.719189   -100 -100.00 -100.00 -100.00
 121     1.191 55853.80951470 39.39 195.474378  62.720465   -100 -100.00 -100.00 -100.00
 121     1.388 55853.80951529 40.16 195.479383  62.721741   -100 -100.00 -100.00 -100.00
 122     1.747 55863.72515031 40.24 195.458326  62.718399 24.517 -100.00 -100.00 -100.00
 122     2.293 55863.72515090 41.55 195.463330  62.719675 17.186 -100.00 -100.00 -100.00
 122     1.080 55863.72515149 46.94 195.468335  62.720952 18.986 -100.00 -100.00 -100.00
 122     1.190 55863.72515208 51.81 195.473340  62.722228 12.096 -100.00 -100.00 -100.00
 122     1.233 55863.72515267 39.82 195.478345  62.723504   -100 -100.00 -100.00 -100.00
 123     0.413 55873.64080488 32.43 195.463817  62.722138 32.330 -100.00 -100.00 -100.00
 123     0.438 55873.64080547 33.70 195.468821  62.723414   -100 -100.00 -100.00 -100.00
 123     0.433 55873.64080606 32.59 195.473827  62.724690   -100 -100.00 -100.00 -100.00
 123     0.430 55873.64080665 28.82 195.478833  62.725966 20.704 -100.00 -100.00 -100.00
 133     1.916 55972.79724031 13.62 195.456809  62.717252  3.641 -100.00 -100.00 -100.00
 133     1.682 55972.79724090 14.75 195.461813  62.718528  5.091 -100.00 -100.00 -100.00
 133     1.816 55972.79724149 13.66 195.466818  62.719804  3.571 -100.00 -100.00 -100.00
 133     1.783 55972.79724208 14.12 195.471823  62.721080  3.771 -100.00 -100.00 -100.00
 133     1.698 55972.79724267 14.73 195.476829  62.722356  4.966 -100.00 -100.00 -100.00
 133     1.908 55972.79724326 13.96 195.481835  62.723631  4.076 -100.00 -100.00 -100.00
 134     2.156 55982.71287671 12.59 195.458601  62.719497  3.327 -100.00 -100.00 -100.00
 134     2.116 55982.71287730 12.65 195.463605  62.720773  3.293 -100.00 -100.00 -100.00
 134     2.214 55982.71287789 12.77 195.468610  62.722049  3.578 -100.00 -100.00 -100.00
 134     2.091 55982.71287848 12.38 195.473616  62.723325  3.069 -100.00 -100.00 -100.00
 134     2.093 55982.71287907 12.54 195.478622  62.724601  3.025 -100.00 -100.00 -100.00
 135     1.955 55992.62851084 11.12 195.458232  62.719070  3.179 -100.00 -100.00 -100.00
 135     1.818 55992.62851143 11.10 195.463236  62.720347  3.020 -100.00 -100.00 -100.00
 135     2.040 55992.62851202 10.90 195.468240  62.721623  2.766 -100.00 -100.00 -100.00
 135     1.828 55992.62851261 11.37 195.473245  62.722899  4.165 -100.00 -100.00 -100.00
 135     1.912 55992.62851320 10.98 195.478251  62.724175  3.286 -100.00 -100.00 -100.00
 136     2.078 56002.54415903 10.97 195.458968  62.718096  3.125 -100.00 -100.00 -100.00
 136     1.815 56002.54415962 10.85 195.463971  62.719372  3.101 -100.00 -100.00 -100.00
 136     2.157 56002.54416021 11.16 195.468976  62.720648  3.200 -100.00 -100.00 -100.00
 136     1.946 56002.54416080 11.28 195.473980  62.721924  3.273 -100.00 -100.00 -100.00
 136     1.914 56002.54416139 11.42 195.478985  62.723200  3.886 -100.00 -100.00 -100.00
 137     1.990 56012.45980774 10.57 195.453768  62.715144  3.138 -100.00 -100.00 -100.00
 137     2.032 56012.45980833 10.49 195.458771  62.716421  2.951 -100.00 -100.00 -100.00
 137     1.997 56012.45980892 10.62 195.463775  62.717697  2.892 -100.00 -100.00 -100.00
 137     1.964 56012.45980951 10.93 195.468779  62.718973  3.394 -100.00 -100.00 -100.00
 137     2.019 56012.45981010 10.72 195.473783  62.720249  3.089 -100.00 -100.00 -100.00
 137     1.982 56012.45981069 10.67 195.478788  62.721525  3.117 -100.00 -100.00 -100.00
 139     2.561 56032.29109816  9.57 195.460454  62.718958  3.111 -100.00 -100.00 -100.00
 139     2.655 56032.29109875  9.56 195.465458  62.720234  2.783 -100.00 -100.00 -100.00
 139     2.542 56032.29109934  9.60 195.470463  62.721510  3.194 -100.00 -100.00 -100.00
 139     2.392 56032.29109993  9.52 195.475468  62.722786  2.751 -100.00 -100.00 -100.00
 139     2.357 56032.29110052  9.53 195.480473  62.724061  2.940 -100.00 -100.00 -100.00
 141     1.939 56052.12237929  9.40 195.464959  62.723938  4.643 -100.00 -100.00 -100.00
 141     2.116 56052.12237989  9.10 195.469964  62.725214  4.407 -100.00 -100.00 -100.00
 141     2.106 56052.12238048  9.25 195.474970  62.726490  3.926 -100.00 -100.00 -100.00
 141     2.051 56052.12238107  9.44 195.479976  62.727765  4.527 -100.00 -100.00 -100.00
 142     1.234 56062.03801480 36.08 195.461857  62.722176  5.198 -100.00 -100.00 -100.00
 142     1.330 56062.03801539 30.92 195.466862  62.723452   -100 -100.00 -100.00 -100.00
 142     1.379 56062.03801598 31.85 195.471867  62.724728   -100  264.89  262.38  257.44
 142     1.419 56062.03801657 36.96 195.476873  62.726004  4.856  264.89  262.38  257.44
 142     1.510 56062.03801716 35.75 195.481879  62.727279   -100  264.89  262.38  257.44
 143     3.384 56071.95365385 52.09 195.458677  62.719547  6.091 -100.00 -100.00 -100.00
 143     3.161 56071.95365444 46.22 195.463681  62.720823 12.582 -100.00 -100.00 -100.00
 143     3.170 56071.95365503 42.10 195.468685  62.722099   -100 -100.00 -100.00 -100.00
 143     3.179 56071.95365562 51.15 195.473690  62.723375 31.788 -100.00 -100.00 -100.00
 143     3.627 56071.95365621 47.60 195.478696  62.724651   -100 -100.00 -100.00 -100.00
 144     1.819 56081.86930466 34.75 195.461738  62.720579 27.766 -100.00 -100.00 -100.00
 144     2.124 56081.86930525 31.85 195.466742  62.721855 17.081 -100.00 -100.00 -100.00
 144     2.030 56081.86930584 31.92 195.471748  62.723131 16.827 -100.00 -100.00 -100.00
 144     1.873 56081.86930643 36.27 195.476753  62.724407 30.456 -100.00 -100.00 -100.00
 144     1.893 56081.86930702 38.74 195.481759  62.725682 32.167 -100.00 -100.00 -100.00
 145     1.943 56091.78495271 35.94 195.462609  62.722110   -100 -100.00 -100.00 -100.00
 145     1.869 56091.78495330 33.74 195.467614  62.723386 30.358 -100.00 -100.00 -100.00
 145     1.832 56091.78495389 33.13 195.472620  62.724662 29.138 -100.00 -100.00 -100.00
 145     1.777 56091.78495448 34.12 195.477626  62.725938 32.440 -100.00 -100.00 -100.00
 145     2.305 56091.78495507 37.63 195.482632  62.727213 29.347 -100.00 -100.00 -100.00
 146     3.060 56101.70059886 25.16 195.467350  62.724702 12.250 -100.00 -100.00 -100.00
 146     1.786 56101.70059945 27.65 195.472356  62.725978 21.238 -100.00 -100.00 -100.00
 146     1.705 56101.70060004 29.52 195.477362  62.727254 28.206 -100.00 -100.00 -100.00
 146     1.966 56101.70060063 30.20 195.482368  62.728529 27.559 -100.00 -100.00 -100.00
 147     2.113 56111.61622935 35.19 195.462324  62.722999   -100 -100.00 -100.00 -100.00
 147     2.129 56111.61622994 29.94 195.467329  62.724275 25.185 -100.00 -100.00 -100.00
 147     2.037 56111.61623053 28.71 195.472334  62.725551 21.423 -100.00 -100.00 -100.00
 147     1.990 56111.61623112 27.13 195.477340  62.726827 16.872 -100.00 -100.00 -100.00
 147     1.938 56111.61623171 27.02 195.482346  62.728102 15.220 -100.00 -100.00 -100.00
 148     1.836 56121.53186786 27.16 195.458352  62.719463 15.156 -100.00 -100.00 -100.00
 148     1.711 56121.53186845 27.26 195.463356  62.720739 16.699 -100.00 -100.00 -100.00
 148     1.310 56121.53186904 29.46 195.468360  62.722015 24.200 -100.00 -100.00 -100.00
 148     1.592 56121.53186963 30.76 195.473365  62.723290 25.343 -100.00 -100.00 -100.00
 148     1.596 56121.53187022 33.11 195.478370  62.724566   -100 -100.00 -100.00 -100.00
 149     1.590 56131.44750243 44.69 195.453397  62.714809  5.544 -100.00 -100.00 -100.00
 149     1.454 56131.44750302 48.96 195.458399  62.716086 18.059 -100.00 -100.00 -100.00
 149     1.346 56131.44750361 38.80 195.463402  62.717362 21.791 -100.00 -100.00 -100.00
 149     1.553 56131.44750420 39.29 195.468405  62.718638  1.330 -100.00 -100.00 -100.00
 149     1.328 56131.44750479 36.59 195.473409  62.719914   -100 -100.00 -100.00 -100.00
 149     1.295 56131.44750538 34.44 195.478414  62.721189   -100 -100.00 -100.00 -100.00
 150     1.667 56141.36313754 51.18 195.454061  62.713456   -100 -100.00 -100.00 -100.00
 150     1.627 56141.36313813 50.47 195.459063  62.714732   -100 -100.00 -100.00 -100.00
 150     1.342 56141.36313872 45.26 195.464066  62.716008 15.531 -100.00 -100.00 -100.00
 150     1.313 56141.36313931 43.81 195.469069  62.717284 27.439 -100.00 -100.00 -100.00
 150     1.316 56141.36313990 37.59 195.474072  62.718560   -100 -100.00 -100.00 -100.00
 150     1.287 56141.36314049 36.68 195.479076  62.719836   -100 -100.00 -100.00 -100.00
 151     1.467 56151.27878892 44.74 195.455329  62.716135   -100 -100.00 -100.00 -100.00
 151     1.457 56151.27878951 46.10 195.460332  62.717411   -100 -100.00 -100.00 -100.00
 151     1.492 56151.27879011 50.19 195.465336  62.718687 20.997 -100.00 -100.00 -100.00
 151     1.586 56151.27879070 52.97 195.470339  62.719963 10.763 -100.00 -100.00 -100.00
 151     1.667 56151.27879129 52.73 195.475344  62.721239   -100 -100.00 -100.00 -100.00
 151     1.626 56151.27879188 52.63 195.480348  62.722514   -100 -100.00 -100.00 -100.00
 152     1.813 56161.19443914 29.46 195.461088  62.720462 22.580 -100.00 -100.00 -100.00
 152     1.415 56161.19443973 27.79 195.466092  62.721738 21.926 -100.00 -100.00 -100.00
 152     1.388 56161.19444032 29.55 195.471097  62.723013 27.710  224.25  239.61  240.13
 152     1.611 56161.19444091 31.67 195.476102  62.724289   -100  224.25  239.61  240.13
 152     1.730 56161.19444150 34.24 195.481108  62.725565   -100  224.25  239.61  240.13
 153     2.847 56171.11008713 25.62 195.464172  62.722333 13.661 -100.00 -100.00 -100.00
 153     1.487 56171.11008772 28.77 195.469177  62.723609 21.537 -100.00 -100.00 -100.00
 153     1.707 56171.11008831 28.18 195.474182  62.724884 18.902 -100.00 -100.00 -100.00
 153     1.585 56171.11008890 32.48 195.479188  62.726160   -100 -100.00 -100.00 -100.00
 154     1.434 56181.02573000 30.17 195.462293  62.720375 19.916 -100.00 -100.00 -100.00
 154     1.415 56181.02573059 31.65 195.467297  62.721651 24.634 -100.00 -100.00 -100.00
 154     1.343 56181.02573118 33.55 195.472302  62.722927 31.196 -100.00 -100.00 -100.00
 154     1.343 56181.02573177 36.84 195.477308  62.724202   -100 -100.00 -100.00 -100.00
 154     1.612 56181.02573236 37.06 195.482314  62.725478 32.336 -100.00 -100.00 -100.00
 155     1.489 56190.94136821 29.10 195.454670  62.716250 15.583 -100.00 -100.00 -100.00
 155     1.427 56190.94136880 28.22 195.459674  62.717526 16.012 -100.00 -100.00 -100.00
 155     1.237 56190.94136939 31.13 195.464678  62.718803 22.131 -100.00 -100.00 -100.00
 155     1.217 56190.94136998 31.50 195.469682  62.720079 25.445 -100.00 -100.00 -100.00
 155     1.300 56190.94137057 33.95 195.474687  62.721354   -100 -100.00 -100.00 -100.00
 155     1.510 56190.94137116 34.25 195.479693  62.722630   -100 -100.00 -100.00 -100.00
 156     1.446 56200.85700477 28.04 195.455936  62.715668 15.357 -100.00 -100.00 -100.00
 156     1.647 56200.85700536 28.04 195.460939  62.716944 14.596 -100.00 -100.00 -100.00
 156     1.221 56200.85700595 34.29 195.465943  62.718221   -100 -100.00 -100.00 -100.00
 156     1.256 56200.85700654 31.37 195.470948  62.719497 24.622 -100.00 -100.00 -100.00
 156     1.192 56200.85700713 36.18 195.475953  62.720772   -100 -100.00 -100.00 -100.00
 156     1.198 56200.85700772 36.07 195.480959  62.722048   -100 -100.00 -100.00 -100.00
 157     2.466 56210.77263896 27.83 195.455112  62.716671 11.569 -100.00 -100.00 -100.00
 157     1.524 56210.77263956 30.48 195.460116  62.717948 15.647 -100.00 -100.00 -100.00
 157     1.247 56210.77264015 32.73 195.465120  62.719224 25.838 -100.00 -100.00 -100.00
 157     1.217 56210.77264074 35.81 195.470124  62.720500   -100 -100.00 -100.00 -100.00
 157     1.155 56210.77264133 36.81 195.475129  62.721776   -100 -100.00 -100.00 -100.00
 157     1.172 56210.77264192 38.69 195.480135  62.723052   -100 -100.00 -100.00 -100.00
 158     1.862 56220.68827193 40.77 195.459690  62.719645 20.926 -100.00 -100.00 -100.00
 158     1.984 56220.68827252 41.87 195.464694  62.720922 20.468 -100.00 -100.00 -100.00
 158     1.283 56220.68827312 48.17 195.469698  62.722198   -100 -100.00 -100.00 -100.00
 158     1.234 56220.68827371 49.99 195.474703  62.723474  1.919 -100.00 -100.00 -100.00
 158     0.990 56220.68827430 41.17 195.479709  62.724750  3.180 -100.00 -100.00 -100.00
 159     0.803 56230.60392344 41.62 195.461834  62.722478   -100 -100.00 -100.00 -100.00
 159     1.102 56230.60392403 42.77 195.466839  62.723755 32.330 -100.00 -100.00 -100.00
 159     0.685 56230.60392462 43.92 195.471844  62.725031   -100 -100.00 -100.00 -100.00
 159     0.737 56230.60392521 43.33 195.476849  62.726307   -100 -100.00 -100.00 -100.00
 159     0.841 56230.60392580 39.52 195.481855  62.727582 32.323 -100.00 -100.00 -100.00
 160     0.798 56240.51957687 42.89 195.465542  62.723719   -100 -100.00 -100.00 -100.00
 160     0.912 56240.51957746 44.00 195.470547  62.724995   -100 -100.00 -100.00 -100.00
 160     0.648 56240.51957805 42.12 195.475553  62.726271   -100 -100.00 -100.00 -100.00
 160     0.732 56240.51957864 38.94 195.480559  62.727547 25.907 -100.00 -100.00 -100.00
 161     0.931 56250.43522534 25.54 195.461739  62.722120  6.442 -100.00 -100.00 -100.00
 161     0.714 56250.43522593 26.25 195.466743  62.723396  7.168 -100.00 -100.00 -100.00
 161     0.575 56250.43522652 26.21 195.471748  62.724672  7.370 -100.00 -100.00 -100.00
 161     0.606 56250.43522711 26.30 195.476754  62.725948  7.720 -100.00 -100.00 -100.00
 161     0.441 56250.43522770 26.27 195.481760  62.727223  7.484 -100.00 -100.00 -100.00
 162     0.885 56260.35086954 24.76 195.462005  62.721377  6.356 -100.00 -100.00 -100.00
 162     0.905 56260.35087013 25.20 195.467009  62.722653  7.661 -100.00 -100.00 -100.00
 162     0.858 56260.35087072 24.89 195.472014  62.723929  7.189 -100.00 -100.00 -100.00
 162     0.766 56260.35087131 24.99 195.477020  62.725205  7.695 -100.00 -100.00 -100.00
 162     0.739 56260.35087190 26.27 195.482026  62.726480 10.015 -100.00 -100.00 -100.00
 163     0.795 56270.26651150 22.26 195.462792  62.721869  6.082 -100.00 -100.00 -100.00
 163     0.847 56270.26651209 21.87 195.467796  62.723145  5.437 -100.00 -100.00 -100.00
 163     0.757 56270.26651268 22.16 195.472802  62.724421  5.876 -100.00 -100.00 -100.00
 163     0.836 56270.26651327 23.17 195.477807  62.725697  7.805 -100.00 -100.00 -100.00
 163     0.726 56270.26651387 22.46 195.482813  62.726972  6.265 -100.00 -100.00 -100.00
 164     1.284 56280.18215149 16.03 195.461138  62.721818  3.195 -100.00 -100.00 -100.00
 164     1.294 56280.18215208 16.28 195.466143  62.723095  3.212 -100.00 -100.00 -100.00
 164     1.190 56280.18215267 16.72 195.471148  62.724371  4.262 -100.00 -100.00 -100.00
 164     1.203 56280.18215326 16.49 195.476154  62.725646  3.810 -100.00 -100.00 -100.00
 164     1.183 56280.18215385 16.82 195.481160  62.726922  4.257 -100.00 -100.00 -100.00
 165     1.328 56290.09780388 22.88 195.465876  62.723653 14.987 -100.00 -100.00 -100.00
 165     1.383 56290.09780448 17.17 195.470881  62.724929  6.658 -100.00 -100.00 -100.00
 165     1.302 56290.09780507 16.54 195.475887  62.726205  5.668 -100.00 -100.00 -100.00
 165     1.341 56290.09780566 15.86 195.480894  62.727480  3.853 -100.00 -100.00 -100.00
 166     1.452 56300.01345173 16.03 195.463849  62.721796  4.149 -100.00 -100.00 -100.00
 166     1.272 56300.01345232 16.08 195.468855  62.723072  3.414 -100.00 -100.00 -100.00
 166     1.478 56300.01345291 15.85 195.473861  62.724348  3.251 -100.00 -100.00 -100.00
 166     1.433 56300.01345350 15.98 195.478867  62.725624  3.412 -100.00 -100.00 -100.00
 167     1.887 56309.92909488 14.05 195.457236  62.718018  4.078 -100.00 -100.00 -100.00
 167     2.217 56309.92909547 13.43 195.462241  62.719294  2.971 -100.00 -100.00 -100.00
 167     2.086 56309.92909607 13.60 195.467246  62.720570  2.940 -100.00 -100.00 -100.00
 167     1.946 56309.92909666 13.75 195.472252  62.721846  3.311 -100.00 -100.00 -100.00
 167     1.831 56309.92909725 13.75 195.477258  62.723122  3.178 -100.00 -100.00 -100.00
 167     1.850 56309.92909784 13.86 195.482264  62.724397  3.432 -100.00 -100.00 -100.00
 168     1.993 56319.84473635 11.85 195.455710  62.716592  3.017 -100.00 -100.00 -100.00
 168     2.181 56319.84473694 11.78 195.460715  62.717868  2.838 -100.00 -100.00 -100.00
 168     2.224 56319.84473753 11.62 195.465720  62.719144  2.684 -100.00 -100.00 -100.00
 168     1.928 56319.84473812 11.83 195.470725  62.720420  2.846 -100.00 -100.00 -100.00
 168     1.999 56319.84473871 11.76 195.475731  62.721696  2.948 -100.00 -100.00 -100.00
 168     1.818 56319.84473930 11.98 195.480737  62.722971  3.355 -100.00 -100.00 -100.00
 169     2.141 56329.76037785 11.84 195.460131  62.718849  3.246 -100.00 -100.00 -100.00
 169     1.842 56329.76037844 12.06 195.465136  62.720125  2.940 -100.00 -100.00 -100.00
 169     1.710 56329.76037903 11.80 195.470141  62.721401  3.096 -100.00 -100.00 -100.00
 169     1.928 56329.76037962 11.82 195.475147  62.722677  2.711 -100.00 -100.00 -100.00
 169     2.044 56329.76038021 11.45 195.480153  62.723952  2.440 -100.00 -100.00 -100.00
 170     2.331 56339.67601819 12.77 195.460949  62.720641  3.137 -100.00 -100.00 -100.00
 170     2.373 56339.67601878 12.55 195.465954  62.721917  2.839 -100.00 -100.00 -100.00
 170     1.997 56339.67601937 12.49 195.470959  62.723193  2.658 -100.00 -100.00 -100.00
 170     2.104 56339.67601996 12.53 195.475965  62.724469  3.301 -100.00 -100.00 -100.00
 170     2.134 56339.67602055 12.70 195.480971  62.725745  2.915 -100.00 -100.00 -100.00
 171     2.043 56349.59165625 12.15 195.462063  62.721154  2.827 -100.00 -100.00 -100.00
 171     2.170 56349.59165684 12.23 195.467067  62.722430  2.754 -100.00 -100.00 -100.00
 171     1.933 56349.59165744 12.25 195.472072  62.723706  2.895 -100.00 -100.00 -100.00
 171     2.097 56349.59165803 12.16 195.477078  62.724982  2.846 -100.00 -100.00 -100.00
 171     2.029 56349.59165862 12.17 195.482084  62.726257  2.855 -100.00 -100.00 -100.00
 172     2.633 56359.50729178 11.36 195.457354  62.718162  2.724 -100.00 -100.00 -100.00
 172     2.598 56359.50729237 11.56 195.462357  62.719438  3.032 -100.00 -100.00 -100.00
 172     2.547 56359.50729296 11.35 195.467361  62.720715  2.580 -100.00 -100.00 -100.00
 172     2.281 56359.50729355 11.54 195.472366  62.721991  2.628 -100.00 -100.00 -100.00
 172     2.446 56359.50729414 11.46 195.477371  62.723266  3.041 -100.00 -100.00 -100.00
 172     2.259 56359.50729473 11.34 195.482376  62.724542  2.586 -100.00 -100.00 -100.00
 173     2.508 56369.42294171 11.16 195.455621  62.716880  3.096 -100.00 -100.00 -100.00
 173     2.566 56369.42294230 11.19 195.460625  62.718156  3.264 -100.00 -100.00 -100.00
 173     2.385 56369.42294289 11.04 195.465629  62.719432  2.684 -100.00 -100.00 -100.00
 173     2.346 56369.42294348 11.10 195.470633  62.720708  2.732 -100.00 -100.00 -100.00
 173     2.477 56369.42294407 11.01 195.475638  62.721984  2.783 -100.00 -100.00 -100.00
 173     2.254 56369.42294466 10.99 195.480643  62.723259  2.962 -100.00 -100.00 -100.00
 175     2.575 56389.25423568 10.58 195.463197  62.721526  2.918 -100.00 -100.00 -100.00
 175     2.495 56389.25423627 10.63 195.468202  62.722802  3.247 -100.00 -100.00 -100.00
 175     2.396 56389.25423686 10.32 195.473208  62.724078  2.658 -100.00 -100.00 -100.00
 175     2.191 56389.25423745 10.54 195.478213  62.725353  2.625 -100.00 -100.00 -100.00
 176     2.657 56399.16987926 10.96 195.462676  62.723566  2.913 -100.00 -100.00 -100.00
 176     2.557 56399.16987985 10.93 195.467682  62.724842  2.902 -100.00 -100.00 -100.00
 176     2.194 56399.16988044 10.82 195.472687  62.726118  2.680 -100.00 -100.00 -100.00
 176     2.362 56399.16988103 10.92 195.477693  62.727393  2.440 -100.00 -100.00 -100.00
 176     2.443 56399.16988162 10.85 195.482700  62.728668  2.368 -100.00 -100.00 -100.00
 177     2.705 56409.08552071  9.54 195.466734  62.725418  2.810 -100.00 -100.00 -100.00
 177     2.409 56409.08552130  9.33 195.471739  62.726694  2.809 -100.00 -100.00 -100.00
 177     2.509 56409.08552189  9.47 195.476746  62.727970  2.696 -100.00 -100.00 -100.00
 177     2.719 56409.08552248  9.43 195.481752  62.729245  2.683 -100.00 -100.00 -100.00
 178     2.466 56419.00115674 10.47 195.464574  62.723740  3.035 -100.00 -100.00 -100.00
 178     2.283 56419.00115733 10.37 195.469579  62.725016  2.849 -100.00 -100.00 -100.00
 178     2.240 56419.00115792 10.31 195.474585  62.726292  2.769 -100.00 -100.00 -100.00
 178     2.198 56419.00115852 10.31 195.479591  62.727568  2.698 -100.00 -100.00 -100.00
 179     0.745 56428.91679013 14.11 195.461208  62.720920 12.260 -100.00 -100.00 -100.00
 179     1.228 56428.91679072 11.25 195.466212  62.722197  7.368 -100.00 -100.00 -100.00
 179     1.458 56428.91679131  9.63 195.471217  62.723473  4.901 -100.00 -100.00 -100.00
 179    -0.426 56428.91679190 17.82 195.476223  62.724749 21.137 -100.00 -100.00 -100.00
 179    -0.265 56428.91679249 19.53 195.481229  62.726025 26.350 -100.00 -100.00 -100.00
 180     1.315 56438.83244382 43.90 195.461415  62.721470   -100 -100.00 -100.00 -100.00
 180     1.202 56438.83244441 44.43 195.466420  62.722747  9.898 -100.00 -100.00 -100.00
 180     1.452 56438.83244500 42.09 195.471425  62.724023   -100 -100.00 -100.00 -100.00
 180     1.320 56438.83244559 44.36 195.476431  62.725298  4.159 -100.00 -100.00 -100.00
 180     1.588 56438.83244618 43.60 195.481437  62.726574   -100 -100.00 -100.00 -100.00
 181     4.129 56448.74809498 49.94 195.461646  62.722352   -100 -100.00 -100.00 -100.00
 181     4.138 56448.74809557 54.42 195.466651  62.723628   -100 -100.00 -100.00 -100.00
 181     4.141 56448.74809616 50.27 195.471657  62.724904   -100 -100.00 -100.00 -100.00
 181     4.156 56448.74809675 42.03 195.476662  62.726179   -100 -100.00 -100.00 -100.00
 181     4.151 56448.74809734 48.22 195.481669  62.727455 32.095 -100.00 -100.00 -100.00
 182     3.164 56458.66374435 29.68 195.465776  62.723916 14.866 -100.00 -100.00 -100.00
 182     2.403 56458.66374494 28.75 195.470781  62.725192 11.541 -100.00 -100.00 -100.00
 182     2.081 56458.66374553 30.17 195.475787  62.726468 17.623  227.14  244.82  246.23
 182     2.015 56458.66374612 36.13 195.480793  62.727743   -100  227.14  244.82  246.23
 183     2.152 56468.57938959 42.39 195.464067  62.722800   -100 -100.00 -100.00 -100.00
 183     2.220 56468.57939018 38.00 195.469071  62.724076   -100 -100.00 -100.00 -100.00
 183     2.079 56468.57939077 34.64 195.474077  62.725351   -100 -100.00 -100.00 -100.00
 183     2.083 56468.57939136 31.03 195.479083  62.726627 23.415 -100.00 -100.00 -100.00
 184     1.829 56478.49503042 36.96 195.459401  62.720218   -100 -100.00 -100.00 -100.00
 184     1.877 56478.49503101 29.98 195.464405  62.721494 24.373 -100.00 -100.00 -100.00
 184     1.791 56478.49503160 29.46 195.469409  62.722770 21.610 -100.00 -100.00 -100.00
 184     1.708 56478.49503219 29.43 195.474414  62.724045 19.923 -100.00 -100.00 -100.00
 184     1.913 56478.49503278 29.50 195.479420  62.725321 22.555 -100.00 -100.00 -100.00
 185     2.136 56488.41066786 25.83 195.459138  62.718382 13.128 -100.00 -100.00 -100.00
 185     1.806 56488.41066845 26.55 195.464142  62.719658 14.739 -100.00 -100.00 -100.00
 185     1.556 56488.41066905 27.62 195.469146  62.720934 18.844 -100.00 -100.00 -100.00
 185     1.677 56488.41066964 28.26 195.474151  62.722210 18.263 -100.00 -100.00 -100.00
 185     1.565 56488.41067023 33.39 195.479156  62.723485   -100 -100.00 -100.00 -100.00
 187     1.155 56508.24193662 41.06 195.455562  62.716579  5.924 -100.00 -100.00 -100.00
 187     1.116 56508.24193721 37.96 195.460565  62.717856   -100 -100.00 -100.00 -100.00
 187     1.098 56508.24193780 34.99 195.465569  62.719132   -100 -100.00 -100.00 -100.00
 187     1.048 56508.24193839 36.95 195.470573  62.720408   -100 -100.00 -100.00 -100.00
 187     1.402 56508.24193898 39.64 195.475577  62.721684   -100 -100.00 -100.00 -100.00
 187     1.679 56508.24193957 38.95 195.480582  62.722959   -100 -100.00 -100.00 -100.00
 188     1.213 56518.15757546 34.15 195.455173  62.717086 25.654 -100.00 -100.00 -100.00
 188     1.176 56518.15757605 35.46 195.460176  62.718362 30.196 -100.00 -100.00 -100.00
 188     1.156 56518.15757664 34.72 195.465180  62.719639 25.547 -100.00 -100.00 -100.00
 188     1.116 56518.15757723 38.87 195.470184  62.720915   -100 -100.00 -100.00 -100.00
 188     1.129 56518.15757782 38.94 195.475188  62.722191   -100 -100.00 -100.00 -100.00
 188     1.195 56518.15757841 42.04 195.480193  62.723467   -100 -100.00 -100.00 -100.00
 189     1.015 56528.07323042 35.59 195.460236  62.719484   -100 -100.00 -100.00 -100.00
 189     0.869 56528.07323101 38.98 195.465240  62.720760   -100 -100.00 -100.00 -100.00
 189     1.232 56528.07323160 40.14 195.470244  62.722037   -100 -100.00 -100.00 -100.00
 189     1.191 56528.07323219 40.15 195.475249  62.723312   -100 -100.00 -100.00 -100.00
 189     1.207 56528.07323278 43.00 195.480255  62.724588  5.575 -100.00 -100.00 -100.00
 190     1.351 56537.98888021 32.17 195.458501  62.719129 22.720 -100.00 -100.00 -100.00
 190     1.237 56537.98888081 32.35 195.463505  62.720406 22.829 -100.00 -100.00 -100.00
 190     1.083 56537.98888140 36.47 195.468510  62.721682   -100 -100.00 -100.00 -100.00
 190     1.414 56537.98888199 36.99 195.473515  62.722958   -100 -100.00 -100.00 -100.00
 190     1.372 56537.98888258 37.94 195.478520  62.724233   -100  224.27  235.04  235.51
 191     1.857 56547.90452620 40.72 195.458887  62.718951 23.995 -100.00 -100.00 -100.00
 191     1.745 56547.90452679 41.88 195.463891  62.720227 28.495 -100.00 -100.00 -100.00
 191     1.462 56547.90452738 50.28 195.468896  62.721503  5.702 -100.00 -100.00 -100.00
 191     1.499 56547.90452797 53.17 195.473901  62.722779  7.224 -100.00 -100.00 -100.00
 191     1.575 56547.90452856 54.12 195.478907  62.724055   -100 -100.00 -100.00 -100.00
 192     1.052 56557.82016992 34.90 195.461535  62.720373   -100 -100.00 -100.00 -100.00
 192     1.144 56557.82017051 35.14 195.466540  62.721649   -100 -100.00 -100.00 -100.00
 192     1.184 56557.82017110 38.92 195.471545  62.722925   -100 -100.00 -100.00 -100.00
 192     1.166 56557.82017169 38.04 195.476551  62.724201   -100 -100.00 -100.00 -100.00
 192     1.195 56557.82017228 40.09 195.481557  62.725476  5.135 -100.00 -100.00 -100.00
 193     0.962 56567.73581248 33.10 195.461874  62.721800 25.025 -100.00 -100.00 -100.00
 193     0.987 56567.73581307 34.78 195.466879  62.723076 28.823 -100.00 -100.00 -100.00
 193     0.903 56567.73581366 34.99 195.471885  62.724352   -100 -100.00 -100.00 -100.00
 193     0.982 56567.73581425 34.37 195.476891  62.725627 32.698 -100.00 -100.00 -100.00
 193     1.088 56567.73581484 35.02 195.481897  62.726903 32.092 -100.00 -100.00 -100.00
 194     1.152 56577.65145382 33.65 195.463191  62.723517 21.645 -100.00 -100.00 -100.00
 194     1.067 56577.65145441 36.95 195.468196  62.724793   -100 -100.00 -100.00 -100.00
 194     1.331 56577.65145500 36.98 195.473202  62.726068 30.490 -100.00 -100.00 -100.00
 194     1.268 56577.65145559 39.78 195.478208  62.727344   -100 -100.00 -100.00 -100.00
 195     1.036 56587.56709154 37.62 195.465621  62.724013   -100 -100.00 -100.00 -100.00
 195     1.401 56587.56709213 36.02 195.470627  62.725289 30.349 -100.00 -100.00 -100.00
 195     1.333 56587.56709272 34.17 195.475632  62.726565 24.588 -100.00 -100.00 -100.00
 195     1.358 56587.56709331 36.76 195.480638  62.727841   -100 -100.00 -100.00 -100.00
 196     1.014 56597.48273267 36.99 195.465632  62.723164   -100 -100.00 -100.00 -100.00
 196     1.035 56597.48273326 39.42 195.470636  62.724440   -100 -100.00 -100.00 -100.00
 196     1.358 56597.48273385 39.35 195.475642  62.725716   -100 -100.00 -100.00 -100.00
 196     1.321 56597.48273444 40.32 195.480647  62.726991   -100 -100.00 -100.00 -100.00
 197     1.407 56607.39838376 43.87 195.461741  62.722093   -100 -100.00 -100.00 -100.00
 197     1.430 56607.39838435 44.90 195.466745  62.723369   -100 -100.00 -100.00 -100.00
 197     1.531 56607.39838494 47.38 195.471751  62.724645   -100 -100.00 -100.00 -100.00
 197     1.487 56607.39838553 45.77 195.476756  62.725921   -100  212.38  221.23  227.73
 197     1.156 56607.39838612 47.13 195.481762  62.727196 15.005  212.38  221.23  227.73
 198     1.261 56617.31403079 41.91 195.464421  62.722941 28.829 -100.00 -100.00 -100.00
 198     0.718 56617.31403138 44.10 195.469426  62.724217   -100 -100.00 -100.00 -100.00
 198     0.873 56617.31403197 45.32 195.474431  62.725492   -100 -100.00 -100.00 -100.00
 198     0.542 56617.31403256 43.87 195.479437  62.726768  8.996 -100.00 -100.00 -100.00
 199     0.645 56627.22967379 32.30 195.461433  62.722205 16.644 -100.00 -100.00 -100.00
 199     0.624 56627.22967438 32.91 195.466438  62.723481 19.007 -100.00 -100.00 -100.00
 199     0.781 56627.22967497 32.12 195.471443  62.724756 16.277 -100.00 -100.00 -100.00
 199     0.531 56627.22967556 32.53 195.476449  62.726032 18.356 -100.00 -100.00 -100.00
 199     0.603 56627.22967615 32.78 195.481455  62.727307 19.511 -100.00 -100.00 -100.00
 200     1.035 56637.14531448 29.89 195.462685  62.721917 10.037 -100.00 -100.00 -100.00
 200     0.893 56637.14531507 30.05 195.467690  62.723193 11.259 -100.00 -100.00 -100.00
 200     0.827 56637.14531566 31.19 195.472696  62.724469 13.029 -100.00 -100.00 -100.00
 200     1.109 56637.14531625 31.09 195.477702  62.725744 13.318 -100.00 -100.00 -100.00
 200     0.605 56637.14531684 31.76 195.482708  62.727020 13.433 -100.00 -100.00 -100.00
 201     2.309 56647.06095562 26.37 195.459182  62.719569  7.017 -100.00 -100.00 -100.00
 201     1.146 56647.06095621 26.04 195.464187  62.720845  6.637 -100.00 -100.00 -100.00
 201     1.109 56647.06095680 26.70 195.469192  62.722121  8.584 -100.00 -100.00 -100.00
 201     1.331 56647.06095739 25.98 195.474197  62.723397  7.169 -100.00 -100.00 -100.00
 201     0.955 56647.06095798 26.13 195.479203  62.724673  7.436 -100.00 -100.00 -100.00
 202     1.633 56656.97660747 24.61 195.457093  62.718476  6.034 -100.00 -100.00 -100.00
 202     1.834 56656.97660806 24.16 195.462098  62.719753  5.924 -100.00 -100.00 -100.00
 202     1.610 56656.97660865 24.59 195.467103  62.721029  6.365 -100.00 -100.00 -100.00
 202     1.500 56656.97660924 25.01 195.472108  62.722305  7.549 -100.00 -100.00 -100.00
 202     1.252 56656.97660983 24.60 195.477114  62.723581  6.237 -100.00 -100.00 -100.00
 202     0.980 56656.97661042 24.99 195.482121  62.724856  7.392 -100.00 -100.00 -100.00
 203     1.512 56666.89225517 35.90 195.456741  62.718032   -100 -100.00 -100.00 -100.00
 203     1.463 56666.89225576 35.71 195.461745  62.719308   -100 -100.00 -100.00 -100.00
 203     1.172 56666.89225635 36.82 195.466751  62.720584   -100 -100.00 -100.00 -100.00
 203     1.190 56666.89225694 37.28 195.471756  62.721860   -100 -100.00 -100.00 -100.00
 203     1.188 56666.89225753 38.36 195.476762  62.723136   -100 -100.00 -100.00 -100.00
 203     1.195 56666.89225812 36.46 195.481769  62.724411   -100 -100.00 -100.00 -100.00
 205     1.055 56686.72354464 37.94 195.459248  62.720413   -100 -100.00 -100.00 -100.00
 205     1.028 56686.72354523 39.90 195.464253  62.721689   -100 -100.00 -100.00 -100.00
 205     1.131 56686.72354582 40.82 195.469258  62.722965   -100 -100.00 -100.00 -100.00
 205     1.281 56686.72354641 42.92 195.474264  62.724241   -100 -100.00 -100.00 -100.00
 205     1.480 56686.72354700 41.18 195.479271  62.725516   -100 -100.00 -100.00 -100.00
 206     2.375 56696.63918683 24.71 195.461885  62.721345  7.768 -100.00 -100.00 -100.00
 206     1.604 56696.63918742 25.21 195.466890  62.722621  7.780 -100.00 -100.00 -100.00
 206     1.567 56696.63918801 26.17 195.471896  62.723897  9.762 -100.00 -100.00 -100.00
 206     1.444 56696.63918860 28.14 195.476902  62.725173 14.118 -100.00 -100.00 -100.00
 206     1.462 56696.63918919 27.50 195.481908  62.726448 12.482 -100.00 -100.00 -100.00
 207     2.261 56706.55482387 22.78 195.460981  62.720003  5.113 -100.00 -100.00 -100.00
 207     1.698 56706.55482446 23.30 195.465985  62.721279  6.756 -100.00 -100.00 -100.00
 207     1.738 56706.55482505 23.81 195.470990  62.722555  7.407 -100.00 -100.00 -100.00
 207     1.678 56706.55482564 25.50 195.475996  62.723831 10.368 -100.00 -100.00 -100.00
 207     1.607 56706.55482623 23.81 195.481001  62.725106  7.880 -100.00 -100.00 -100.00
 208     1.045 56716.47045749 27.79 195.459824  62.718184 23.287 -100.00 -100.00 -100.00
 208     1.065 56716.47045808 27.83 195.464828  62.719460 23.678 -100.00 -100.00 -100.00
 208     1.115 56716.47045867 26.66 195.469832  62.720736 19.990 -100.00 -100.00 -100.00
 208     1.370 56716.47045927 25.00 195.474837  62.722012 17.522 -100.00 -100.00 -100.00
 208     0.626 56716.47045986 30.92 195.479842  62.723288   -100 -100.00 -100.00 -100.00
 209   -73.176 56726.38611074  9.56 195.459519  62.719313  2.369 -100.00 -100.00 -100.00
 209   -74.503 56726.38611133  9.22 195.464523  62.720589  2.221 -100.00 -100.00 -100.00
 209   -75.875 56726.38611192  9.19 195.469527  62.721865  2.267 -100.00 -100.00 -100.00
 209   -77.267 56726.38611251  8.88 195.474532  62.723141  2.020 -100.00 -100.00 -100.00
 209   -79.419 56726.38611310  8.56 195.479538  62.724416  1.980 -100.00 -100.00 -100.00
 211     1.533 56746.21740714 16.38 195.466527  62.725383  4.033 -100.00 -100.00 -100.00
 211     1.374 56746.21740773 16.65 195.471533  62.726659  3.693 -100.00 -100.00 -100.00
 211     1.439 56746.21740832 16.54 195.476539  62.727934  3.925 -100.00 -100.00 -100.00
 211     1.514 56746.21740891 16.58 195.481546  62.729210  3.775 -100.00 -100.00 -100.00
 212     1.633 56756.13304899 15.42 195.468443  62.726201  3.583 -100.00 -100.00 -100.00
 212     1.530 56756.13304958 15.71 195.473449  62.727476  3.846 -100.00 -100.00 -100.00
 212     1.544 56756.13305017 15.90 195.478455  62.728752  3.900 -100.00 -100.00 -100.00
 213     1.251 56766.04868439 37.62 195.465714  62.723991 27.462 -100.00 -100.00 -100.00
 213     1.245 56766.04868498 39.17 195.470719  62.725267   -100 -100.00 -100.00 -100.00
 213     1.465 56766.04868557 38.68 195.475725  62.726543   -100 -100.00 -100.00 -100.00
 213     1.721 56766.04868616 40.42 195.480732  62.727819   -100 -100.00 -100.00 -100.00
 214     0.842 56775.96432430 39.97 195.461015  62.721402   -100 -100.00 -100.00 -100.00
 214     1.076 56775.96432489 39.96 195.466019  62.722678   -100 -100.00 -100.00 -100.00
 214     1.129 56775.96432548 39.82 195.471025  62.723954   -100  236.44  241.00  243.70
 214     1.400 56775.96432608 40.29 195.476031  62.725230   -100  236.44  241.00  243.70
 214     1.262 56775.96432667 41.43 195.481037  62.726506   -100  236.44  241.00  243.70
 215     1.298 56785.87998158 42.30 195.466033  62.723670  1.214 -100.00 -100.00 -100.00
 215     1.233 56785.87998217 44.37 195.471039  62.724946 17.194 -100.00 -100.00 -100.00
 215     1.208 56785.87998276 39.33 195.476045  62.726222   -100 -100.00 -100.00 -100.00
 215     1.221 56785.87998335 38.73 195.481051  62.727497   -100 -100.00 -100.00 -100.00
 216     1.806 56795.79563460 39.25 195.465820  62.725104  6.181 -100.00 -100.00 -100.00
 216     1.764 56795.79563519 37.46 195.470827  62.726380  1.070 -100.00 -100.00 -100.00
 216     1.723 56795.79563578 37.56 195.475833  62.727656  8.053 -100.00 -100.00 -100.00
 216     1.688 56795.79563637 40.55 195.480840  62.728931 24.903 -100.00 -100.00 -100.00
 217     1.959 56805.71128363 27.58 195.469357  62.726780 16.334 -100.00 -100.00 -100.00
 217     1.643 56805.71128422 31.52 195.474363  62.728055 25.644 -100.00 -100.00 -100.00
 217     1.700 56805.71128481 34.64 195.479370  62.729330   -100 -100.00 -100.00 -100.00
 219     1.301 56825.54256259 35.85 195.462115  62.721153   -100 -100.00 -100.00 -100.00
 219     1.334 56825.54256318 35.64 195.467120  62.722429   -100 -100.00 -100.00 -100.00
 219     1.262 56825.54256377 36.35 195.472125  62.723705   -100 -100.00 -100.00 -100.00
 219     1.651 56825.54256436 39.25 195.477130  62.724980   -100 -100.00 -100.00 -100.00
 219     1.589 56825.54256496 39.09 195.482136  62.726255   -100 -100.00 -100.00 -100.00
 220   -69.064 56835.45819630  7.93 195.455285  62.717168  2.173 -100.00 -100.00 -100.00
 220   -73.140 56835.45819689  7.34 195.460288  62.718444  2.335 -100.00 -100.00 -100.00
 220   -74.347 56835.45819748  7.29 195.465292  62.719720  2.412 -100.00 -100.00 -100.00
 220   -75.739 56835.45819807  7.58 195.470296  62.720996  2.635 -100.00 -100.00 -100.00
 220   -77.111 56835.45819866  7.23 195.475301  62.722272  2.373 -100.00 -100.00 -100.00
 220   -79.308 56835.45819925  7.25 195.480306  62.723547  2.341 -100.00 -100.00 -100.00
 221     2.214 56845.37382775 43.16 195.455488  62.716404   -100 -100.00 -100.00 -100.00
 221     2.333 56845.37382834 44.13 195.460491  62.717680   -100 -100.00 -100.00 -100.00
 221     1.943 56845.37382893 48.29 195.465494  62.718956  4.918 -100.00 -100.00 -100.00
 221     1.698 56845.37382952 46.48 195.470498  62.720232 24.486 -100.00 -100.00 -100.00
 221     1.688 56845.37383011 34.14 195.475502  62.721508   -100 -100.00 -100.00 -100.00
 221     1.638 56845.37383070 36.93 195.480507  62.722783   -100 -100.00 -100.00 -100.00
 222     1.960 56855.28947487 41.33 195.458070  62.718587 29.363 -100.00 -100.00 -100.00
 222     2.104 56855.28947546 27.98 195.463074  62.719863 22.154 -100.00 -100.00 -100.00
 222     1.738 56855.28947605 27.89 195.468078  62.721139 25.600 -100.00 -100.00 -100.00
 222     1.836 56855.28947664 27.10 195.473082  62.722415 19.483 -100.00 -100.00 -100.00
 222     1.675 56855.28947724 31.47 195.478087  62.723690   -100 -100.00 -100.00 -100.00
 223     1.849 56865.20512945 38.15 195.464350  62.722082   -100 -100.00 -100.00 -100.00
 223     1.530 56865.20513004 31.69 195.469354  62.723358 32.717 -100.00 -100.00 -100.00
 223     1.392 56865.20513063 32.42 195.474359  62.724633   -100 -100.00 -100.00 -100.00
 223     1.773 56865.20513122 32.41 195.479365  62.725909 29.633 -100.00 -100.00 -100.00
 224     1.510 56875.12078184 29.27 195.460522  62.721622 27.043 -100.00 -100.00 -100.00
 224     1.571 56875.12078243 29.74 195.465526  62.722897 27.902 -100.00 -100.00 -100.00
 224     1.357 56875.12078302 28.41 195.470532  62.724173 24.620 -100.00 -100.00 -100.00
 224     1.733 56875.12078362 29.91 195.475537  62.725449 27.288 -100.00 -100.00 -100.00
 224     1.624 56875.12078421 33.25 195.480543  62.726724   -100 -100.00 -100.00 -100.00
 225     1.529 56885.03643186 33.86 195.463906  62.722190   -100 -100.00 -100.00 -100.00
 225     1.447 56885.03643246 30.63 195.468911  62.723466 27.876 -100.00 -100.00 -100.00
 225     1.539 56885.03643305 33.66 195.473917  62.724742   -100 -100.00 -100.00 -100.00
 225     1.521 56885.03643364 35.29 195.478923  62.726017   -100 -100.00 -100.00 -100.00
 226     1.373 56894.95207794 33.50 195.459468  62.720645 29.125 -100.00 -100.00 -100.00
 226     1.042 56894.95207853 35.50 195.464473  62.721921   -100 -100.00 -100.00 -100.00
 226     1.337 56894.95207912 37.99 195.469478  62.723197   -100 -100.00 -100.00 -100.00
 226     1.399 56894.95207971 38.29 195.474484  62.724472   -100 -100.00 -100.00 -100.00
 226     1.429 56894.95208030 40.00 195.479490  62.725748   -100 -100.00 -100.00 -100.00
 227     1.139 56904.86772207 34.63 195.464477  62.722770   -100 -100.00 -100.00 -100.00
 227     1.131 56904.86772266 35.96 195.469483  62.724046   -100 -100.00 -100.00 -100.00
 227     1.126 56904.86772325 38.04 195.474489  62.725322   -100 -100.00 -100.00 -100.00
 227     1.156 56904.86772384 38.10 195.479495  62.726597   -100 -100.00 -100.00 -100.00
 228     2.846 56914.78336384 24.53 195.466962  62.725335 11.969 -100.00 -100.00 -100.00
 228     1.756 56914.78336443 27.92 195.471969  62.726611 20.570 -100.00 -100.00 -100.00
 228     1.939 56914.78336502 29.56 195.476975  62.727886 22.654 -100.00 -100.00 -100.00
 228     1.878 56914.78336561 33.02 195.481982  62.729161   -100  233.60  242.14  239.96
 229     1.287 56924.69900331 49.59 195.465961  62.726469   -100 -100.00 -100.00 -100.00
 229     1.246 56924.69900390 45.47 195.470967  62.727745 20.432 -100.00 -100.00 -100.00
 229     1.742 56924.69900449 49.44 195.475973  62.729021   -100 -100.00 -100.00 -100.00
 229     1.715 56924.69900508 47.49 195.480980  62.730296   -100 -100.00 -100.00 -100.00
 230     1.033 56934.61463997 35.68 195.466783  62.726288   -100 -100.00 -100.00 -100.00
 230     0.889 56934.61464056 38.77 195.471788  62.727564   -100 -100.00 -100.00 -100.00
 230     0.858 56934.61464115 38.24 195.476795  62.728839   -100 -100.00 -100.00 -100.00
 230     0.846 56934.61464174 38.18 195.481801  62.730115   -100 -100.00 -100.00 -100.00
 231     1.064 56944.53027072 31.22 195.464100  62.723155 22.329 -100.00 -100.00 -100.00
 231     1.035 56944.53027131 33.47 195.469105  62.724431 31.693 -100.00 -100.00 -100.00
 231     1.020 56944.53027190 31.44 195.474110  62.725707 23.967 -100.00 -100.00 -100.00
 231     1.013 56944.53027249 30.76 195.479116  62.726983 20.131 -100.00 -100.00 -100.00
 232     0.817 56954.44591895 39.11 195.459557  62.720596   -100 -100.00 -100.00 -100.00
 232     0.832 56954.44591954 41.22 195.464561  62.721872   -100 -100.00 -100.00 -100.00
 232     0.972 56954.44592013 45.07 195.469565  62.723148   -100 -100.00 -100.00 -100.00
 232     1.051 56954.44592072 46.60 195.474570  62.724424   -100 -100.00 -100.00 -100.00
 232     0.663 56954.44592131 40.90 195.479575  62.725699  0.777 -100.00 -100.00 -100.00
 233     1.077 56964.36156920 42.27 195.462911  62.721541   -100 -100.00 -100.00 -100.00
 233     1.658 56964.36156980 42.10 195.467915  62.722817 29.641 -100.00 -100.00 -100.00
 233     1.466 56964.36157039 45.33 195.472920  62.724092   -100 -100.00 -100.00 -100.00
 233     1.177 56964.36157098 41.43 195.477926  62.725368   -100 -100.00 -100.00 -100.00
 234     1.734 56974.27721442 47.19 195.461390  62.722438   -100 -100.00 -100.00 -100.00
 234     1.868 56974.27721501 47.45 195.466395  62.723714   -100 -100.00 -100.00 -100.00
 234     1.859 56974.27721560 49.22 195.471400  62.724990   -100 -100.00 -100.00 -100.00
 234     1.457 56974.27721619 49.20 195.476406  62.726265 14.104 -100.00 -100.00 -100.00
 234     1.459 56974.27721678 50.94 195.481412  62.727541 27.354 -100.00 -100.00 -100.00
 235     0.687 56984.19285571 40.93 195.464061  62.723935   -100 -100.00 -100.00 -100.00
 235     0.943 56984.19285630 39.82 195.469066  62.725211 26.742 -100.00 -100.00 -100.00
 235     0.800 56984.19285689 38.42 195.474072  62.726487 23.608 -100.00 -100.00 -100.00
 235     0.849 56984.19285748 37.32 195.479078  62.727762 19.841 -100.00 -100.00 -100.00
 236     0.671 56994.10849122 28.34 195.461856  62.721886 12.215 -100.00 -100.00 -100.00
 236     0.790 56994.10849181 28.54 195.466861  62.723162 10.460 -100.00 -100.00 -100.00
 236     0.633 56994.10849240 28.19 195.471867  62.724438 12.014  236.72  240.89  237.43
 236     0.567 56994.10849299 29.08 195.476872  62.725714 12.855  236.72  240.89  237.43
 236     0.627 56994.10849358 27.86 195.481879  62.726989 11.855  236.72  240.89  237.43
 237     1.111 57004.02412930 20.86 195.459525  62.718237  5.472 -100.00 -100.00 -100.00
 237     0.859 57004.02412989 20.65 195.464529  62.719513  4.930 -100.00 -100.00 -100.00
 237     1.121 57004.02413048 20.15 195.469534  62.720789  4.505 -100.00 -100.00 -100.00
 237     0.955 57004.02413107 20.71 195.474539  62.722065  5.508 -100.00 -100.00 -100.00
 237     1.331 57004.02413166 20.51 195.479545  62.723341  4.963  236.54  235.09  231.79
 238     1.069 57013.93978501 19.20 195.456610  62.716408  4.973 -100.00 -100.00 -100.00
 238     1.064 57013.93978560 19.70 195.461615  62.717684  6.025 -100.00 -100.00 -100.00
 238     1.323 57013.93978619 18.80 195.466619  62.718960  4.676 -100.00 -100.00 -100.00
 238     1.220 57013.93978678 19.17 195.471624  62.720236  5.304 -100.00 -100.00 -100.00
 238     1.026 57013.93978737 19.60 195.476630  62.721512  5.258 -100.00 -100.00 -100.00
 238     1.167 57013.93978796 18.91 195.481635  62.722788  4.691 -100.00 -100.00 -100.00
 239     1.268 57023.85543637 38.17 195.458466  62.717597 30.389 -100.00 -100.00 -100.00
 239     0.872 57023.85543696 39.19 195.463471  62.718873   -100 -100.00 -100.00 -100.00
 239     0.818 57023.85543755 40.13 195.468476  62.720149  2.303 -100.00 -100.00 -100.00
 239     0.889 57023.85543814 42.34 195.473481  62.721425  6.699 -100.00 -100.00 -100.00
 239     1.181 57023.85543873 38.91 195.478487  62.722701   -100 -100.00 -100.00 -100.00
 240     0.801 57033.77108537 27.53 195.460285  62.720658 16.970 -100.00 -100.00 -100.00
 240     1.086 57033.77108596 25.72 195.465290  62.721934 13.286 -100.00 -100.00 -100.00
 240     1.222 57033.77108655 24.34 195.470295  62.723210 10.260 -100.00 -100.00 -100.00
 240     1.199 57033.77108714 26.94 195.475301  62.724485 15.858 -100.00 -100.00 -100.00
 240     1.436 57033.77108773 24.36 195.480308  62.725761  9.382 -100.00 -100.00 -100.00
 241     1.243 57043.68673243 19.16 195.466814  62.724222  5.281 -100.00 -100.00 -100.00
 241     1.472 57043.68673302 18.00 195.471820  62.725498  3.677 -100.00 -100.00 -100.00
 241     1.372 57043.68673361 18.75 195.476826  62.726773  5.007 -100.00 -100.00 -100.00
 241     1.366 57043.68673420 18.19 195.481833  62.728049  3.812 -100.00 -100.00 -100.00
