#     +Inf   0.324   1.659 ;Mean Elev.(m), Avg Gradient(m/km), RMS Gradient(m/km)
   1 198.770360  61.886061    69.053    69.149  4 54661.12796864  5.306
   2 198.771824  61.884935   151.259   151.259  2 54671.04361430  2.411
   3 198.771968  61.885515    13.162    13.156  3 54680.95925811 22.521
   5 198.776080  61.886838    12.879    12.943  4 54700.79054157 35.989
   6 198.772344  61.886738    12.325    12.286  3 54710.70618758 39.441
   7 198.768053  61.885395    13.248    13.360  4 54720.62183864 46.814
   9 198.759808  61.883986    10.574    10.456  3 54740.45313362 36.223
  11 198.761058  61.884220    10.513    10.535  4 54760.28442728 48.690
  12 198.761000  61.884209    11.463    11.452  3 54770.20007159 26.912
  13 198.762133  61.883480    10.603    10.603  4 54780.11571282 24.840
  14 198.757552  61.884391    10.821    10.827  4 54790.03135085 22.920
  15 198.762561  61.883569    10.478    10.467  4 54799.94698895 21.165
  17 198.769940  61.885199    10.607    10.582  4 54819.77826584 12.713
  18 198.768522  61.885682    11.436    10.788  3 54829.69391804 10.596
  19 198.768029  61.885233    12.525    13.024  4 54839.60955693  9.777
  20 198.767537  61.884869    11.426    11.032  4 54849.52520603  9.813
  21 198.769820  61.884484    11.686    11.686  2 54859.44085484  9.296
  22 198.767389  61.885685    12.443    11.685  4 54869.35650313  9.320
  23 198.767740  61.884994    14.405    14.475  4 54879.27215085 11.410
  24 198.767118  61.883538    14.477    14.669  3 54889.18779543 15.589
  25 198.758626  61.883836    77.512    77.445  4 54899.10343592  2.128
  26 198.757772  61.883308    14.736    14.776  4 54909.01907491 12.531
  27 198.760579  61.883486    66.979    66.246  4 54918.93471295  3.699
  28 198.762210  61.884521    14.843    14.833  4 54928.85035059 12.358
  30 198.765063  61.884091     9.751     9.735  4 54948.68162285 29.263
  31 198.762324  61.884569    11.914    11.906  3 54958.59725939 28.096
  32 198.761061  61.884662    17.036    16.936  4 54968.51290781 49.853
  33 198.765104  61.884267    47.805    41.345  4 54978.42855559  9.335
  35 198.766272  61.884847    67.574    67.398  3 54998.25985036 24.860
  36 198.766417  61.884779    14.159    14.097  3 55008.17549603 31.813
  37 198.765882  61.885190    13.875    13.893  3 55018.09113968 27.344
  38 198.768293  61.885371    13.547    13.443  3 55028.00678227 23.245
  39 198.770834  61.885855    13.699    13.605  3 55037.92242440 17.692
  40 198.773542  61.886002    53.590    58.289  3 55047.83806551  3.762
  41 198.770762  61.886361    65.570    65.072  3 55057.75370414 20.987
  42 198.768268  61.885209    20.258    10.353  4 55067.66934183 35.257
  43 198.760847  61.884512    17.544    14.049  4 55077.58499149 16.449
  44 198.759304  61.883820    10.960    10.879  4 55087.50063916 37.404
  45 198.761340  61.883884    16.620    13.574  4 55097.41628540 20.476
  46 198.761671  61.884879    42.369    43.345  4 55107.33193092  7.391
  47 198.762198  61.884480    10.718    10.718  3 55117.24757595 48.560
  48 198.761061  61.883245     9.838     9.827  4 55127.16321863 48.373
  49 198.755573  61.883585     8.325     8.355  4 55137.07885848 44.278
  50 198.759908  61.882879     9.400     9.408  4 55146.99449754 30.646
  51 198.762354  61.884679     9.283     9.311  4 55156.91013552 23.876
  52 198.768312  61.885288     8.920     8.931  3 55166.82577399 26.577
  53 198.771647  61.885620     9.024     9.016  4 55176.74141188 27.512
  54 198.770877  61.885252    10.806    10.050  3 55186.65705480 30.478
  55 198.767687  61.885026    67.490    65.347  3 55196.57270558  4.448
  56 198.767492  61.885146    70.778    70.122  3 55206.48835534  1.574
  57 198.769866  61.885596    73.884    73.884  3 55216.40400465  0.927
  58 198.771097  61.885416    14.172    14.189  3 55226.31965328 20.402
  60 198.759482  61.884058     8.539     8.657  4 55246.15094114 27.103
  61 198.752129  61.883858    68.228    74.482  3 55256.06658057  6.090
  62 198.754897  61.883340    60.696    54.999  3 55265.98221978  0.667
  63 198.761089  61.884044     8.249     8.162  3 55275.89785846 26.251
  64 198.765512  61.885005     8.263     8.239  4 55285.81349607 23.499
  66 198.763307  61.883952    75.333    71.988  4 55305.64477095  6.266
  67 198.755156  61.884078    13.889    14.013  4 55315.56041731 26.848
  68 198.756331  61.884138     9.740     9.780  4 55325.47606291 39.593
  69 198.762972  61.884576    15.786    15.811  3 55335.39170769 45.751
  70 198.768251  61.885130    95.862    96.213  3 55345.30735193 14.976
  71 198.769522  61.885110    11.714    11.706  3 55355.22299488 35.033
  72 198.766629  61.885442    34.937    34.889  4 55365.13863541 14.518
  73 198.767578  61.884957    13.820    13.838  3 55375.05427484 16.553
  74 198.768574  61.885876    11.579    11.571  4 55384.96991309 38.161
  75 198.773763  61.886037    12.613    12.341  3 55394.88555098 17.696
  76 198.775495  61.886669    48.157    45.868  4 55404.80119022  4.525
  77 198.770883  61.885835    13.026    12.946  4 55414.71684151 25.042
  78 198.763876  61.884354    12.761    12.784  3 55424.63248956 46.569
  79 198.755128  61.884094    13.341    13.309  4 55434.54813463 50.652
  80 198.757355  61.883121    13.269    13.115  4 55444.46377923 24.094
  81 198.761336  61.883693    65.849    66.145  4 55454.37942262 23.328
  82 198.765127  61.884827    40.183    40.100  4 55464.29506513  8.484
  83 198.765932  61.884943    55.278    55.061  3 55474.21070493 26.258
  84 198.762348  61.884461     9.677     9.681  4 55484.12634148 42.424
  85 198.757769  61.884158     8.053     7.993  4 55494.04197587 34.553
  86 198.760771  61.884375     9.272     9.262  4 55503.95760983 41.561
  87 198.765665  61.885001     8.925     8.904  4 55513.87325880 36.561
  88 198.770826  61.885631    55.348    55.468  4 55523.78890890 24.897
  90 198.768300  61.885279     8.857     8.809  3 55543.62020285 26.141
  91 198.764861  61.885089     8.474     8.483  3 55553.53584671 22.728
  92 198.766744  61.884794    10.540     9.886  4 55563.45148988 10.676
  93 198.768366  61.885668    10.962    10.627  4 55573.36713222 12.023
  95 198.768174  61.885120     8.534     8.519  3 55593.19841070 19.790
  96 198.764244  61.884474     9.420     9.608  4 55603.11404462 14.137
  99 198.766009  61.884769    10.567    10.929  3 55632.86096596 13.557
 100 198.766980  61.885006    10.016    10.109  4 55642.77661675 12.982
 101 198.765627  61.884796    11.094    11.274  4 55652.69226451 13.070
 102 198.760477  61.884350    11.672    11.665  4 55662.60790771 12.084
 104 198.760369  61.883775    12.381    13.580  4 55682.43918722 30.272
 105 198.764499  61.885356     9.500     9.532  4 55692.35482478 36.462
 106 198.772609  61.885938    13.480    13.532  3 55702.27046120 42.717
 107 198.773701  61.886593    60.169    60.045  3 55712.18610389 20.175
 108 198.770801  61.886138    60.722    60.471  3 55722.10175314 16.366
 109 198.769894  61.885166    13.984    13.949  3 55732.01740065 28.561
 110 198.767571  61.885424    14.182    14.129  4 55741.93304670 20.367
 111 198.767300  61.885591    13.913    14.100  3 55751.84869170 25.666
 112 198.767703  61.885326    13.436    13.594  3 55761.76433451 48.747
 113 198.764892  61.885321    13.937    13.989  4 55771.67997415 24.709
 114 198.762869  61.884399    13.535    13.546  3 55781.59561046 24.696
 115 198.761178  61.884617    13.326    13.212  4 55791.51124397 34.590
 116 198.765500  61.884730    13.075    12.813  4 55801.42687674 26.769
 117 198.766532  61.885072    47.127    40.501  4 55811.34252685  9.099
 118 198.768392  61.885000    29.615    11.635  3 55821.25817555 36.121
 119 198.766275  61.885324    61.906    62.219  4 55831.17381908 17.565
 120 198.764320  61.884854    12.336    11.345  3 55841.08945818 22.536
 121 198.762939  61.884780    11.402    10.383  4 55851.00509429 27.772
 122 198.766911  61.885111     9.900     9.894  3 55860.92072890 48.675
 123 198.767785  61.885831     9.688     9.684  3 55870.83638141 38.740
 135 198.765787  61.885848    66.157    66.327  3 55989.82409357  0.619
 137 198.767229  61.883512    14.957    14.957  2 56009.65538840  8.165
 138 198.767307  61.882436    14.699    14.699  2 56019.57103527  9.312
 141 198.768421  61.885216    11.913    13.005  3 56049.31796029 20.742
 142 198.770079  61.886368    11.987    11.961  3 56059.23359736 31.722
 143 198.772452  61.886642    15.386    15.242  3 56069.14923194 45.084
 144 198.770376  61.886142    52.170    44.920  3 56079.06488290  6.731
 145 198.770082  61.885521    60.773    60.603  4 56088.98053137 21.852
 146 198.769258  61.885854    14.654    14.581  3 56098.89617723 32.191
 147 198.768656  61.885563    27.544    15.892  4 56108.81182087 32.546
 148 198.765268  61.885244    13.820    13.984  3 56118.72744980 25.521
 149 198.762747  61.884649    66.938    68.373  4 56128.64308674 25.042
 150 198.763190  61.884211    43.792    43.974  3 56138.55872044  4.757
 151 198.763382  61.884469    37.437    37.328  4 56148.47436811 34.855
 152 198.765945  61.884945    13.368    13.543  4 56158.39001729 22.156
 153 198.766720  61.885285    42.505    43.005  3 56168.30566518  6.854
 154 198.763893  61.885096    12.968    12.928  4 56178.22130988 45.008
 155 198.761916  61.884342    13.190    13.182  4 56188.13695024 42.275
 156 198.763098  61.883746    13.850    13.986  4 56198.05258748 24.914
 157 198.765187  61.885151    13.581    13.474  4 56207.96822176 22.148
 158 198.772845  61.886075    12.075    12.232  3 56217.88385504 21.415
 159 198.775778  61.886716    10.355    10.427  3 56227.79949968 41.118
 160 198.773150  61.886451    10.836    10.855  4 56237.71515394 32.919
 161 198.769534  61.885840    76.497    76.404  3 56247.63080426  1.663
 162 198.770659  61.884598    10.537    10.537  2 56257.54645005 24.087
 163 198.769156  61.885688    10.718    10.720  3 56267.46209192 22.537
 164 198.772086  61.885637    10.693    10.641  3 56277.37773260 17.032
 165 198.769113  61.885790    11.072    10.869  4 56287.29338024 14.279
 166 198.764519  61.884562    11.011    10.997  3 56297.20902927 13.866
 167 198.759718  61.883229    10.211    10.132  4 56307.12467435 16.449
 168 198.754649  61.883742    10.853    10.733  4 56317.04031639 10.862
 169 198.759360  61.884113    11.279    11.105  4 56326.95595788 10.412
 170 198.765619  61.884986    11.301    11.237  3 56336.87159850  9.806
 171 198.769148  61.885536    11.286    11.278  3 56346.78723738  9.677
 172 198.768790  61.885108    12.815    12.897  4 56356.70287349  9.556
 178 198.774810  61.885727    14.875    14.819  3 56416.19673875 21.392
 179 198.772126  61.886007    14.368    14.305  3 56426.11237154 27.121
 180 198.768940  61.885235     9.891     9.913  4 56436.02802112 33.794
 181 198.765957  61.885406    58.971    59.025  4 56445.94367266 25.620
 182 198.769095  61.885123    22.177    15.871  3 56455.85932248 35.517
 183 198.767334  61.885312    15.378    15.431  4 56465.77496876 36.492
 184 198.764342  61.884438    14.133    14.163  4 56475.69061121 35.578
 185 198.760409  61.883466    60.623    60.383  3 56485.60625005  2.832
 187 198.763338  61.884605    12.778    12.564  3 56505.43752069 52.163
 188 198.772122  61.885896    49.895    44.637  3 56515.35315418  3.726
 189 198.772777  61.886069    36.139    35.998  4 56525.26880789 32.911
 190 198.768305  61.885552    64.237    65.095  3 56535.18445829 25.559
 192 198.761235  61.883833    64.459    63.921  4 56555.01574911 14.074
 193 198.764494  61.884655    14.379    14.552  4 56564.93139211 19.765
 194 198.770809  61.885957    11.914    11.355  3 56574.84703406 22.594
 195 198.774806  61.887149    11.806    11.818  3 56584.76267294 21.335
 196 198.776954  61.886881    13.056    13.048  4 56594.67830898 47.797
 197 198.770090  61.886029    10.455    10.463  3 56604.59396152 45.287
 198 198.765765  61.885274     9.145     9.146  3 56614.50960942 46.939
 199 198.766215  61.885270     8.991     9.006  3 56624.42525376 36.014
 200 198.769331  61.885246    64.425    64.804  4 56634.34089551 14.392
 201 198.769716  61.886142     9.757     9.878  3 56644.25653202 31.584
 202 198.766730  61.884696    10.267    10.222  4 56654.17218482 18.606
 203 198.760952  61.883762    10.169    10.090  4 56664.08783309 31.905
 205 198.761219  61.883552     9.967     9.964  4 56683.91912413 43.666
 206 198.764727  61.884886    10.382     9.459  4 56693.83476718 28.620
 210 198.761418  61.884099    11.410    11.318  4 56733.49733868 22.110
 211 198.764150  61.884578     8.635     8.628  3 56743.41298599 25.135
 212 198.770972  61.885367     8.447     8.606  3 56753.32862927 25.572
 213 198.773830  61.886852    14.435    14.544  3 56763.24426674 31.680
 214 198.775838  61.886715    19.191    14.224  4 56773.15989986 30.802
 215 198.770195  61.885207    23.484     9.235  3 56783.07555704 35.800
 216 198.763248  61.884859    40.282    40.474  4 56792.99121035  6.211
 217 198.763744  61.883813    13.688    13.678  4 56802.90686170 34.054
 218 198.762270  61.884947    63.794    67.692  4 56812.82250472 22.347
 219 198.765146  61.884460    52.261    51.377  3 56822.73814475  3.308
 221 198.764135  61.884335    13.982    13.957  3 56842.56941225 30.692
 222 198.764018  61.884485    42.531    43.473  3 56852.48505209  5.141
 223 198.763896  61.884487    14.074    14.057  3 56862.40070616 30.840
 224 198.766101  61.884549    37.903    37.380  4 56872.31635983 33.669
 225 198.765703  61.884840    60.268    68.754  3 56882.23201016  7.194
 226 198.763154  61.885030    37.353    37.278  4 56892.14765671 36.409
 227 198.761707  61.884338    14.215    14.232  3 56902.06330044 19.832
 228 198.762851  61.884122    39.450    38.864  4 56911.97894247  6.206
 229 198.766096  61.884709    12.863    12.996  3 56921.89458307 20.562
 230 198.770451  61.885954    57.288    57.406  3 56931.81022149 19.047
 231 198.775807  61.886279    11.293    11.447  3 56941.72585493 37.674
 232 198.772988  61.886826    10.301    10.219  3 56951.64149666 44.607
 233 198.768189  61.885968     9.810     9.801  3 56961.55714757 45.116
 234 198.765940  61.885252    58.743    58.824  3 56971.47279367 16.215
 235 198.765832  61.885293     9.787     9.775  3 56981.38843576 31.276
 236 198.769054  61.885097    10.011    10.041  3 56991.30407370 39.534
 237 198.769057  61.885929    58.919    58.479  4 57001.21970487  2.785
 238 198.769488  61.883553    10.275    10.275  2 57011.13536273 23.789
 239 198.760770  61.884477    57.422    57.523  4 57021.05101357 19.989
 240 198.761551  61.884175    67.286    64.003  3 57030.96666260  2.692
 241 198.762557  61.884675    10.347    10.232  4 57040.88230977 43.076
