#   49.008   0.430  16.053 ;Mean Elev.(m), Avg Gradient(m/km), RMS Gradient(m/km)
   1    41.638 54659.09659171 24.05 203.310162  64.632324  6.038 -100.00 -100.00 -100.00
   1    42.314 54659.09659230 22.98 203.315918  64.631428  4.549 -100.00 -100.00 -100.00
   1    42.832 54659.09659290 22.14 203.321675  64.630533  4.221 -100.00 -100.00 -100.00
   1    42.984 54659.09659349 24.39 203.327430  64.629637  7.085 -100.00 -100.00 -100.00
   2    62.059 54669.01223725 18.37 203.303208  64.632444 10.091 -100.00 -100.00 -100.00
   2    44.793 54669.01223784 17.32 203.308965  64.631549  7.244 -100.00 -100.00 -100.00
   2    42.379 54669.01223843 20.74 203.314721  64.630653 13.692 -100.00 -100.00 -100.00
   2    42.899 54669.01223902 21.24 203.320478  64.629758 13.449 -100.00 -100.00 -100.00
   2    43.059 54669.01223961 22.79 203.326233  64.628862 15.386 -100.00 -100.00 -100.00
   4    41.010 54688.84352578 39.86 203.317658  64.632539   -100 -100.00 -100.00 -100.00
   4    41.227 54688.84352638 39.92 203.323414  64.631643   -100 -100.00 -100.00 -100.00
   4    40.929 54688.84352697 41.99 203.329170  64.630747   -100 -100.00 -100.00 -100.00
   6    40.556 54708.67481032 40.77 203.319291  64.632931 31.994 -100.00 -100.00 -100.00
   6    40.368 54708.67481091 42.93 203.325048  64.632036   -100 -100.00 -100.00 -100.00
   6    40.245 54708.67481150 49.02 203.330803  64.631140   -100 -100.00 -100.00 -100.00
   8    39.785 54728.50610867 43.81 203.293027  64.631746   -100 -100.00 -100.00 -100.00
   8    39.547 54728.50610926 44.96 203.298784  64.630852   -100 -100.00 -100.00 -100.00
   8    39.361 54728.50610985 49.36 203.304540  64.629957   -100 -100.00 -100.00 -100.00
   8    39.436 54728.50611044 49.34 203.310296  64.629061   -100 -100.00 -100.00 -100.00
   8    39.497 54728.50611103 50.18 203.316051  64.628166   -100 -100.00 -100.00 -100.00
   8    39.594 54728.50611162 51.12 203.321806  64.627270 13.119 -100.00 -100.00 -100.00
   9    39.534 54738.42175588 45.18 203.290335  64.631059   -100 -100.00 -100.00 -100.00
   9    39.159 54738.42175647 46.25 203.296092  64.630165 18.190 -100.00 -100.00 -100.00
   9    39.247 54738.42175706 49.35 203.301848  64.629270   -100 -100.00 -100.00 -100.00
   9    39.310 54738.42175765 49.32 203.307603  64.628374 28.306 -100.00 -100.00 -100.00
   9    39.401 54738.42175824 51.07 203.313359  64.627479  9.936 -100.00 -100.00 -100.00
  10    88.119 54748.33740340 20.64 203.293607  64.631173 12.831 -100.00 -100.00 -100.00
  10    87.834 54748.33740399 23.77 203.299364  64.630278 18.034 -100.00 -100.00 -100.00
  10    86.178 54748.33740458 29.13 203.305120  64.629383 30.888 -100.00 -100.00 -100.00
  10    86.189 54748.33740517 29.66 203.310876  64.628487   -100 -100.00 -100.00 -100.00
  10    86.243 54748.33740576 23.74 203.316631  64.627591   -100 -100.00 -100.00 -100.00
  11    39.091 54758.25305068 43.04 203.297963  64.631572   -100 -100.00 -100.00 -100.00
  11    39.210 54758.25305127 43.67 203.303719  64.630677   -100 -100.00 -100.00 -100.00
  11    38.877 54758.25305186 47.21 203.309476  64.629781 18.321 -100.00 -100.00 -100.00
  11    38.961 54758.25305245 47.53 203.315231  64.628885 16.540 -100.00 -100.00 -100.00
  11    39.054 54758.25305304 44.62 203.320987  64.627989   -100 -100.00 -100.00 -100.00
  12    38.950 54768.16869560 40.90 203.300166  64.631539  3.726 -100.00 -100.00 -100.00
  12    39.068 54768.16869619 42.80 203.305923  64.630644   -100 -100.00 -100.00 -100.00
  12    39.116 54768.16869678 42.84 203.311679  64.629748   -100 -100.00 -100.00 -100.00
  12    38.828 54768.16869737 45.13 203.317435  64.628852 16.945 -100.00 -100.00 -100.00
  12    39.314 54768.16869796 45.87 203.323191  64.627956   -100 -100.00 -100.00 -100.00
  13    38.993 54778.08433634 33.05 203.293195  64.631604   -100 -100.00 -100.00 -100.00
  13    39.038 54778.08433693 32.09 203.298953  64.630709 32.656 -100.00 -100.00 -100.00
  13    38.815 54778.08433752 36.28 203.304710  64.629814   -100 -100.00 -100.00 -100.00
  13    38.891 54778.08433811 36.28 203.310466  64.628919   -100 -100.00 -100.00 -100.00
  13    38.989 54778.08433870 34.81 203.316222  64.628023   -100 -100.00 -100.00 -100.00
  14    38.571 54787.99997500 30.20 203.289154  64.630919 29.167 -100.00 -100.00 -100.00
  14    38.676 54787.99997559 28.49 203.294912  64.630024 22.047 -100.00 -100.00 -100.00
  14    38.772 54787.99997618 30.60 203.300669  64.629129 28.934 -100.00 -100.00 -100.00
  14    38.715 54787.99997677 32.37 203.306426  64.628234   -100 -100.00 -100.00 -100.00
  14    38.560 54787.99997736 33.74 203.312182  64.627338   -100 -100.00 -100.00 -100.00
  15    38.759 54797.91561287 28.17 203.287826  64.630986 23.987 -100.00 -100.00 -100.00
  15    38.831 54797.91561347 28.26 203.293584  64.630092 24.902 -100.00 -100.00 -100.00
  15    38.952 54797.91561406 28.13 203.299341  64.629197 23.217 -100.00 -100.00 -100.00
  15    39.056 54797.91561465 32.69 203.305098  64.628301   -100 -100.00 -100.00 -100.00
  15    39.098 54797.91561524 31.14 203.310854  64.627406 32.763 -100.00 -100.00 -100.00
  15    38.880 54797.91561583 33.18 203.316610  64.626510   -100 -100.00 -100.00 -100.00
  17    38.664 54817.74688981 20.43 203.305874  64.632248  8.848 -100.00 -100.00 -100.00
  17    38.697 54817.74689040 22.57 203.311631  64.631353 13.658 -100.00 -100.00 -100.00
  17    38.819 54817.74689099 20.55 203.317388  64.630457  9.490 -100.00 -100.00 -100.00
  17    39.502 54817.74689158 19.52 203.323144  64.629561  8.636 -100.00 -100.00 -100.00
  17    39.978 54817.74689217 21.14 203.328900  64.628665 11.734 -100.00 -100.00 -100.00
  18    38.403 54827.66254047 22.12 203.310320  64.632378 15.432 -100.00 -100.00 -100.00
  18    38.551 54827.66254106 20.28 203.316077  64.631482 10.870 -100.00 -100.00 -100.00
  18    38.706 54827.66254165 19.23 203.321833  64.630587  7.787 -100.00 -100.00 -100.00
  18    38.714 54827.66254224 21.12 203.327589  64.629691 12.751 -100.00 -100.00 -100.00
  19    38.222 54837.57817900 18.20 203.304728  64.632616  8.958 -100.00 -100.00 -100.00
  19    38.398 54837.57817959 18.07 203.310484  64.631721  8.615 -100.00 -100.00 -100.00
  19    38.426 54837.57818018 18.80 203.316241  64.630826  9.842 -100.00 -100.00 -100.00
  19    38.195 54837.57818077 19.48 203.321997  64.629930 11.265 -100.00 -100.00 -100.00
  19    39.975 54837.57818136 17.34 203.327752  64.629034  7.818 -100.00 -100.00 -100.00
  20    41.576 54847.49382860 11.66 203.306564  64.631798  4.182 -100.00 -100.00 -100.00
  20    42.131 54847.49382919 11.90 203.312320  64.630902  4.796 -100.00 -100.00 -100.00
  20    42.589 54847.49382978 11.66 203.318076  64.630006  4.426 -100.00 -100.00 -100.00
  20    43.117 54847.49383037 11.34 203.323831  64.629110  3.590 -100.00 -100.00 -100.00
  21    43.938 54857.40947717 11.05 203.304748  64.632223  3.677 -100.00 -100.00 -100.00
  21    45.563 54857.40947776 10.66 203.310505  64.631327  3.061 -100.00 -100.00 -100.00
  21    44.168 54857.40947835 10.59 203.316261  64.630431  3.204 -100.00 -100.00 -100.00
  21    47.234 54857.40947894 10.74 203.322016  64.629535  3.444 -100.00 -100.00 -100.00
  21    44.900 54857.40947953 10.35 203.327771  64.628639  3.442 -100.00 -100.00 -100.00
  22    42.801 54867.32512609 11.36 203.306461  64.632774  3.414 -100.00 -100.00 -100.00
  22    42.704 54867.32512668 11.49 203.312218  64.631879  3.579 -100.00 -100.00 -100.00
  22    42.596 54867.32512727 11.21 203.317974  64.630983  3.281 -100.00 -100.00 -100.00
  22    43.327 54867.32512786 11.39 203.323729  64.630086  3.774 -100.00 -100.00 -100.00
  22    43.493 54867.32512845 10.83 203.329485  64.629190  3.264 -100.00 -100.00 -100.00
  23    42.652 54877.24077429 11.17 203.307136  64.632711  3.519 -100.00 -100.00 -100.00
  23    43.590 54877.24077488 11.04 203.312892  64.631815  3.584 -100.00 -100.00 -100.00
  23    43.161 54877.24077547 11.05 203.318648  64.630919  4.027 -100.00 -100.00 -100.00
  23    43.901 54877.24077606 11.04 203.324404  64.630023  3.447 -100.00 -100.00 -100.00
  23    44.288 54877.24077665 10.77 203.330160  64.629126  3.012 -100.00 -100.00 -100.00
  24    46.293 54887.15641893 10.19 203.301735  64.632577  3.333 -100.00 -100.00 -100.00
  24    42.819 54887.15641953 10.36 203.307492  64.631681  3.920 -100.00 -100.00 -100.00
  24    45.468 54887.15642012  9.88 203.313249  64.630785  3.474 -100.00 -100.00 -100.00
  24    45.202 54887.15642071 10.08 203.319005  64.629889  3.411 -100.00 -100.00 -100.00
  24    46.197 54887.15642130 10.06 203.324761  64.628993  3.278 -100.00 -100.00 -100.00
  25    43.581 54897.07205999 10.33 203.293555  64.631824  3.692 -100.00 -100.00 -100.00
  25    46.232 54897.07206058 10.24 203.299312  64.630928  3.345 -100.00 -100.00 -100.00
  25    45.984 54897.07206117 10.04 203.305069  64.630033  3.376 -100.00 -100.00 -100.00
  25    46.352 54897.07206176 10.05 203.310825  64.629137  3.397 -100.00 -100.00 -100.00
  25    46.290 54897.07206235 10.13 203.316581  64.628241  3.401 -100.00 -100.00 -100.00
  25    47.333 54897.07206294  9.87 203.322337  64.627345  2.969 -100.00 -100.00 -100.00
  26    46.848 54906.98769876 10.78 203.288676  64.631082  3.592 -100.00 -100.00 -100.00
  26    47.209 54906.98769935 10.82 203.294433  64.630187  3.661 -100.00 -100.00 -100.00
  26    46.332 54906.98769994 10.66 203.300190  64.629291  3.865 -100.00 -100.00 -100.00
  26    45.124 54906.98770053 10.60 203.305946  64.628396  4.113 -100.00 -100.00 -100.00
  26    47.004 54906.98770112 10.26 203.311702  64.627500  3.411 -100.00 -100.00 -100.00
  26    49.122 54906.98770171  9.92 203.317457  64.626604  3.486 -100.00 -100.00 -100.00
  27    46.532 54916.90333676  9.93 203.288755  64.631109  4.019 -100.00 -100.00 -100.00
  27    46.361 54916.90333735 10.11 203.294512  64.630214  3.996 -100.00 -100.00 -100.00
  27    46.134 54916.90333794 10.10 203.300268  64.629318  4.098 -100.00 -100.00 -100.00
  27    46.678 54916.90333853 10.49 203.306024  64.628423  4.437 -100.00 -100.00 -100.00
  27    47.187 54916.90333912  9.64 203.311780  64.627527  3.515 -100.00 -100.00 -100.00
  27    47.654 54916.90333971  9.54 203.317536  64.626631  3.359 -100.00 -100.00 -100.00
  28    46.110 54926.81897505 10.57 203.293536  64.631424  4.293 -100.00 -100.00 -100.00
  28    43.814 54926.81897564 10.76 203.299293  64.630529  4.746 -100.00 -100.00 -100.00
  28    44.197 54926.81897623 10.23 203.305049  64.629634  3.670 -100.00 -100.00 -100.00
  28    44.762 54926.81897682 10.38 203.310805  64.628738  3.519 -100.00 -100.00 -100.00
  28    44.608 54926.81897741 10.16 203.316561  64.627843  3.539 -100.00 -100.00 -100.00
  29    46.737 54936.73461286 12.06 203.299583  64.631440  4.038 -100.00 -100.00 -100.00
  29    43.141 54936.73461345 12.19 203.305340  64.630545  4.306 -100.00 -100.00 -100.00
  29    47.419 54936.73461404 11.67 203.311096  64.629649  3.617 -100.00 -100.00 -100.00
  29    46.980 54936.73461463 11.54 203.316852  64.628754  3.541 -100.00 -100.00 -100.00
  29    44.470 54936.73461522 11.60 203.322607  64.627858  4.037 -100.00 -100.00 -100.00
  30    37.616 54946.65024810 12.11 203.298153  64.631975 11.671 -100.00 -100.00 -100.00
  30    40.541 54946.65024869 11.16 203.303909  64.631080  9.863 -100.00 -100.00 -100.00
  30    37.912 54946.65024928 11.21 203.309665  64.630185 10.840 -100.00 -100.00 -100.00
  30    42.935 54946.65024987  7.27 203.315421  64.629290  6.058 -100.00 -100.00 -100.00
  30    42.546 54946.65025046  8.29 203.321177  64.628394  8.091 -100.00 -100.00 -100.00
  31    39.929 54956.56588127 42.52 203.296643  64.631772 21.999 -100.00 -100.00 -100.00
  31    39.883 54956.56588186 42.61 203.302400  64.630877 21.684 -100.00 -100.00 -100.00
  31    39.936 54956.56588245 38.07 203.308156  64.629983   -100 -100.00 -100.00 -100.00
  31    42.404 54956.56588304 35.16 203.313912  64.629088 32.592 -100.00 -100.00 -100.00
  31    40.198 54956.56588363 39.08 203.319667  64.628192   -100 -100.00 -100.00 -100.00
  32    44.206 54966.48152949 47.56 203.291553  64.631488  6.972 -100.00 -100.00 -100.00
  32    44.242 54966.48153008 50.26 203.297310  64.630594 10.437 -100.00 -100.00 -100.00
  32    44.265 54966.48153067 50.20 203.303066  64.629699  4.120 -100.00 -100.00 -100.00
  32    44.250 54966.48153126 53.33 203.308822  64.628804 29.083 -100.00 -100.00 -100.00
  32    44.270 54966.48153185 53.99 203.314577  64.627909 29.701 -100.00 -100.00 -100.00
  32    44.305 54966.48153244 49.63 203.320332  64.627014  7.636 -100.00 -100.00 -100.00
  33    41.130 54976.39717707 45.06 203.290860  64.631590 32.291 -100.00 -100.00 -100.00
  33    40.751 54976.39717766 47.99 203.296616  64.630695   -100 -100.00 -100.00 -100.00
  33    40.879 54976.39717825 52.99 203.302373  64.629800  2.405 -100.00 -100.00 -100.00
  33    40.654 54976.39717885 54.35 203.308128  64.628905   -100 -100.00 -100.00 -100.00
  33    40.996 54976.39717944 53.91 203.313883  64.628010   -100 -100.00 -100.00 -100.00
  33    40.843 54976.39718003 56.41 203.319638  64.627114   -100 -100.00 -100.00 -100.00
  35    43.796 54996.22847319 21.56 203.300316  64.632251  8.294 -100.00 -100.00 -100.00
  35    42.383 54996.22847378 23.92 203.306072  64.631356 12.301 -100.00 -100.00 -100.00
  35    42.627 54996.22847437 25.28 203.311829  64.630460 15.292 -100.00 -100.00 -100.00
  35    42.543 54996.22847496 27.06 203.317584  64.629565 19.028 -100.00 -100.00 -100.00
  35    42.676 54996.22847555 30.38 203.323340  64.628669 28.226 -100.00 -100.00 -100.00
  36    43.496 55006.14411936 21.17 203.301849  64.632638  8.187 -100.00 -100.00 -100.00
  36    42.579 55006.14411995 23.73 203.307606  64.631743 13.668 -100.00 -100.00 -100.00
  36    42.319 55006.14412054 26.01 203.313362  64.630847 19.071 -100.00 -100.00 -100.00
  36    42.689 55006.14412113 25.74 203.319118  64.629952 15.944 -100.00 -100.00 -100.00
  36    42.507 55006.14412172 30.50 203.324874  64.629056   -100 -100.00 -100.00 -100.00
  37    40.882 55016.05976379 32.27 203.307271  64.631972 15.182 -100.00 -100.00 -100.00
  37    40.857 55016.05976439 31.23 203.313028  64.631077 13.918 -100.00 -100.00 -100.00
  37    41.972 55016.05976498 30.44 203.318784  64.630181 10.571 -100.00 -100.00 -100.00
  37    42.147 55016.05976557 32.65 203.324540  64.629285 15.981 -100.00 -100.00 -100.00
  38    40.347 55025.97540636 34.30 203.308089  64.632042 24.655 -100.00 -100.00 -100.00
  38    40.294 55025.97540695 38.80 203.313846  64.631146   -100 -100.00 -100.00 -100.00
  38    40.686 55025.97540755 38.90 203.319602  64.630250 28.060 -100.00 -100.00 -100.00
  38    40.471 55025.97540814 42.09 203.325357  64.629354   -100 -100.00 -100.00 -100.00
  39    41.837 55035.89104866 24.56 203.310831  64.632434 12.255 -100.00 -100.00 -100.00
  39    39.928 55035.89104925 31.88 203.316587  64.631538 31.346 -100.00 -100.00 -100.00
  39    40.131 55035.89104984 34.05 203.322343  64.630642   -100 -100.00 -100.00 -100.00
  39    39.973 55035.89105043 33.89 203.328099  64.629746   -100 -100.00 -100.00 -100.00
  40    42.222 55045.80668999 19.05 203.312005  64.632911  6.078 -100.00 -100.00 -100.00
  40    42.227 55045.80669058 22.79 203.317761  64.632015 12.402 -100.00 -100.00 -100.00
  40    43.157 55045.80669117 19.56 203.323517  64.631119  7.481 -100.00 -100.00 -100.00
  40    41.270 55045.80669176 29.16 203.329273  64.630223 31.201 -100.00 -100.00 -100.00
  41    41.999 55055.72232937 20.85 203.310811  64.632894 12.331 -100.00 -100.00 -100.00
  41    42.222 55055.72232996 21.74 203.316567  64.631998 13.359 -100.00 -100.00 -100.00
  41    42.530 55055.72233055 22.76 203.322323  64.631102 15.298 -100.00 -100.00 -100.00
  41    42.421 55055.72233114 25.04 203.328079  64.630206 18.818 -100.00 -100.00 -100.00
  42    41.250 55065.63796607 22.39 203.305183  64.632289 10.159 -100.00 -100.00 -100.00
  42    42.152 55065.63796666 20.12 203.310939  64.631394  6.527 -100.00 -100.00 -100.00
  42    42.764 55065.63796725 20.67 203.316695  64.630499  7.556 -100.00 -100.00 -100.00
  42    43.068 55065.63796784 22.05 203.322451  64.629603 10.587 -100.00 -100.00 -100.00
  42    43.299 55065.63796843 22.69 203.328206  64.628707  8.728 -100.00 -100.00 -100.00
  43    39.046 55075.55361369 23.94 203.294400  64.631994 19.607 -100.00 -100.00 -100.00
  43    42.173 55075.55361428 19.78 203.300157  64.631099  9.890 -100.00 -100.00 -100.00
  43    42.378 55075.55361487 19.24 203.305913  64.630204  9.246 -100.00 -100.00 -100.00
  43    45.277 55075.55361546 18.67 203.311669  64.629309  7.240 -100.00 -100.00 -100.00
  43    45.545 55075.55361605 21.38 203.317424  64.628413 12.263 -100.00 -100.00 -100.00
  43    45.727 55075.55361664 21.77 203.323179  64.627518 10.846 -100.00 -100.00 -100.00
  44    41.213 55085.46926159 19.87 203.294278  64.630952  6.733 -100.00 -100.00 -100.00
  44    43.864 55085.46926218 19.21 203.300034  64.630058  4.520 -100.00 -100.00 -100.00
  44    42.366 55085.46926277 19.08 203.305790  64.629162  6.021 -100.00 -100.00 -100.00
  44    45.518 55085.46926336 18.65 203.311545  64.628267  5.256 -100.00 -100.00 -100.00
  44    45.813 55085.46926395 17.99 203.317300  64.627371  4.170 -100.00 -100.00 -100.00
  45    38.915 55095.38490755 38.05 203.292387  64.631508   -100 -100.00 -100.00 -100.00
  45    38.787 55095.38490814 35.37 203.298144  64.630613   -100 -100.00 -100.00 -100.00
  45    38.772 55095.38490873 29.05 203.303900  64.629717 31.238 -100.00 -100.00 -100.00
  45    38.818 55095.38490932 25.95 203.309656  64.628822 18.286 -100.00 -100.00 -100.00
  45    42.380 55095.38490991 23.27 203.315411  64.627926 10.750 -100.00 -100.00 -100.00
  46    39.169 55105.30055404 28.58 203.298186  64.631103 22.571 -100.00 -100.00 -100.00
  46    41.972 55105.30055463 20.89 203.303942  64.630208  6.684 -100.00 -100.00 -100.00
  46    44.595 55105.30055523 20.23 203.309698  64.629313  6.857 -100.00 -100.00 -100.00
  46    45.549 55105.30055582 17.87 203.315454  64.628417  4.009 -100.00 -100.00 -100.00
  46    42.853 55105.30055641 24.35 203.321209  64.627521 12.618 -100.00 -100.00 -100.00
  47    38.467 55115.21619923 23.65 203.293363  64.631794 14.256 -100.00 -100.00 -100.00
  47    41.368 55115.21619982 22.09 203.299120  64.630899 10.042 -100.00 -100.00 -100.00
  47    44.859 55115.21620041 20.18 203.304876  64.630004  7.861 -100.00 -100.00 -100.00
  47    45.733 55115.21620100 18.15 203.310633  64.629108  4.848 -100.00 -100.00 -100.00
  47    45.681 55115.21620159 19.57 203.316388  64.628212  6.044 -100.00 -100.00 -100.00
  47    43.076 55115.21620218 26.47 203.322144  64.627316 21.228 -100.00 -100.00 -100.00
  48    38.188 55125.13184266 41.72 203.294428  64.630870   -100 -100.00 -100.00 -100.00
  48    38.513 55125.13184325 43.03 203.300185  64.629975 25.953 -100.00 -100.00 -100.00
  48    38.103 55125.13184384 51.49 203.305941  64.629080   -100 -100.00 -100.00 -100.00
  48    37.897 55125.13184443 55.10 203.311698  64.628184 16.989 -100.00 -100.00 -100.00
  48    37.818 55125.13184502 50.37 203.317453  64.627288   -100 -100.00 -100.00 -100.00
  49    37.736 55135.04748304 41.95 203.291454  64.630708   -100 -100.00 -100.00 -100.00
  49    37.917 55135.04748363 43.19 203.297212  64.629813   -100 -100.00 -100.00 -100.00
  49    37.879 55135.04748422 45.10 203.302968  64.628918   -100 -100.00 -100.00 -100.00
  49    37.546 55135.04748481 46.46 203.308725  64.628023 29.684 -100.00 -100.00 -100.00
  49    37.608 55135.04748540 48.45 203.314481  64.627127   -100 -100.00 -100.00 -100.00
  50    38.724 55144.96312137 32.98 203.289466  64.631020 32.736 -100.00 -100.00 -100.00
  50    38.977 55144.96312196 31.89 203.295223  64.630125 24.430 -100.00 -100.00 -100.00
  50    38.918 55144.96312255 31.14 203.300981  64.629230 25.241 -100.00 -100.00 -100.00
  50    38.811 55144.96312314 30.71 203.306737  64.628334 23.694 -100.00 -100.00 -100.00
  50    38.714 55144.96312373 31.26 203.312493  64.627439 27.640 -100.00 -100.00 -100.00
  51    38.492 55154.87875985 28.75 203.295828  64.631161 25.106 -100.00 -100.00 -100.00
  51    38.692 55154.87876044 26.77 203.301585  64.630266 17.457 -100.00 -100.00 -100.00
  51    38.630 55154.87876103 24.16 203.307342  64.629371 11.989 -100.00 -100.00 -100.00
  51    40.153 55154.87876162 22.14 203.313098  64.628475  7.828 -100.00 -100.00 -100.00
  51    41.038 55154.87876221 21.89 203.318854  64.627579  8.470 -100.00 -100.00 -100.00
  52    38.549 55164.79439843 22.41 203.300376  64.631796  9.592 -100.00 -100.00 -100.00
  52    38.649 55164.79439902 21.41 203.306133  64.630901  8.233 -100.00 -100.00 -100.00
  52    41.266 55164.79439961 19.68 203.311890  64.630005  6.501 -100.00 -100.00 -100.00
  52    41.813 55164.79440020 19.32 203.317647  64.629110  6.083 -100.00 -100.00 -100.00
  52    42.084 55164.79440079 19.96 203.323402  64.628214  6.993 -100.00 -100.00 -100.00
  53    39.462 55174.71003704 18.72 203.307064  64.632100  6.631 -100.00 -100.00 -100.00
  53    41.684 55174.71003763 17.22 203.312821  64.631204  5.183 -100.00 -100.00 -100.00
  53    42.252 55174.71003822 17.71 203.318577  64.630309  5.626 -100.00 -100.00 -100.00
  53    42.737 55174.71003881 17.60 203.324333  64.629413  6.449 -100.00 -100.00 -100.00
  54    41.702 55184.62567719 16.37 203.310617  64.632019  5.496 -100.00 -100.00 -100.00
  54    41.618 55184.62567778 15.80 203.316374  64.631124  4.813 -100.00 -100.00 -100.00
  54    42.265 55184.62567837 15.79 203.322130  64.630228  4.374 -100.00 -100.00 -100.00
  54    42.359 55184.62567896 15.72 203.327886  64.629333  4.749 -100.00 -100.00 -100.00
  55    40.169 55194.54132788 16.54 203.305446  64.632564  7.243 -100.00 -100.00 -100.00
  55    40.707 55194.54132847 15.04 203.311203  64.631669  4.782 -100.00 -100.00 -100.00
  55    41.293 55194.54132906 15.33 203.316959  64.630774  5.289 -100.00 -100.00 -100.00
  55    41.997 55194.54132965 14.99 203.322715  64.629878  4.868 -100.00 -100.00 -100.00
  55    42.695 55194.54133024 14.67 203.328470  64.628982  4.353 -100.00 -100.00 -100.00
  56    40.750 55204.45697811 14.01 203.309066  64.632118  3.601 -100.00 -100.00 -100.00
  56    41.346 55204.45697870 14.32 203.314823  64.631222  3.964 -100.00 -100.00 -100.00
  56    41.681 55204.45697929 14.12 203.320578  64.630327  3.721 -100.00 -100.00 -100.00
  56    42.099 55204.45697988 14.43 203.326334  64.629431  5.661 -100.00 -100.00 -100.00
  57    40.270 55214.37262733 14.10 203.310005  64.632677  4.904 -100.00 -100.00 -100.00
  57    41.554 55214.37262792 13.99 203.315761  64.631781  5.031 -100.00 -100.00 -100.00
  57    41.395 55214.37262851 13.83 203.321517  64.630885  4.414 -100.00 -100.00 -100.00
  57    42.155 55214.37262910 13.65 203.327272  64.629989  4.252 -100.00 -100.00 -100.00
  58    39.973 55224.28827595 13.57 203.309646  64.632782  5.030 -100.00 -100.00 -100.00
  58    41.386 55224.28827654 13.58 203.315402  64.631886  5.525 -100.00 -100.00 -100.00
  58    41.688 55224.28827713 13.88 203.321158  64.630990  5.190 -100.00 -100.00 -100.00
  58    41.778 55224.28827772 13.85 203.326914  64.630093  6.265 -100.00 -100.00 -100.00
  58    42.309 55224.28827831 12.71 203.332669  64.629197  3.985 -100.00 -100.00 -100.00
  59    40.836 55234.20392229 12.88 203.303046  64.632374  3.721 -100.00 -100.00 -100.00
  59    40.235 55234.20392288 13.52 203.308802  64.631478  4.897 -100.00 -100.00 -100.00
  59    40.829 55234.20392347 13.31 203.314559  64.630583  4.714 -100.00 -100.00 -100.00
  59    41.799 55234.20392406 12.62 203.320314  64.629687  3.765 -100.00 -100.00 -100.00
  59    42.205 55234.20392465 12.60 203.326070  64.628790  4.285 -100.00 -100.00 -100.00
  60    39.587 55244.11956529 13.38 203.294838  64.631358  4.843 -100.00 -100.00 -100.00
  60    39.814 55244.11956588 13.43 203.300595  64.630462  4.868 -100.00 -100.00 -100.00
  60    40.550 55244.11956647 12.78 203.306352  64.629567  4.071 -100.00 -100.00 -100.00
  60    41.162 55244.11956706 13.33 203.312108  64.628671  4.315 -100.00 -100.00 -100.00
  60    41.628 55244.11956765 12.83 203.317864  64.627776  4.558 -100.00 -100.00 -100.00
  61    39.616 55254.03520546 13.68 203.288759  64.630472  5.533 -100.00 -100.00 -100.00
  61    39.735 55254.03520605 13.76 203.294516  64.629577  5.473 -100.00 -100.00 -100.00
  61    39.643 55254.03520664 14.56 203.300272  64.628682  6.490 -100.00 -100.00 -100.00
  61    40.860 55254.03520723 13.54 203.306029  64.627786  4.915 -100.00 -100.00 -100.00
  61    42.360 55254.03520782 12.73 203.311784  64.626891  3.550 -100.00 -100.00 -100.00
  62    39.960 55263.95084415 11.95 203.287750  64.630664  3.955 -100.00 -100.00 -100.00
  62    40.351 55263.95084474 12.26 203.293507  64.629769  4.102 -100.00 -100.00 -100.00
  62    41.032 55263.95084533 12.35 203.299263  64.628874  4.366 -100.00 -100.00 -100.00
  62    41.668 55263.95084592 11.76 203.305020  64.627978  4.104 -100.00 -100.00 -100.00
  62    42.089 55263.95084651 11.90 203.310776  64.627082  3.727 -100.00 -100.00 -100.00
  63    40.285 55273.86648259 11.43 203.294306  64.631413  3.905 -100.00 -100.00 -100.00
  63    40.515 55273.86648318 11.23 203.300062  64.630518  3.818 -100.00 -100.00 -100.00
  63    41.946 55273.86648377 11.40 203.305819  64.629622  3.952 -100.00 -100.00 -100.00
  63    42.189 55273.86648436 10.89 203.311575  64.628727  3.207 -100.00 -100.00 -100.00
  63    47.632 55273.86648495 10.91 203.317330  64.627831  3.230 -100.00 -100.00 -100.00
  64    38.710 55283.78212068 13.12 203.301568  64.631667  7.599 -100.00 -100.00 -100.00
  64    40.542 55283.78212127 12.69 203.307325  64.630771  6.934 -100.00 -100.00 -100.00
  64    40.197 55283.78212186 13.30 203.313081  64.629876  6.734 -100.00 -100.00 -100.00
  64    38.219 55283.78212245 15.24 203.318836  64.628980 10.686 -100.00 -100.00 -100.00
  64    39.626 55283.78212304 13.92 203.324592  64.628084  8.821 -100.00 -100.00 -100.00
  65    48.699 55293.69775642 10.58 203.298677  64.631882  4.428 -100.00 -100.00 -100.00
  65    40.650 55293.69775701 10.52 203.304433  64.630987  5.041 -100.00 -100.00 -100.00
  65    41.705 55293.69775760 10.07 203.310189  64.630091  4.211 -100.00 -100.00 -100.00
  65    42.133 55293.69775819 10.36 203.315945  64.629196  4.536 -100.00 -100.00 -100.00
  65    42.447 55293.69775878  9.96 203.321700  64.628300  3.876 -100.00 -100.00 -100.00
  66    40.634 55303.61339275 11.95 203.290242  64.631784  4.455 -100.00 -100.00 -100.00
  66    41.255 55303.61339334 11.74 203.295999  64.630889  4.461 -100.00 -100.00 -100.00
  66    42.101 55303.61339393 11.50 203.301755  64.629995  3.942 -100.00 -100.00 -100.00
  66    42.040 55303.61339452 11.75 203.307511  64.629100  5.132 -100.00 -100.00 -100.00
  66    42.623 55303.61339511 11.37 203.313266  64.628204  4.078 -100.00 -100.00 -100.00
  66    43.453 55303.61339570 11.04 203.319021  64.627309  4.062 -100.00 -100.00 -100.00
  67    37.454 55313.52904022 26.94 203.288171  64.630676 28.477 -100.00 -100.00 -100.00
  67    41.305 55313.52904081 27.21 203.293927  64.629782 26.605 -100.00 -100.00 -100.00
  67    37.647 55313.52904140 27.59 203.299683  64.628887 30.649 -100.00 -100.00 -100.00
  67    37.462 55313.52904199 29.64 203.305438  64.627992   -100 -100.00 -100.00 -100.00
  67    41.859 55313.52904258 26.84 203.311193  64.627097 26.184 -100.00 -100.00 -100.00
  68    40.004 55323.44468599 45.29 203.291875  64.630677 10.146 -100.00 -100.00 -100.00
  68    39.963 55323.44468658 40.56 203.297631  64.629782  8.692 -100.00 -100.00 -100.00
  68    39.962 55323.44468717 35.54 203.303387  64.628887   -100 -100.00 -100.00 -100.00
  68    39.936 55323.44468776 32.88 203.309142  64.627992   -100 -100.00 -100.00 -100.00
  68    42.352 55323.44468835 34.49 203.314897  64.627096 32.170 -100.00 -100.00 -100.00
  69    39.487 55333.36033067 41.97 203.298840  64.631353   -100 -100.00 -100.00 -100.00
  69    39.462 55333.36033126 40.60 203.304596  64.630457   -100 -100.00 -100.00 -100.00
  69    39.169 55333.36033185 38.79 203.310352  64.629562   -100 -100.00 -100.00 -100.00
  69    39.287 55333.36033244 36.37 203.316107  64.628667   -100 -100.00 -100.00 -100.00
  69    42.844 55333.36033303 37.53 203.321862  64.627771 28.787 -100.00 -100.00 -100.00
  70    39.092 55343.27597527 49.45 203.306001  64.631668  7.125 -100.00 -100.00 -100.00
  70    39.257 55343.27597586 50.64 203.311757  64.630773   -100 -100.00 -100.00 -100.00
  70    39.014 55343.27597645 53.24 203.317513  64.629877 28.780 -100.00 -100.00 -100.00
  70    39.048 55343.27597704 52.29 203.323268  64.628981 11.344 -100.00 -100.00 -100.00
  71    39.443 55353.19161842 46.66 203.302257  64.632411 19.165 -100.00 -100.00 -100.00
  71    39.459 55353.19161901 43.18 203.308014  64.631516   -100 -100.00 -100.00 -100.00
  71    39.568 55353.19161960 32.55 203.313770  64.630620 14.105 -100.00 -100.00 -100.00
  71    39.503 55353.19162019 33.31 203.319526  64.629724 15.903 -100.00 -100.00 -100.00
  71    42.654 55353.19162078 31.38 203.325281  64.628828 11.038 -100.00 -100.00 -100.00
  72    42.867 55363.10725965 19.41 203.300329  64.632467  6.755 -100.00 -100.00 -100.00
  72    42.319 55363.10726025 21.22 203.306085  64.631572 10.215 -100.00 -100.00 -100.00
  72    42.278 55363.10726084 25.30 203.311842  64.630677 18.219 -100.00 -100.00 -100.00
  72    42.178 55363.10726143 29.26 203.317598  64.629781 30.930 -100.00 -100.00 -100.00
  72    42.409 55363.10726202 28.21 203.323353  64.628885 26.890 -100.00 -100.00 -100.00
  73    42.124 55373.02289961 18.76 203.304224  64.632060  7.314 -100.00 -100.00 -100.00
  73    42.081 55373.02290020 21.34 203.309981  64.631165 10.703 -100.00 -100.00 -100.00
  73    42.078 55373.02290079 25.31 203.315737  64.630269 17.646 -100.00 -100.00 -100.00
  73    42.732 55373.02290138 22.14 203.321493  64.629373 10.753 -100.00 -100.00 -100.00
  73    42.218 55373.02290197 28.20 203.327249  64.628477 28.211 -100.00 -100.00 -100.00
  74    41.348 55382.93853804 21.52 203.306462  64.632904  7.890 -100.00 -100.00 -100.00
  74    41.849 55382.93853863 20.28 203.312219  64.632009  7.241 -100.00 -100.00 -100.00
  74    42.641 55382.93853922 20.08 203.317975  64.631113  6.665 -100.00 -100.00 -100.00
  74    42.625 55382.93853981 20.96 203.323731  64.630218  7.217 -100.00 -100.00 -100.00
  74    42.231 55382.93854040 27.73 203.329487  64.629321 16.809 -100.00 -100.00 -100.00
  75    41.740 55392.85417622 19.24 203.313681  64.633134 11.951 -100.00 -100.00 -100.00
  75    42.048 55392.85417681 18.86 203.319438  64.632238 10.895 -100.00 -100.00 -100.00
  75    42.449 55392.85417740 19.92 203.325194  64.631343 11.228 -100.00 -100.00 -100.00
  75    41.925 55392.85417799 27.42 203.330949  64.630447 21.674 -100.00 -100.00 -100.00
  76    40.760 55402.76981236 36.10 203.315423  64.633478   -100 -100.00 -100.00 -100.00
  76    40.511 55402.76981295 38.10 203.321179  64.632582   -100 -100.00 -100.00 -100.00
  76    40.481 55402.76981354 41.47 203.326936  64.631686 19.031 -100.00 -100.00 -100.00
  76    40.552 55402.76981413 42.44 203.332691  64.630790  9.335 -100.00 -100.00 -100.00
  77    41.743 55412.68546365 19.62 203.308886  64.632470  4.811 -100.00 -100.00 -100.00
  77    42.004 55412.68546424 19.37 203.314643  64.631575  5.148 -100.00 -100.00 -100.00
  77    42.613 55412.68546483 19.85 203.320399  64.630679  5.841 -100.00 -100.00 -100.00
  77    42.508 55412.68546542 21.53 203.326154  64.629783  6.801 -100.00 -100.00 -100.00
  78    40.924 55422.60111195 27.92 203.297275  64.631307 28.818 -100.00 -100.00 -100.00
  78    41.027 55422.60111254 27.04 203.303032  64.630412 25.970 -100.00 -100.00 -100.00
  78    40.725 55422.60111313 26.25 203.308788  64.629517 22.286 -100.00 -100.00 -100.00
  78    40.772 55422.60111372 24.47 203.314543  64.628622 17.517 -100.00 -100.00 -100.00
  78    42.119 55422.60111431 23.23 203.320298  64.627726 13.560 -100.00 -100.00 -100.00
  79    40.921 55432.51675747 42.19 203.285463  64.631014   -100 -100.00 -100.00 -100.00
  79    40.342 55432.51675806 41.24 203.291219  64.630120 12.648 -100.00 -100.00 -100.00
  79    40.441 55432.51675865 40.68 203.296975  64.629225 20.224 -100.00 -100.00 -100.00
  79    41.138 55432.51675924 31.06 203.302731  64.628330 23.685 -100.00 -100.00 -100.00
  79    41.175 55432.51675983 29.43 203.308486  64.627435 20.645 -100.00 -100.00 -100.00
  79    40.498 55432.51676042 28.19 203.314241  64.626540 17.197 -100.00 -100.00 -100.00
  80    40.839 55442.43240217 46.31 203.286748  64.631086 26.828 -100.00 -100.00 -100.00
  80    40.988 55442.43240276 47.39 203.292505  64.630191 23.906 -100.00 -100.00 -100.00
  80    40.143 55442.43240335 52.59 203.298261  64.629296 20.950 -100.00 -100.00 -100.00
  80    40.198 55442.43240394 54.37 203.304016  64.628401 28.967 -100.00 -100.00 -100.00
  80    40.264 55442.43240453 54.26 203.309772  64.627506 22.511 -100.00 -100.00 -100.00
  80    40.335 55442.43240512 57.10 203.315527  64.626610 23.777 -100.00 -100.00 -100.00
  81    40.056 55452.34804582 45.46 203.293695  64.631631   -100 -100.00 -100.00 -100.00
  81    40.030 55452.34804641 48.56 203.299451  64.630736   -100 -100.00 -100.00 -100.00
  81    39.706 55452.34804700 51.60 203.305208  64.629841 15.028 -100.00 -100.00 -100.00
  81    39.734 55452.34804759 53.66 203.310963  64.628946   -100 -100.00 -100.00 -100.00
  81    39.774 55452.34804818 56.76 203.316718  64.628050   -100 -100.00 -100.00 -100.00
  82    41.276 55462.26368878 21.10 203.301619  64.631935  9.444 -100.00 -100.00 -100.00
  82    43.668 55462.26368937 18.50 203.307375  64.631039  6.606 -100.00 -100.00 -100.00
  82    45.030 55462.26368996 18.85 203.313132  64.630144  7.176 -100.00 -100.00 -100.00
  82    45.562 55462.26369055 18.60 203.318887  64.629248  6.863 -100.00 -100.00 -100.00
  82    45.625 55462.26369114 21.24 203.324643  64.628352 10.125 -100.00 -100.00 -100.00
  83    38.420 55472.17932881 43.41 203.296482  64.632247   -100 -100.00 -100.00 -100.00
  83    38.648 55472.17932940 44.31 203.302239  64.631352 32.527 -100.00 -100.00 -100.00
  83    38.324 55472.17932999 45.56 203.307995  64.630457   -100 -100.00 -100.00 -100.00
  83    38.466 55472.17933058 49.37 203.313752  64.629561   -100 -100.00 -100.00 -100.00
  83    38.495 55472.17933117 52.32 203.319508  64.628666   -100 -100.00 -100.00 -100.00
  84    37.646 55482.09496588 29.15 203.289242  64.631758 24.978 -100.00 -100.00 -100.00
  84    37.696 55482.09496647 31.59 203.295000  64.630863   -100 -100.00 -100.00 -100.00
  84    37.879 55482.09496706 28.42 203.300757  64.629968 23.704 -100.00 -100.00 -100.00
  84    37.620 55482.09496765 25.42 203.306514  64.629073 16.926 -100.00 -100.00 -100.00
  84    41.918 55482.09496824 20.29 203.312270  64.628178  7.680 -100.00 -100.00 -100.00
  84    42.518 55482.09496883 19.00 203.318026  64.627282  5.323 -100.00 -100.00 -100.00
  85    36.797 55492.01060091 40.57 203.284083  64.631312   -100 -100.00 -100.00 -100.00
  85    36.923 55492.01060150 43.26 203.289841  64.630418   -100 -100.00 -100.00 -100.00
  85    37.371 55492.01060209 44.23 203.295599  64.629523   -100 -100.00 -100.00 -100.00
  85    37.339 55492.01060268 45.47 203.301356  64.628628   -100 -100.00 -100.00 -100.00
  85    36.849 55492.01060327 49.76 203.307112  64.627733 30.272 -100.00 -100.00 -100.00
  85    36.927 55492.01060386 50.60 203.312869  64.626838   -100 -100.00 -100.00 -100.00
  86    39.333 55501.92623541 31.99 203.292026  64.631212 30.045 -100.00 -100.00 -100.00
  86    39.375 55501.92623600 34.76 203.297783  64.630318   -100 -100.00 -100.00 -100.00
  86    39.231 55501.92623659 33.11 203.303540  64.629423   -100 -100.00 -100.00 -100.00
  86    39.118 55501.92623718 36.99 203.309297  64.628528  5.667 -100.00 -100.00 -100.00
  86    39.146 55501.92623777 33.52 203.315054  64.627632   -100 -100.00 -100.00 -100.00
  87    38.773 55511.84188081 26.06 203.299308  64.632248 19.714 -100.00 -100.00 -100.00
  87    38.971 55511.84188140 26.69 203.305065  64.631353 19.732 -100.00 -100.00 -100.00
  87    39.010 55511.84188199 29.08 203.310822  64.630457 26.556 -100.00 -100.00 -100.00
  87    38.694 55511.84188258 29.76 203.316579  64.629562   -100 -100.00 -100.00 -100.00
  87    38.784 55511.84188317 27.47 203.322335  64.628666 25.842 -100.00 -100.00 -100.00
  88    39.012 55521.75753121 22.47 203.307777  64.632604  8.911 -100.00 -100.00 -100.00
  88    38.998 55521.75753180 23.16 203.313534  64.631709 10.694 -100.00 -100.00 -100.00
  88    39.211 55521.75753239 23.30 203.319290  64.630813 10.573 -100.00 -100.00 -100.00
  88    38.949 55521.75753298 23.08 203.325047  64.629917 10.399 -100.00 -100.00 -100.00
  88    39.045 55521.75753358 21.83 203.330803  64.629021  7.802 -100.00 -100.00 -100.00
  89    40.972 55531.67317953 15.07 203.306937  64.632922  6.113 -100.00 -100.00 -100.00
  89    41.646 55531.67318012 15.02 203.312694  64.632027  5.801 -100.00 -100.00 -100.00
  89    42.118 55531.67318071 14.61 203.318450  64.631131  4.575 -100.00 -100.00 -100.00
  89    42.493 55531.67318130 15.42 203.324206  64.630235  6.330 -100.00 -100.00 -100.00
  89    42.952 55531.67318189 14.85 203.329962  64.629339  5.237 -100.00 -100.00 -100.00
  90    40.979 55541.58882628 12.80 203.306116  64.632006  3.595 -100.00 -100.00 -100.00
  90    41.629 55541.58882687 12.87 203.311872  64.631110  3.354 -100.00 -100.00 -100.00
  90    42.358 55541.58882746 13.32 203.317628  64.630214  4.061 -100.00 -100.00 -100.00
  90    42.454 55541.58882805 13.09 203.323384  64.629319  4.310 -100.00 -100.00 -100.00
  91    40.677 55551.50447058 12.82 203.302264  64.631875  4.497 -100.00 -100.00 -100.00
  91    41.550 55551.50447117 12.36 203.308021  64.630980  3.226 -100.00 -100.00 -100.00
  91    41.872 55551.50447176 12.49 203.313777  64.630084  3.897 -100.00 -100.00 -100.00
  91    42.664 55551.50447235 12.49 203.319533  64.629189  3.475 -100.00 -100.00 -100.00
  91    42.982 55551.50447294 12.43 203.325288  64.628293  3.403 -100.00 -100.00 -100.00
  92    40.850 55561.42011398 12.50 203.305150  64.631969  3.499 -100.00 -100.00 -100.00
  92    41.289 55561.42011457 12.79 203.310906  64.631074  3.761 -100.00 -100.00 -100.00
  92    41.742 55561.42011516 12.39 203.316662  64.630178  3.430 -100.00 -100.00 -100.00
  92    42.434 55561.42011575 12.64 203.322418  64.629282  3.434 -100.00 -100.00 -100.00
  92    42.695 55561.42011634 12.39 203.328173  64.628386  3.668 -100.00 -100.00 -100.00
  93    41.140 55571.33575674 14.16 203.309943  64.632630  5.464 -100.00 -100.00 -100.00
  93    41.849 55571.33575733 13.90 203.315700  64.631734  4.800 -100.00 -100.00 -100.00
  93    41.564 55571.33575792 14.14 203.321456  64.630838  5.988 -100.00 -100.00 -100.00
  93    42.671 55571.33575851 14.16 203.327212  64.629942  6.671 -100.00 -100.00 -100.00
  94    41.623 55581.25139823 13.31 203.312986  64.632622  4.660 -100.00 -100.00 -100.00
  94    41.882 55581.25139882 12.97 203.318743  64.631726  3.514 -100.00 -100.00 -100.00
  94    42.628 55581.25139941 12.57 203.324499  64.630830  3.326 -100.00 -100.00 -100.00
  94    42.853 55581.25140001 12.54 203.330255  64.629934  3.230 -100.00 -100.00 -100.00
  95    41.072 55591.16703568 12.27 203.305120  64.632302  3.860 -100.00 -100.00 -100.00
  95    41.263 55591.16703627 12.26 203.310877  64.631407  3.733 -100.00 -100.00 -100.00
  95    41.429 55591.16703686 11.89 203.316634  64.630511  3.568 -100.00 -100.00 -100.00
  95    42.354 55591.16703745 11.93 203.322390  64.629615  3.359 -100.00 -100.00 -100.00
  95    42.669 55591.16703804 12.02 203.328146  64.628719  3.837 -100.00 -100.00 -100.00
  96    40.257 55601.08266973 12.29 203.294683  64.631469  4.358 -100.00 -100.00 -100.00
  96    40.618 55601.08267032 12.34 203.300440  64.630574  4.588 -100.00 -100.00 -100.00
  96    41.183 55601.08267091 12.38 203.306198  64.629679  4.640 -100.00 -100.00 -100.00
  96    42.291 55601.08267150 11.58 203.311954  64.628784  3.163 -100.00 -100.00 -100.00
  96    42.280 55601.08267209 11.87 203.317710  64.627888  3.759 -100.00 -100.00 -100.00
  97    41.149 55610.99830190 10.82 203.287541  64.631176  3.685 -100.00 -100.00 -100.00
  97    41.037 55610.99830249 10.78 203.293299  64.630281  3.435 -100.00 -100.00 -100.00
  97    41.628 55610.99830308 10.86 203.299057  64.629387  3.649 -100.00 -100.00 -100.00
  97    42.153 55610.99830367 11.05 203.304813  64.628492  3.538 -100.00 -100.00 -100.00
  97    42.438 55610.99830426 10.89 203.310570  64.627597  3.488 -100.00 -100.00 -100.00
  97    43.221 55610.99830485 10.77 203.316326  64.626701  3.463 -100.00 -100.00 -100.00
  98    41.123 55620.91393434 11.38 203.294664  64.631209  3.657 -100.00 -100.00 -100.00
  98    41.712 55620.91393493 11.60 203.300422  64.630314  4.126 -100.00 -100.00 -100.00
  98    42.359 55620.91393552 11.60 203.306179  64.629419  4.044 -100.00 -100.00 -100.00
  98    43.106 55620.91393611 11.05 203.311935  64.628524  2.919 -100.00 -100.00 -100.00
  98    43.403 55620.91393670 11.43 203.317691  64.627629  3.672 -100.00 -100.00 -100.00
  99    41.440 55630.82958775 10.63 203.300650  64.632013  3.183 -100.00 -100.00 -100.00
  99    42.371 55630.82958834 10.76 203.306407  64.631118  3.162 -100.00 -100.00 -100.00
  99    42.683 55630.82958893 10.58 203.312164  64.630223  3.010 -100.00 -100.00 -100.00
  99    43.291 55630.82958952 10.63 203.317920  64.629327  3.079 -100.00 -100.00 -100.00
  99    43.344 55630.82959011 10.66 203.323676  64.628431  3.200 -100.00 -100.00 -100.00
 100    41.946 55640.74523914 10.66 203.305955  64.632244  3.273 -100.00 -100.00 -100.00
 100    42.395 55640.74523973 10.89 203.311712  64.631349  3.446 -100.00 -100.00 -100.00
 100    43.144 55640.74524032 10.60 203.317468  64.630453  3.158 -100.00 -100.00 -100.00
 100    43.279 55640.74524091 10.79 203.323224  64.629557  3.470 -100.00 -100.00 -100.00
 100    43.708 55640.74524150 10.76 203.328979  64.628661  3.565 -100.00 -100.00 -100.00
 101    40.956 55650.66088680 11.21 203.299029  64.632310  4.058 -100.00 -100.00 -100.00
 101    41.728 55650.66088739 11.02 203.304786  64.631415  3.079 -100.00 -100.00 -100.00
 101    42.276 55650.66088798 10.98 203.310542  64.630520  3.485 -100.00 -100.00 -100.00
 101    43.019 55650.66088857 10.88 203.316298  64.629624  3.095 -100.00 -100.00 -100.00
 101    43.152 55650.66088916 11.20 203.322053  64.628728  3.338 -100.00 -100.00 -100.00
 102    48.507 55660.57653054  9.74 203.288103  64.631491  3.182 -100.00 -100.00 -100.00
 102    42.027 55660.57653113  9.96 203.293860  64.630597  3.689 -100.00 -100.00 -100.00
 102    42.322 55660.57653172  9.75 203.299616  64.629702  3.346 -100.00 -100.00 -100.00
 102    42.648 55660.57653231  9.77 203.305372  64.628807  3.114 -100.00 -100.00 -100.00
 102    43.222 55660.57653290  9.63 203.311127  64.627912  2.874 -100.00 -100.00 -100.00
 102    48.125 55660.57653349  9.56 203.316882  64.627016  3.322 -100.00 -100.00 -100.00
 103    41.057 55670.49217121 10.16 203.281534  64.631109  3.722 -100.00 -100.00 -100.00
 103    41.303 55670.49217180 10.23 203.287290  64.630215  3.906 -100.00 -100.00 -100.00
 103    41.208 55670.49217239 10.73 203.293047  64.629320  4.720 -100.00 -100.00 -100.00
 103    42.249 55670.49217298 10.23 203.298802  64.628425  4.091 -100.00 -100.00 -100.00
 103    42.834 55670.49217357 10.29 203.304558  64.627530  4.414 -100.00 -100.00 -100.00
 103    42.727 55670.49217416 11.19 203.310313  64.626635  4.772 -100.00 -100.00 -100.00
 104    37.278 55680.40781122 24.27 203.288371  64.631121   -100 -100.00 -100.00 -100.00
 104    37.693 55680.40781181 23.48 203.294127  64.630226 31.341 -100.00 -100.00 -100.00
 104    37.522 55680.40781240 24.33 203.299883  64.629331   -100 -100.00 -100.00 -100.00
 104    37.399 55680.40781299 26.45 203.305639  64.628436   -100 -100.00 -100.00 -100.00
 104    37.311 55680.40781358 25.51 203.311394  64.627541   -100 -100.00 -100.00 -100.00
 104    37.259 55680.40781417 18.98 203.317149  64.626646 22.869 -100.00 -100.00 -100.00
 105    39.667 55690.32344995 36.30 203.302530  64.631827  1.296 -100.00 -100.00 -100.00
 105    39.767 55690.32345054 34.98 203.308286  64.630932   -100 -100.00 -100.00 -100.00
 105    41.721 55690.32345113 29.90 203.314042  64.630036 26.983 -100.00 -100.00 -100.00
 105    39.936 55690.32345172 32.92 203.319797  64.629141   -100 -100.00 -100.00 -100.00
 105    41.335 55690.32345231 32.98 203.325552  64.628245   -100 -100.00 -100.00 -100.00
 106    42.133 55700.23908697 49.62 203.315101  64.632304   -100 -100.00 -100.00 -100.00
 106    41.796 55700.23908756 51.42 203.320857  64.631408   -100 -100.00 -100.00 -100.00
 106    41.725 55700.23908815 54.78 203.326613  64.630513 28.471 -100.00 -100.00 -100.00
 106    41.681 55700.23908874 53.62 203.332369  64.629617   -100 -100.00 -100.00 -100.00
 107    42.028 55710.15472614 53.89 203.313916  64.633022 27.487 -100.00 -100.00 -100.00
 107    42.009 55710.15472673 51.96 203.319672  64.632126   -100 -100.00 -100.00 -100.00
 107    42.040 55710.15472732 47.39 203.325428  64.631231 16.912 -100.00 -100.00 -100.00
 107    42.081 55710.15472791 46.22 203.331184  64.630335  5.504 -100.00 -100.00 -100.00
 108    41.916 55720.07037582 46.63 203.308320  64.632548   -100 -100.00 -100.00 -100.00
 108    41.821 55720.07037641 41.88 203.314076  64.631652   -100 -100.00 -100.00 -100.00
 108    41.803 55720.07037700 34.05 203.319833  64.630757 15.455 -100.00 -100.00 -100.00
 108    42.621 55720.07037759 31.83 203.325589  64.629861 10.651 -100.00 -100.00 -100.00
 108    42.482 55720.07037818 39.26 203.331344  64.628965 29.876 -100.00 -100.00 -100.00
 109    40.858 55729.98602358 45.89 203.305993  64.632012   -100 -100.00 -100.00 -100.00
 109    40.865 55729.98602417 48.13 203.311750  64.631117   -100 -100.00 -100.00 -100.00
 109    40.585 55729.98602476 46.38 203.317506  64.630221  3.974 -100.00 -100.00 -100.00
 109    40.537 55729.98602535 47.11 203.323262  64.629325 16.459 -100.00 -100.00 -100.00
 109    40.780 55729.98602594 48.73 203.329017  64.628429  1.037 -100.00 -100.00 -100.00
 110    40.719 55739.90166991 42.43 203.303060  64.632583   -100 -100.00 -100.00 -100.00
 110    40.784 55739.90167050 43.63 203.308817  64.631687   -100 -100.00 -100.00 -100.00
 110    40.907 55739.90167109 45.86 203.314573  64.630792   -100 -100.00 -100.00 -100.00
 110    40.940 55739.90167168 46.87 203.320329  64.629896   -100 -100.00 -100.00 -100.00
 110    40.945 55739.90167227 50.21 203.326085  64.629000   -100 -100.00 -100.00 -100.00
 111    41.963 55749.81731604 52.82 203.310286  64.632087   -100 -100.00 -100.00 -100.00
 111    41.669 55749.81731663 54.70 203.316042  64.631191 14.544 -100.00 -100.00 -100.00
 111    41.614 55749.81731722 53.66 203.321798  64.630295   -100 -100.00 -100.00 -100.00
 111    41.631 55749.81731781 55.22 203.327554  64.629399   -100 -100.00 -100.00 -100.00
 112    41.148 55759.73295870 45.28 203.306219  64.632765 11.115 -100.00 -100.00 -100.00
 112    41.228 55759.73295929 46.58 203.311976  64.631869  4.035 -100.00 -100.00 -100.00
 112    41.312 55759.73295988 44.48 203.317732  64.630974   -100 -100.00 -100.00 -100.00
 112    41.167 55759.73296047 42.05 203.323487  64.630078   -100 -100.00 -100.00 -100.00
 112    41.440 55759.73296106 39.75 203.329243  64.629182   -100 -100.00 -100.00 -100.00
 113    41.376 55769.64859859 28.12 203.302155  64.632318 18.894 -100.00 -100.00 -100.00
 113    41.523 55769.64859918 25.29 203.307911  64.631423 12.882 -100.00 -100.00 -100.00
 113    41.878 55769.64859977 22.01 203.313667  64.630528  7.208 -100.00 -100.00 -100.00
 113    42.560 55769.64860036 21.23 203.319423  64.629632  6.222 -100.00 -100.00 -100.00
 113    42.454 55769.64860095 22.38 203.325178  64.628736  7.402 -100.00 -100.00 -100.00
 114    40.900 55779.56423462 45.79 203.292083  64.631883  9.652 -100.00 -100.00 -100.00
 114    40.978 55779.56423521 48.69 203.297840  64.630988 13.672 -100.00 -100.00 -100.00
 114    41.089 55779.56423580 48.44 203.303596  64.630093   -100 -100.00 -100.00 -100.00
 114    41.123 55779.56423639 49.53 203.309352  64.629198   -100 -100.00 -100.00 -100.00
 114    41.180 55779.56423698 53.49 203.315107  64.628303  4.825 -100.00 -100.00 -100.00
 114    41.254 55779.56423758 55.53 203.320862  64.627407  7.224 -100.00 -100.00 -100.00
 115    40.709 55789.47986885 34.32 203.290307  64.630978 28.481 -100.00 -100.00 -100.00
 115    40.439 55789.47986944 34.50 203.296064  64.630083   -100 -100.00 -100.00 -100.00
 115    40.467 55789.47987003 28.81 203.301820  64.629189 17.882 -100.00 -100.00 -100.00
 115    40.519 55789.47987062 29.85 203.307576  64.628294 20.412 -100.00 -100.00 -100.00
 115    40.487 55789.47987121 32.28 203.313331  64.627398 29.022 -100.00 -100.00 -100.00
 116    40.440 55799.39550221 37.43 203.293643  64.631286   -100 -100.00 -100.00 -100.00
 116    40.516 55799.39550280 34.56 203.299399  64.630391 32.471 -100.00 -100.00 -100.00
 116    40.589 55799.39550339 27.51 203.305156  64.629497 11.675 -100.00 -100.00 -100.00
 116    41.885 55799.39550398 26.61 203.310912  64.628602  9.777 -100.00 -100.00 -100.00
 116    44.328 55799.39550457 24.57 203.316667  64.627706  6.389 -100.00 -100.00 -100.00
 117    42.909 55809.31114932 20.34 203.300269  64.631751  5.170 -100.00 -100.00 -100.00
 117    42.142 55809.31114991 19.54 203.306026  64.630856  4.444 -100.00 -100.00 -100.00
 117    42.327 55809.31115050 19.24 203.311782  64.629961  4.326 -100.00 -100.00 -100.00
 117    45.474 55809.31115109 18.44 203.317538  64.629065  3.355 -100.00 -100.00 -100.00
 117    45.694 55809.31115168 20.94 203.323293  64.628170  7.187 -100.00 -100.00 -100.00
 118    39.845 55819.22679865 47.58 203.306030  64.632171   -100 -100.00 -100.00 -100.00
 118    39.679 55819.22679925 49.99 203.311787  64.631275 28.196 -100.00 -100.00 -100.00
 118    39.732 55819.22679984 52.93 203.317544  64.630380   -100 -100.00 -100.00 -100.00
 118    39.815 55819.22680043 51.92 203.323300  64.629484 17.305 -100.00 -100.00 -100.00
 118    39.909 55819.22680102 51.01 203.329055  64.628588   -100 -100.00 -100.00 -100.00
 119    43.330 55829.14244272 22.34 203.301731  64.632566  8.594 -100.00 -100.00 -100.00
 119    41.996 55829.14244331 21.77 203.307489  64.631671  7.717 -100.00 -100.00 -100.00
 119    45.315 55829.14244390 19.84 203.313246  64.630776  4.946 -100.00 -100.00 -100.00
 119    45.529 55829.14244449 20.72 203.319002  64.629880  7.055 -100.00 -100.00 -100.00
 119    45.764 55829.14244508 21.25 203.324758  64.628985  7.379 -100.00 -100.00 -100.00
 120    38.933 55839.05808235 43.49 203.296331  64.631743   -100 -100.00 -100.00 -100.00
 120    39.117 55839.05808294 45.68 203.302089  64.630848   -100 -100.00 -100.00 -100.00
 120    39.585 55839.05808353 46.52 203.307846  64.629953 30.634 -100.00 -100.00 -100.00
 120    39.244 55839.05808412 50.53 203.313603  64.629058   -100 -100.00 -100.00 -100.00
 120    38.922 55839.05808471 53.91 203.319359  64.628162   -100 -100.00 -100.00 -100.00
 121    44.048 55848.97371908 19.07 203.292296  64.630975  8.438 -100.00 -100.00 -100.00
 121    41.540 55848.97371967 21.54 203.298054  64.630081 13.370 -100.00 -100.00 -100.00
 121    42.113 55848.97372026 19.41 203.303811  64.629186  8.389 -100.00 -100.00 -100.00
 121    42.710 55848.97372085 19.23 203.309568  64.628290  8.150 -100.00 -100.00 -100.00
 121    45.677 55848.97372144 18.64 203.315324  64.627395  6.385 -100.00 -100.00 -100.00
 122    37.644 55858.88935438 40.30 203.295558  64.631471   -100 -100.00 -100.00 -100.00
 122    37.793 55858.88935497 39.69 203.301315  64.630577   -100 -100.00 -100.00 -100.00
 122    37.929 55858.88935556 42.71 203.307073  64.629682   -100 -100.00 -100.00 -100.00
 122    38.102 55858.88935615 42.55 203.312829  64.628786   -100 -100.00 -100.00 -100.00
 122    37.698 55858.88935674 44.73 203.318586  64.627891 24.150 -100.00 -100.00 -100.00
 123    37.083 55868.80500312 37.24 203.301746  64.632607   -100 -100.00 -100.00 -100.00
 123    37.248 55868.80500371 38.31 203.307503  64.631712   -100 -100.00 -100.00 -100.00
 123    37.041 55868.80500430 39.67 203.313260  64.630816  6.569 -100.00 -100.00 -100.00
 123    37.139 55868.80500489 39.85 203.319017  64.629921  7.677 -100.00 -100.00 -100.00
 123    37.263 55868.80500548 35.07 203.324773  64.629025   -100 -100.00 -100.00 -100.00
 133    40.992 55967.96144522 10.75 203.288589  64.631088  3.840 -100.00 -100.00 -100.00
 133    41.600 55967.96144581 10.93 203.294346  64.630193  3.977 -100.00 -100.00 -100.00
 133    41.986 55967.96144640 10.64 203.300103  64.629298  4.279 -100.00 -100.00 -100.00
 133    42.373 55967.96144699 10.74 203.305860  64.628403  3.953 -100.00 -100.00 -100.00
 133    42.775 55967.96144758 10.61 203.311616  64.627508  3.862 -100.00 -100.00 -100.00
 133    43.279 55967.96144818 10.37 203.317372  64.626612  3.358 -100.00 -100.00 -100.00
 134    40.739 55977.87708269 10.67 203.295710  64.631051  3.899 -100.00 -100.00 -100.00
 134    41.728 55977.87708328 10.90 203.301466  64.630156  4.626 -100.00 -100.00 -100.00
 134    42.294 55977.87708387 10.49 203.307223  64.629261  4.032 -100.00 -100.00 -100.00
 134    42.705 55977.87708446 10.47 203.312979  64.628365  4.014 -100.00 -100.00 -100.00
 134    43.165 55977.87708505 10.29 203.318735  64.627470  3.669 -100.00 -100.00 -100.00
 135    40.783 55987.79271920 13.00 203.300035  64.631981  6.090 -100.00 -100.00 -100.00
 135    40.591 55987.79271979 13.49 203.305792  64.631086  7.077 -100.00 -100.00 -100.00
 135    41.953 55987.79272038 12.95 203.311549  64.630191  5.949 -100.00 -100.00 -100.00
 135    42.385 55987.79272097 12.78 203.317305  64.629296  5.655 -100.00 -100.00 -100.00
 135    43.123 55987.79272156 11.75 203.323061  64.628400  4.492 -100.00 -100.00 -100.00
 136    40.795 55997.70835941 12.91 203.305544  64.631939  6.760 -100.00 -100.00 -100.00
 136    41.368 55997.70836000 13.77 203.311301  64.631044  8.725 -100.00 -100.00 -100.00
 136    42.723 55997.70836059 11.70 203.317057  64.630149  5.258 -100.00 -100.00 -100.00
 136    42.806 55997.70836118 12.73 203.322813  64.629253  6.443 -100.00 -100.00 -100.00
 136    43.263 55997.70836177 11.79 203.328568  64.628357  5.688 -100.00 -100.00 -100.00
 137    41.875 56007.62401024 10.93 203.299726  64.631903  4.455 -100.00 -100.00 -100.00
 137    42.345 56007.62401083 10.96 203.305482  64.631008  4.157 -100.00 -100.00 -100.00
 137    42.343 56007.62401142 11.12 203.311238  64.630113  4.432 -100.00 -100.00 -100.00
 137    43.161 56007.62401201 10.81 203.316994  64.629218  3.901 -100.00 -100.00 -100.00
 137    43.184 56007.62401260 10.78 203.322749  64.628322  4.324 -100.00 -100.00 -100.00
 138    41.515 56017.53965667  9.82 203.291713  64.631733  3.485 -100.00 -100.00 -100.00
 138    41.283 56017.53965726 10.00 203.297469  64.630839  4.250 -100.00 -100.00 -100.00
 138    42.435 56017.53965785  9.77 203.303225  64.629944  3.992 -100.00 -100.00 -100.00
 138    42.608 56017.53965844 10.62 203.308981  64.629049  5.438 -100.00 -100.00 -100.00
 138    42.845 56017.53965903 10.39 203.314736  64.628153  4.781 -100.00 -100.00 -100.00
 138    43.542 56017.53965962 10.17 203.320491  64.627258  4.633 -100.00 -100.00 -100.00
 139    42.254 56027.45530093 10.52 203.292003  64.631169  3.935 -100.00 -100.00 -100.00
 139    42.677 56027.45530152 10.89 203.297759  64.630274  4.982 -100.00 -100.00 -100.00
 139    52.386 56027.45530211  9.92 203.303515  64.629379  3.512 -100.00 -100.00 -100.00
 139    46.610 56027.45530270 10.28 203.309270  64.628484  3.620 -100.00 -100.00 -100.00
 139    46.217 56027.45530329  9.93 203.315025  64.627589  3.444 -100.00 -100.00 -100.00
 141    38.904 56047.28658494 33.75 203.303592  64.632075   -100 -100.00 -100.00 -100.00
 141    38.691 56047.28658553 32.04 203.309348  64.631180  4.592 -100.00 -100.00 -100.00
 141    38.758 56047.28658612 30.10 203.315104  64.630284   -100 -100.00 -100.00 -100.00
 141    38.784 56047.28658671 28.11 203.320859  64.629389   -100 -100.00 -100.00 -100.00
 141    38.810 56047.28658730 27.57 203.326614  64.628493   -100 -100.00 -100.00 -100.00
 142    41.249 56057.20222317 33.91 203.309784  64.632813 32.700 -100.00 -100.00 -100.00
 142    41.052 56057.20222376 33.90 203.315540  64.631918   -100 -100.00 -100.00 -100.00
 142    40.983 56057.20222435 36.07 203.321296  64.631022   -100 -100.00 -100.00 -100.00
 142    41.048 56057.20222494 38.18 203.327052  64.630126   -100 -100.00 -100.00 -100.00
 142    41.324 56057.20222554 37.60 203.332807  64.629230   -100 -100.00 -100.00 -100.00
 143    40.110 56067.11785725 50.10 203.316895  64.632666   -100 -100.00 -100.00 -100.00
 143    40.254 56067.11785784 49.83 203.322651  64.631770   -100 -100.00 -100.00 -100.00
 143    40.170 56067.11785843 50.18 203.328407  64.630874   -100 -100.00 -100.00 -100.00
 144    41.812 56077.03350534 36.71 203.309707  64.633043   -100 -100.00 -100.00 -100.00
 144    41.662 56077.03350593 35.23 203.315464  64.632148   -100 -100.00 -100.00 -100.00
 144    41.628 56077.03350652 30.27 203.321220  64.631252 14.925 -100.00 -100.00 -100.00
 144    42.461 56077.03350711 29.51 203.326976  64.630357 14.222 -100.00 -100.00 -100.00
 144    42.431 56077.03350770 36.36 203.332731  64.629461   -100 -100.00 -100.00 -100.00
 145    88.730 56086.94915439 31.80 203.310414  64.632184   -100 -100.00 -100.00 -100.00
 145    88.792 56086.94915498 18.15 203.316171  64.631288 32.711 -100.00 -100.00 -100.00
 145    88.962 56086.94915557 14.44 203.321927  64.630393 28.444 -100.00 -100.00 -100.00
 145    89.280 56086.94915616 29.26 203.327683  64.629497   -100 -100.00 -100.00 -100.00
 146    42.104 56096.86480086 24.79 203.309937  64.631952 12.387 -100.00 -100.00 -100.00
 146    42.288 56096.86480145 26.04 203.315694  64.631056 13.956 -100.00 -100.00 -100.00
 146    42.849 56096.86480204 25.04 203.321450  64.630160 13.016 -100.00 -100.00 -100.00
 146    42.230 56096.86480263 31.85 203.327205  64.629264   -100 -100.00 -100.00 -100.00
 147    41.853 56106.78044490 22.33 203.306439  64.632175  8.745 -100.00 -100.00 -100.00
 147    42.357 56106.78044549 23.31 203.312196  64.631280  9.770 -100.00 -100.00 -100.00
 147    42.886 56106.78044608 24.31 203.317952  64.630384 11.891 -100.00 -100.00 -100.00
 147    42.387 56106.78044667 26.95 203.323707  64.629489 17.705 -100.00 -100.00 -100.00
 147    42.579 56106.78044726 30.50 203.329462  64.628592 22.459 -100.00 -100.00 -100.00
 148    43.497 56116.69607437 19.28 203.301080  64.632144  9.820 -100.00 -100.00 -100.00
 148    42.375 56116.69607496 18.67 203.306836  64.631249  8.480 -100.00 -100.00 -100.00
 148    42.696 56116.69607555 20.39 203.312592  64.630354 10.075 -100.00 -100.00 -100.00
 148    42.919 56116.69607614 22.14 203.318348  64.629458 13.176 -100.00 -100.00 -100.00
 148    42.696 56116.69607673 25.85 203.324103  64.628562 22.438 -100.00 -100.00 -100.00
 149    41.549 56126.61171192 42.84 203.297819  64.631786   -100 -100.00 -100.00 -100.00
 149    41.602 56126.61171251 42.54 203.303575  64.630891   -100 -100.00 -100.00 -100.00
 149    41.315 56126.61171310 42.41 203.309331  64.629996   -100 -100.00 -100.00 -100.00
 149    41.303 56126.61171369 39.07 203.315087  64.629100   -100 -100.00 -100.00 -100.00
 149    41.324 56126.61171428 42.63 203.320842  64.628205   -100 -100.00 -100.00 -100.00
 150    41.239 56136.52734582 38.79 203.297058  64.631282  1.331 -100.00 -100.00 -100.00
 150    41.241 56136.52734641 30.71 203.302815  64.630387 26.478 -100.00 -100.00 -100.00
 150    40.987 56136.52734700 27.41 203.308570  64.629492 15.700 -100.00 -100.00 -100.00
 150    41.044 56136.52734759 27.65 203.314326  64.628597 17.220 -100.00 -100.00 -100.00
 150    42.269 56136.52734818 27.21 203.320081  64.627702 14.916 -100.00 -100.00 -100.00
 151    40.462 56146.44298950 46.11 203.295315  64.631484 14.026 -100.00 -100.00 -100.00
 151    40.523 56146.44299009 51.20 203.301071  64.630589   -100 -100.00 -100.00 -100.00
 151    40.639 56146.44299069 49.82 203.306827  64.629694   -100 -100.00 -100.00 -100.00
 151    40.702 56146.44299128 52.77 203.312583  64.628799   -100 -100.00 -100.00 -100.00
 151    40.746 56146.44299187 53.02 203.318338  64.627904   -100 -100.00 -100.00 -100.00
 152    39.873 56156.35863897 25.22 203.295945  64.631828 11.170 -100.00 -100.00 -100.00
 152    41.021 56156.35863956 25.12 203.301701  64.630933 11.897 -100.00 -100.00 -100.00
 152    41.431 56156.35864015 22.11 203.307457  64.630038  6.312 -100.00 -100.00 -100.00
 152    42.227 56156.35864074 21.57 203.313213  64.629142  5.084 -100.00 -100.00 -100.00
 152    45.210 56156.35864133 21.22 203.318968  64.628247  5.049 -100.00 -100.00 -100.00
 153    41.020 56166.27428786 24.04 203.300274  64.631744 17.544 -100.00 -100.00 -100.00
 153    42.160 56166.27428845 19.01 203.306031  64.630849  8.430 -100.00 -100.00 -100.00
 153    45.212 56166.27428904 16.44 203.311787  64.629954  4.083 -100.00 -100.00 -100.00
 153    45.232 56166.27428963 18.50 203.317543  64.629058  6.679 -100.00 -100.00 -100.00
 153    42.824 56166.27429023 22.64 203.323298  64.628163 13.975 -100.00 -100.00 -100.00
 154    41.082 56176.18993413 24.74 203.301370  64.631507 13.165 -100.00 -100.00 -100.00
 154    42.339 56176.18993472 20.26 203.307127  64.630612  6.117 -100.00 -100.00 -100.00
 154    45.053 56176.18993531 19.19 203.312883  64.629716  4.409 -100.00 -100.00 -100.00
 154    45.506 56176.18993590 19.85 203.318639  64.628821  4.851 -100.00 -100.00 -100.00
 154    45.470 56176.18993649 21.39 203.324395  64.627925  6.827 -100.00 -100.00 -100.00
 155    39.902 56186.10557502 34.97 203.298124  64.631574   -100 -100.00 -100.00 -100.00
 155    39.610 56186.10557561 33.96 203.303881  64.630679   -100 -100.00 -100.00 -100.00
 155    39.697 56186.10557620 33.89 203.309638  64.629784   -100 -100.00 -100.00 -100.00
 155    39.727 56186.10557679 37.95 203.315394  64.628889   -100 -100.00 -100.00 -100.00
 155    39.740 56186.10557738 37.87 203.321150  64.627993   -100 -100.00 -100.00 -100.00
 156    44.761 56196.02121224 18.89 203.295486  64.631477  7.087 -100.00 -100.00 -100.00
 156    45.126 56196.02121283 19.16 203.301244  64.630582  6.596 -100.00 -100.00 -100.00
 156    45.395 56196.02121342 19.29 203.307001  64.629687  5.778 -100.00 -100.00 -100.00
 156    45.836 56196.02121401 19.06 203.312757  64.628792  5.220 -100.00 -100.00 -100.00
 156    45.751 56196.02121460 21.10 203.318513  64.627896  8.364 -100.00 -100.00 -100.00
 157    44.642 56205.93684722 22.14 203.300555  64.631304 11.623 -100.00 -100.00 -100.00
 157    42.486 56205.93684781 23.23 203.306313  64.630409 14.055 -100.00 -100.00 -100.00
 157    45.408 56205.93684840 20.75 203.312069  64.629514  8.860 -100.00 -100.00 -100.00
 157    45.679 56205.93684899 22.26 203.317826  64.628618 10.784 -100.00 -100.00 -100.00
 157    45.876 56205.93684958 21.25 203.323582  64.627722  7.547 -100.00 -100.00 -100.00
 158    38.706 56215.85248096 33.32 203.308339  64.631868 26.818 -100.00 -100.00 -100.00
 158    38.692 56215.85248155 37.67 203.314096  64.630973   -100 -100.00 -100.00 -100.00
 158    38.773 56215.85248214 37.72 203.319853  64.630077   -100 -100.00 -100.00 -100.00
 158    38.896 56215.85248273 38.52 203.325609  64.629181   -100 -100.00 -100.00 -100.00
 159    38.184 56225.76812092 44.51 203.313667  64.632877   -100 -100.00 -100.00 -100.00
 159    37.879 56225.76812151 43.95 203.319424  64.631981 11.498 -100.00 -100.00 -100.00
 159    37.923 56225.76812210 48.17 203.325180  64.631086 30.387 -100.00 -100.00 -100.00
 159    38.031 56225.76812269 45.85 203.330936  64.630190  0.562 -100.00 -100.00 -100.00
 160    38.553 56235.68377649 29.99 203.315682  64.632682 21.533 -100.00 -100.00 -100.00
 160    38.613 56235.68377708 34.21 203.321439  64.631786 30.703 -100.00 -100.00 -100.00
 160    38.508 56235.68377767 31.55 203.327195  64.630890 27.885 -100.00 -100.00 -100.00
 160    38.368 56235.68377826 28.98 203.332951  64.629994 20.625 -100.00 -100.00 -100.00
 161    39.647 56245.59942778 21.91 203.313337  64.632332  8.419 -100.00 -100.00 -100.00
 161    41.458 56245.59942837 22.25 203.319093  64.631436  7.551 -100.00 -100.00 -100.00
 161    42.234 56245.59942896 20.89 203.324849  64.630540  6.923 -100.00 -100.00 -100.00
 161    42.722 56245.59942955 20.25 203.330605  64.629644  6.393 -100.00 -100.00 -100.00
 162    48.198 56255.51507361 20.40 203.307582  64.632498  6.886 -100.00 -100.00 -100.00
 162    41.125 56255.51507420 20.32 203.313339  64.631603  8.081 -100.00 -100.00 -100.00
 162    42.347 56255.51507479 20.90 203.319095  64.630707  9.369 -100.00 -100.00 -100.00
 162    42.821 56255.51507539 19.92 203.324851  64.629811  7.557 -100.00 -100.00 -100.00
 162    42.586 56255.51507598 19.36 203.330606  64.628915  6.281 -100.00 -100.00 -100.00
 163    40.501 56265.43071632 19.78 203.310633  64.632161  7.934 -100.00 -100.00 -100.00
 163    41.282 56265.43071691 19.43 203.316389  64.631265  7.539 -100.00 -100.00 -100.00
 163    41.849 56265.43071750 20.49 203.322145  64.630369  9.499 -100.00 -100.00 -100.00
 163    40.613 56265.43071809 20.28 203.327901  64.629473  9.591 -100.00 -100.00 -100.00
 164    40.672 56275.34635670 18.46 203.308053  64.632943  7.073 -100.00 -100.00 -100.00
 164    41.410 56275.34635729 17.86 203.313810  64.632047  6.086 -100.00 -100.00 -100.00
 164    41.931 56275.34635788 17.72 203.319566  64.631152  5.968 -100.00 -100.00 -100.00
 164    42.186 56275.34635847 17.14 203.325322  64.630256  5.160 -100.00 -100.00 -100.00
 164    43.325 56275.34635906 16.89 203.331077  64.629359  3.841 -100.00 -100.00 -100.00
 165    41.545 56285.26200250 15.95 203.309696  64.632093  4.731 -100.00 -100.00 -100.00
 165    42.441 56285.26200309 15.90 203.315453  64.631198  4.856 -100.00 -100.00 -100.00
 165    42.340 56285.26200368 16.23 203.321209  64.630302  5.531 -100.00 -100.00 -100.00
 165    42.802 56285.26200427 15.55 203.326965  64.629406  4.218 -100.00 -100.00 -100.00
 166    40.258 56295.17765233 15.89 203.301542  64.631450  5.660 -100.00 -100.00 -100.00
 166    41.678 56295.17765292 15.23 203.307299  64.630555  4.755 -100.00 -100.00 -100.00
 166    42.145 56295.17765351 15.22 203.313056  64.629659  4.671 -100.00 -100.00 -100.00
 166    42.182 56295.17765410 15.35 203.318812  64.628763  4.884 -100.00 -100.00 -100.00
 166    42.781 56295.17765470 15.42 203.324568  64.627867  4.948 -100.00 -100.00 -100.00
 167    43.067 56305.09329770 15.61 203.290340  64.631050  5.560 -100.00 -100.00 -100.00
 167    39.707 56305.09329829 15.16 203.296097  64.630155  5.417 -100.00 -100.00 -100.00
 167    41.390 56305.09329888 14.58 203.301854  64.629260  4.278 -100.00 -100.00 -100.00
 167    41.726 56305.09329947 14.40 203.307611  64.628365  4.149 -100.00 -100.00 -100.00
 167    41.874 56305.09330006 14.72 203.313367  64.627469  4.422 -100.00 -100.00 -100.00
 168    39.526 56315.00893992 14.84 203.284289  64.631358  4.785 -100.00 -100.00 -100.00
 168    39.962 56315.00894051 14.74 203.290047  64.630464  4.614 -100.00 -100.00 -100.00
 168    40.835 56315.00894110 14.81 203.295804  64.629569  4.765 -100.00 -100.00 -100.00
 168    41.769 56315.00894169 14.34 203.301561  64.628674  4.052 -100.00 -100.00 -100.00
 168    41.984 56315.00894228 14.41 203.307317  64.627778  4.059 -100.00 -100.00 -100.00
 168    42.562 56315.00894287 14.34 203.313073  64.626883  4.104 -100.00 -100.00 -100.00
 169    41.244 56324.92458170 13.69 203.293619  64.631170  4.182 -100.00 -100.00 -100.00
 169    41.150 56324.92458229 13.64 203.299376  64.630275  4.168 -100.00 -100.00 -100.00
 169    41.909 56324.92458288 13.55 203.305133  64.629380  4.485 -100.00 -100.00 -100.00
 169    41.774 56324.92458347 13.59 203.310889  64.628484  3.889 -100.00 -100.00 -100.00
 169    42.428 56324.92458406 13.41 203.316645  64.627588  3.613 -100.00 -100.00 -100.00
 170    41.282 56334.84022235 13.42 203.299810  64.632017  4.590 -100.00 -100.00 -100.00
 170    41.566 56334.84022294 13.27 203.305567  64.631122  3.790 -100.00 -100.00 -100.00
 170    41.896 56334.84022353 14.24 203.311323  64.630226  5.828 -100.00 -100.00 -100.00
 170    42.519 56334.84022412 13.91 203.317079  64.629331  4.850 -100.00 -100.00 -100.00
 170    42.787 56334.84022471 13.65 203.322835  64.628435  4.468 -100.00 -100.00 -100.00
 171    40.983 56344.75586171 12.55 203.301205  64.632437  3.934 -100.00 -100.00 -100.00
 171    41.523 56344.75586230 13.06 203.306962  64.631542  4.553 -100.00 -100.00 -100.00
 171    42.043 56344.75586289 12.84 203.312719  64.630646  4.331 -100.00 -100.00 -100.00
 171    42.488 56344.75586348 13.41 203.318475  64.629751  4.530 -100.00 -100.00 -100.00
 171    42.738 56344.75586407 13.44 203.324231  64.628855  5.191 -100.00 -100.00 -100.00
 172    40.670 56354.67149888 13.19 203.302990  64.631572  5.629 -100.00 -100.00 -100.00
 172    41.606 56354.67149947 12.86 203.308746  64.630677  4.609 -100.00 -100.00 -100.00
 172    41.744 56354.67150006 12.90 203.314502  64.629781  4.949 -100.00 -100.00 -100.00
 172    42.468 56354.67150065 12.88 203.320258  64.628886  4.514 -100.00 -100.00 -100.00
 172    42.831 56354.67150124 12.61 203.326013  64.627990  4.683 -100.00 -100.00 -100.00
 173    41.209 56364.58714299 11.38 203.295056  64.631453  4.084 -100.00 -100.00 -100.00
 173    41.076 56364.58714358 11.34 203.300813  64.630559  4.143 -100.00 -100.00 -100.00
 173    42.079 56364.58714417 11.49 203.306569  64.629664  4.240 -100.00 -100.00 -100.00
 173    42.267 56364.58714476 11.29 203.312325  64.628769  3.938 -100.00 -100.00 -100.00
 173    42.568 56364.58714535 11.10 203.318080  64.627873  3.482 -100.00 -100.00 -100.00
 174    42.820 56374.50279167 10.70 203.292337  64.631436  3.972 -100.00 -100.00 -100.00
 174    41.745 56374.50279226 10.82 203.298093  64.630541  4.482 -100.00 -100.00 -100.00
 174    42.382 56374.50279285 11.09 203.303849  64.629646  3.911 -100.00 -100.00 -100.00
 174    42.599 56374.50279344 10.77 203.309605  64.628751  3.753 -100.00 -100.00 -100.00
 174    43.095 56374.50279404 10.54 203.315360  64.627856  3.772 -100.00 -100.00 -100.00
 176    42.106 56394.33408283 10.44 203.307511  64.632051  3.749 -100.00 -100.00 -100.00
 176    42.539 56394.33408342 10.36 203.313267  64.631155  3.732 -100.00 -100.00 -100.00
 176    43.046 56394.33408401  9.95 203.319023  64.630260  3.300 -100.00 -100.00 -100.00
 176    43.018 56394.33408460 10.13 203.324778  64.629364  3.466 -100.00 -100.00 -100.00
 177    41.890 56404.24972524  9.91 203.312734  64.632338  3.898 -100.00 -100.00 -100.00
 177    42.272 56404.24972583  9.91 203.318491  64.631442  3.427 -100.00 -100.00 -100.00
 177    42.851 56404.24972642 10.12 203.324246  64.630546  3.688 -100.00 -100.00 -100.00
 177    42.702 56404.24972701 10.02 203.330001  64.629650  3.737 -100.00 -100.00 -100.00
 178    41.518 56414.16536400  9.85 203.311222  64.632838  4.382 -100.00 -100.00 -100.00
 178    41.930 56414.16536460  9.75 203.316979  64.631942  4.209 -100.00 -100.00 -100.00
 178    42.922 56414.16536519  9.59 203.322735  64.631046  3.509 -100.00 -100.00 -100.00
 178    42.675 56414.16536578 10.06 203.328490  64.630150  4.538 -100.00 -100.00 -100.00
 179    37.400 56424.08099780 39.81 203.308437  64.632929   -100 -100.00 -100.00 -100.00
 179    37.294 56424.08099840 42.05 203.314193  64.632034 15.806 -100.00 -100.00 -100.00
 179    37.069 56424.08099899 39.63 203.319950  64.631138 27.373 -100.00 -100.00 -100.00
 179    37.365 56424.08099958 33.45 203.325706  64.630243   -100 -100.00 -100.00 -100.00
 179    40.542 56424.08100017 34.04 203.331462  64.629347   -100 -100.00 -100.00 -100.00
 180    38.222 56433.99664299 39.03 203.306701  64.632704  6.052 -100.00 -100.00 -100.00
 180    38.456 56433.99664358 34.64 203.312458  64.631809   -100 -100.00 -100.00 -100.00
 180    38.352 56433.99664417 36.36 203.318214  64.630913   -100 -100.00 -100.00 -100.00
 180    38.485 56433.99664476 33.63 203.323971  64.630017 32.761 -100.00 -100.00 -100.00
 180    41.473 56433.99664535 36.97 203.329726  64.629121   -100 -100.00 -100.00 -100.00
 181    44.587 56443.91229525 47.01 203.306687  64.632343   -100 -100.00 -100.00 -100.00
 181    44.308 56443.91229584 45.71 203.312443  64.631447  0.421 -100.00 -100.00 -100.00
 181    44.309 56443.91229643 39.15 203.318200  64.630551   -100 -100.00 -100.00 -100.00
 181    44.330 56443.91229702 38.81 203.323955  64.629656   -100 -100.00 -100.00 -100.00
 181    44.717 56443.91229761 45.84 203.329711  64.628759   -100 -100.00 -100.00 -100.00
 182    44.067 56453.82794486 28.55 203.305842  64.632840 14.235 -100.00 -100.00 -100.00
 182    44.157 56453.82794545 28.91 203.311598  64.631945 14.989 -100.00 -100.00 -100.00
 182    44.076 56453.82794604 32.19 203.317354  64.631049 24.636 -100.00 -100.00 -100.00
 182    44.446 56453.82794663 29.08 203.323110  64.630153 13.990 -100.00 -100.00 -100.00
 182    44.380 56453.82794722 37.21 203.328866  64.629257   -100 -100.00 -100.00 -100.00
 183    42.270 56463.74359172 49.21 203.304180  64.632456   -100 -100.00 -100.00 -100.00
 183    42.145 56463.74359231 51.37 203.309937  64.631561   -100 -100.00 -100.00 -100.00
 183    42.025 56463.74359290 54.28 203.315693  64.630665 25.064 -100.00 -100.00 -100.00
 183    41.949 56463.74359349 55.09 203.321448  64.629769   -100 -100.00 -100.00 -100.00
 183    41.928 56463.74359408 57.25 203.327203  64.628873   -100 -100.00 -100.00 -100.00
 184    41.235 56473.65923475 46.36 203.297741  64.631728   -100 -100.00 -100.00 -100.00
 184    41.109 56473.65923534 46.97 203.303497  64.630832   -100 -100.00 -100.00 -100.00
 184    41.050 56473.65923593 49.20 203.309253  64.629937  8.231 -100.00 -100.00 -100.00
 184    40.977 56473.65923652 53.33 203.315009  64.629041 24.050 -100.00 -100.00 -100.00
 184    41.258 56473.65923711 52.68 203.320764  64.628146   -100 -100.00 -100.00 -100.00
 185    43.101 56483.57487401 25.70 203.287667  64.631385 14.519 -100.00 -100.00 -100.00
 185    43.684 56483.57487460 22.44 203.293424  64.630490  7.707 -100.00 -100.00 -100.00
 185    44.038 56483.57487519 22.23 203.299180  64.629595  6.743 -100.00 -100.00 -100.00
 185    44.401 56483.57487578 27.90 203.304936  64.628700 17.484 -100.00 -100.00 -100.00
 185    43.775 56483.57487637 30.59 203.310691  64.627805 26.264 -100.00 -100.00 -100.00
 185    43.164 56483.57487696 32.98 203.316446  64.626909 26.846 -100.00 -100.00 -100.00
 187    40.748 56503.40614607 46.00 203.297232  64.631455   -100 -100.00 -100.00 -100.00
 187    40.745 56503.40614666 50.36 203.302988  64.630560   -100 -100.00 -100.00 -100.00
 187    40.768 56503.40614725 50.30 203.308744  64.629665   -100 -100.00 -100.00 -100.00
 187    40.724 56503.40614784 52.96 203.314500  64.628770   -100 -100.00 -100.00 -100.00
 187    40.700 56503.40614843 53.99 203.320255  64.627874   -100 -100.00 -100.00 -100.00
 188    42.919 56513.32178009 23.94 203.311109  64.632026  5.385 -100.00 -100.00 -100.00
 188    42.301 56513.32178068 27.49 203.316865  64.631130 11.380 -100.00 -100.00 -100.00
 188    44.251 56513.32178127 23.61 203.322621  64.630235  5.892 -100.00 -100.00 -100.00
 188    44.368 56513.32178186 26.00 203.328377  64.629339  8.385 -100.00 -100.00 -100.00
 189    39.847 56523.23742950 53.97 203.312480  64.632280   -100 -100.00 -100.00 -100.00
 189    39.863 56523.23743009 53.99 203.318237  64.631385   -100 -100.00 -100.00 -100.00
 189    39.865 56523.23743068 49.69 203.323993  64.630489   -100 -100.00 -100.00 -100.00
 189    39.867 56523.23743127 55.56 203.329748  64.629593  4.792 -100.00 -100.00 -100.00
 190    39.961 56533.15308045 45.16 203.301625  64.632365  0.310 -100.00 -100.00 -100.00
 190    39.899 56533.15308104 43.08 203.307382  64.631470   -100 -100.00 -100.00 -100.00
 190    39.934 56533.15308163 44.39 203.313139  64.630575  1.730 -100.00 -100.00 -100.00
 190    39.965 56533.15308222 42.09 203.318895  64.629679   -100 -100.00 -100.00 -100.00
 190    39.963 56533.15308281 41.77 203.324651  64.628784   -100 -100.00 -100.00 -100.00
 192    43.726 56552.98437289 21.74 203.294906  64.630941  9.961 -100.00 -100.00 -100.00
 192    43.828 56552.98437348 22.96 203.300663  64.630046 12.903 -100.00 -100.00 -100.00
 192    42.858 56552.98437407 27.55 203.306420  64.629150 23.499 -100.00 -100.00 -100.00
 192    44.318 56552.98437466 26.53 203.312176  64.628255 17.504 -100.00 -100.00 -100.00
 192    44.474 56552.98437525 26.52 203.317932  64.627359 18.553 -100.00 -100.00 -100.00
 193    42.081 56562.90001610 25.43 203.300767  64.631832 17.075 -100.00 -100.00 -100.00
 193    42.679 56562.90001669 25.79 203.306524  64.630937 14.942 -100.00 -100.00 -100.00
 193    42.517 56562.90001728 26.18 203.312281  64.630041 16.030 -100.00 -100.00 -100.00
 193    44.052 56562.90001787 26.93 203.318037  64.629146 16.014 -100.00 -100.00 -100.00
 193    44.435 56562.90001846 28.38 203.323793  64.628250 22.162 -100.00 -100.00 -100.00
 194    43.861 56572.81565849 19.82 203.310951  64.632799  7.638 -100.00 -100.00 -100.00
 194    43.662 56572.81565908 22.97 203.316708  64.631904 13.262 -100.00 -100.00 -100.00
 194    45.228 56572.81565967 18.93 203.322464  64.631008  5.136 -100.00 -100.00 -100.00
 194    44.222 56572.81566026 24.20 203.328220  64.630111 14.777 -100.00 -100.00 -100.00
 195    39.046 56582.73129864 37.25 203.318857  64.633151 31.422 -100.00 -100.00 -100.00
 195    38.943 56582.73129923 38.88 203.324613  64.632255   -100 -100.00 -100.00 -100.00
 195    38.855 56582.73129982 42.81 203.330369  64.631359   -100 -100.00 -100.00 -100.00
 196    38.575 56592.64693333 34.92 203.315639  64.633447   -100 -100.00 -100.00 -100.00
 196    39.334 56592.64693392 34.25 203.321396  64.632552 19.048 -100.00 -100.00 -100.00
 196    38.709 56592.64693451 36.02 203.327152  64.631656   -100 -100.00 -100.00 -100.00
 196    38.489 56592.64693510 42.17 203.332908  64.630760  5.260 -100.00 -100.00 -100.00
 197    37.956 56602.56258381 44.25 203.307572  64.632665   -100 -100.00 -100.00 -100.00
 197    37.693 56602.56258440 45.12 203.313328  64.631770  5.861 -100.00 -100.00 -100.00
 197    37.856 56602.56258499 47.26 203.319085  64.630874   -100 -100.00 -100.00 -100.00
 197    37.899 56602.56258558 50.67 203.324841  64.629978   -100 -100.00 -100.00 -100.00
 197    37.560 56602.56258617 51.89 203.330596  64.629082 31.766 -100.00 -100.00 -100.00
 198    38.697 56612.47823246 32.08 203.300279  64.632480 29.272 -100.00 -100.00 -100.00
 198    38.875 56612.47823305 28.20 203.306036  64.631585 16.020 -100.00 -100.00 -100.00
 198    38.856 56612.47823364 31.78 203.311792  64.630690 27.420 -100.00 -100.00 -100.00
 198    41.397 56612.47823423 26.94 203.317548  64.629794 13.320 -100.00 -100.00 -100.00
 198    41.590 56612.47823482 28.84 203.323304  64.628898 17.876 -100.00 -100.00 -100.00
 199    42.867 56622.39387777 21.31 203.304395  64.632426  7.387 -100.00 -100.00 -100.00
 199    43.210 56622.39387836 20.25 203.310152  64.631531  5.308 -100.00 -100.00 -100.00
 199    48.711 56622.39387895 20.17 203.315908  64.630635  5.026 -100.00 -100.00 -100.00
 199    43.663 56622.39387954 20.76 203.321664  64.629739  6.486 -100.00 -100.00 -100.00
 199    47.741 56622.39388013 20.75 203.327420  64.628843  5.562 -100.00 -100.00 -100.00
 200    43.637 56632.30952032 21.24 203.310549  64.632395  4.334 -100.00 -100.00 -100.00
 200    43.802 56632.30952091 22.21 203.316306  64.631499  5.611 -100.00 -100.00 -100.00
 200    43.835 56632.30952150 21.80 203.322062  64.630603  5.162 -100.00 -100.00 -100.00
 200    43.899 56632.30952209 23.14 203.327818  64.629707  6.000 -100.00 -100.00 -100.00
 201    43.552 56642.22515781 19.80 203.309153  64.632770  4.021 -100.00 -100.00 -100.00
 201    43.484 56642.22515840 21.07 203.314910  64.631875  6.059 -100.00 -100.00 -100.00
 201    43.817 56642.22515899 21.39 203.320667  64.630979  6.068 -100.00 -100.00 -100.00
 201    43.972 56642.22515958 20.92 203.326423  64.630083  4.816 -100.00 -100.00 -100.00
 201    43.812 56642.22516017 21.86 203.332179  64.629187  5.022 -100.00 -100.00 -100.00
 202    43.408 56652.14080673 18.39 203.302796  64.631541  4.292 -100.00 -100.00 -100.00
 202    43.542 56652.14080732 19.23 203.308553  64.630646  5.906 -100.00 -100.00 -100.00
 202    43.407 56652.14080792 18.84 203.314309  64.629750  4.819 -100.00 -100.00 -100.00
 202    43.825 56652.14080851 19.01 203.320066  64.628854  3.939 -100.00 -100.00 -100.00
 202    44.059 56652.14080910 19.53 203.325821  64.627958  5.208 -100.00 -100.00 -100.00
 203    42.652 56662.05645533 17.50 203.290395  64.630938  4.091 -100.00 -100.00 -100.00
 203    43.374 56662.05645592 17.23 203.296153  64.630043  4.206 -100.00 -100.00 -100.00
 203    43.636 56662.05645651 17.67 203.301910  64.629148  4.256 -100.00 -100.00 -100.00
 203    43.626 56662.05645710 17.40 203.307666  64.628252  4.195 -100.00 -100.00 -100.00
 203    43.419 56662.05645769 17.67 203.313423  64.627357  4.429 -100.00 -100.00 -100.00
 204    42.352 56671.97210173 17.25 203.286114  64.630710  4.482 -100.00 -100.00 -100.00
 204    42.893 56671.97210232 17.30 203.291871  64.629816  5.108 -100.00 -100.00 -100.00
 204    43.080 56671.97210291 17.27 203.297628  64.628921  4.337 -100.00 -100.00 -100.00
 204    43.668 56671.97210350 17.24 203.303385  64.628025  4.133 -100.00 -100.00 -100.00
 204    43.806 56671.97210409 17.50 203.309141  64.627130  4.305 -100.00 -100.00 -100.00
 204    43.947 56671.97210468 17.53 203.314897  64.626234  4.060 -100.00 -100.00 -100.00
 205    42.844 56681.88774712 15.08 203.290227  64.631841  3.936 -100.00 -100.00 -100.00
 205    43.200 56681.88774771 15.27 203.295984  64.630946  4.574 -100.00 -100.00 -100.00
 205    43.544 56681.88774830 15.04 203.301741  64.630051  3.979 -100.00 -100.00 -100.00
 205    43.695 56681.88774889 14.73 203.307498  64.629155  3.890 -100.00 -100.00 -100.00
 205    44.091 56681.88774948 14.96 203.313254  64.628260  3.827 -100.00 -100.00 -100.00
 205    43.928 56681.88775007 16.37 203.319010  64.627364  6.225 -100.00 -100.00 -100.00
 206    42.778 56691.80339146 17.21 203.303671  64.631962  6.340 -100.00 -100.00 -100.00
 206    42.490 56691.80339205 16.63 203.309427  64.631067  6.205 -100.00 -100.00 -100.00
 206    43.261 56691.80339264 18.67 203.315184  64.630171  8.587 -100.00 -100.00 -100.00
 206    43.420 56691.80339323 16.62 203.320940  64.629275  5.533 -100.00 -100.00 -100.00
 206    43.723 56691.80339382 16.31 203.326695  64.628379  4.931 -100.00 -100.00 -100.00
 207    43.205 56701.71903134 15.17 203.310576  64.632076  3.467 -100.00 -100.00 -100.00
 207    43.529 56701.71903193 14.77 203.316333  64.631180  3.314 -100.00 -100.00 -100.00
 207    43.413 56701.71903252 15.16 203.322089  64.630285  3.982 -100.00 -100.00 -100.00
 207    43.528 56701.71903311 15.34 203.327844  64.629389  3.429 -100.00 -100.00 -100.00
 208    43.115 56711.63466489 14.56 203.302297  64.632478  3.534 -100.00 -100.00 -100.00
 208    43.105 56711.63466548 14.62 203.308053  64.631583  3.755 -100.00 -100.00 -100.00
 208    43.568 56711.63466607 14.90 203.313810  64.630688  3.861 -100.00 -100.00 -100.00
 208    43.598 56711.63466666 14.79 203.319565  64.629792  3.482 -100.00 -100.00 -100.00
 208    43.466 56711.63466725 14.82 203.325321  64.628897  3.323 -100.00 -100.00 -100.00
 210    42.399 56731.46596076 13.68 203.293073  64.631357  3.296 -100.00 -100.00 -100.00
 210    42.874 56731.46596135 13.41 203.298829  64.630462  3.489 -100.00 -100.00 -100.00
 210    43.186 56731.46596194 13.76 203.304585  64.629567  4.084 -100.00 -100.00 -100.00
 210    43.313 56731.46596253 14.01 203.310341  64.628672  3.679 -100.00 -100.00 -100.00
 210    43.453 56731.46596312 14.20 203.316096  64.627776  4.049 -100.00 -100.00 -100.00
 211    42.677 56741.38160899 12.49 203.298077  64.632335  3.280 -100.00 -100.00 -100.00
 211    42.892 56741.38160958 12.82 203.303833  64.631439  3.616 -100.00 -100.00 -100.00
 211    43.228 56741.38161017 13.04 203.309589  64.630544  3.562 -100.00 -100.00 -100.00
 211    43.199 56741.38161076 13.15 203.315344  64.629648  3.453 -100.00 -100.00 -100.00
 211    43.342 56741.38161135 13.00 203.321100  64.628752  3.336 -100.00 -100.00 -100.00
 212    42.825 56751.29725392 12.31 203.313341  64.632490  3.600 -100.00 -100.00 -100.00
 212    42.877 56751.29725451 12.22 203.319097  64.631594  3.286 -100.00 -100.00 -100.00
 212    43.147 56751.29725510 12.37 203.324853  64.630698  3.424 -100.00 -100.00 -100.00
 212    43.402 56751.29725569 12.64 203.330608  64.629802  3.444 -100.00 -100.00 -100.00
 213    43.706 56761.21289287 10.43 203.319248  64.633111  3.266 -100.00 -100.00 -100.00
 213    49.839 56761.21289346 10.76 203.325004  64.632215  3.318 -100.00 -100.00 -100.00
 213    43.838 56761.21289405 10.35 203.330760  64.631319  3.000 -100.00 -100.00 -100.00
 214    42.543 56771.12852442 26.17 203.316775  64.633295 15.625 -100.00 -100.00 -100.00
 214    41.677 56771.12852501 28.17 203.322532  64.632400 21.464 -100.00 -100.00 -100.00
 214    42.261 56771.12852560 27.50 203.328288  64.631504 13.973 -100.00 -100.00 -100.00
 214    42.749 56771.12852619 31.73 203.334044  64.630608 27.653 -100.00 -100.00 -100.00
 215    39.206 56781.04417813 44.78 203.307957  64.632251 15.386 -100.00 -100.00 -100.00
 215    39.297 56781.04417872 46.95 203.313714  64.631355 29.866 -100.00 -100.00 -100.00
 215    39.540 56781.04417931 45.84 203.319470  64.630460   -100 -100.00 -100.00 -100.00
 215    39.333 56781.04417990 47.55 203.325226  64.629564 32.025 -100.00 -100.00 -100.00
 216    44.545 56790.95983210 22.71 203.298389  64.631996  9.310 -100.00 -100.00 -100.00
 216    43.199 56790.95983269 23.36 203.304146  64.631101  9.497 -100.00 -100.00 -100.00
 216    42.886 56790.95983328 25.12 203.309902  64.630205 11.739 -100.00 -100.00 -100.00
 216    43.024 56790.95983388 28.19 203.315658  64.629309 17.087 -100.00 -100.00 -100.00
 216    43.191 56790.95983447 29.18 203.321414  64.628413 20.929 -100.00 -100.00 -100.00
 217    43.524 56800.87548374 22.29 203.296750  64.632029  8.266 -100.00 -100.00 -100.00
 217    42.891 56800.87548433 24.34 203.302507  64.631134 13.061 -100.00 -100.00 -100.00
 217    41.989 56800.87548492 25.58 203.308263  64.630238 16.153 -100.00 -100.00 -100.00
 217    41.829 56800.87548551 27.27 203.314019  64.629343 19.234 -100.00 -100.00 -100.00
 217    44.764 56800.87548610 24.54 203.319774  64.628446 12.005 -100.00 -100.00 -100.00
 218    45.060 56810.79112931 20.86 203.304509  64.631809  6.750 -100.00 -100.00 -100.00
 218    42.851 56810.79112990 24.25 203.310265  64.630913 12.859 -100.00 -100.00 -100.00
 218    44.484 56810.79113049 23.90 203.316020  64.630018 10.837 -100.00 -100.00 -100.00
 218    45.156 56810.79113108 24.96 203.321776  64.629121 12.038 -100.00 -100.00 -100.00
 218    42.717 56810.79113167 29.25 203.327531  64.628225 22.611 -100.00 -100.00 -100.00
 219    41.144 56820.70676953 46.24 203.305319  64.632027   -100 -100.00 -100.00 -100.00
 219    41.338 56820.70677012 48.36 203.311075  64.631131   -100 -100.00 -100.00 -100.00
 219    41.237 56820.70677071 50.58 203.316831  64.630235   -100 -100.00 -100.00 -100.00
 219    41.254 56820.70677130 49.03 203.322586  64.629339   -100 -100.00 -100.00 -100.00
 219    41.249 56820.70677189 52.71 203.328341  64.628443   -100 -100.00 -100.00 -100.00
 221    41.773 56840.53803754 31.61 203.294571  64.631162 21.775 -100.00 -100.00 -100.00
 221    41.735 56840.53803813 28.46 203.300327  64.630267 13.814 -100.00 -100.00 -100.00
 221    43.111 56840.53803872 26.14 203.306083  64.629372  8.660 -100.00 -100.00 -100.00
 221    42.987 56840.53803931 26.35 203.311838  64.628477  8.674 -100.00 -100.00 -100.00
 221    44.765 56840.53803990 24.30 203.317593  64.627581  6.790 -100.00 -100.00 -100.00
 222    41.573 56850.45367290 48.54 203.294233  64.630941   -100 -100.00 -100.00 -100.00
 222    41.680 56850.45367349 52.54 203.299989  64.630046   -100 -100.00 -100.00 -100.00
 222    41.626 56850.45367408 52.16 203.305745  64.629151   -100 -100.00 -100.00 -100.00
 222    41.310 56850.45367467 54.00 203.311500  64.628256   -100 -100.00 -100.00 -100.00
 222    41.312 56850.45367526 53.94 203.317255  64.627361 31.761 -100.00 -100.00 -100.00
 223    41.490 56860.36932716 32.14 203.293328  64.631906 32.512 -100.00 -100.00 -100.00
 223    41.477 56860.36932775 35.23 203.299085  64.631011   -100 -100.00 -100.00 -100.00
 223    41.473 56860.36932834 36.47 203.304841  64.630116   -100 -100.00 -100.00 -100.00
 223    41.533 56860.36932893 37.47 203.310597  64.629221   -100 -100.00 -100.00 -100.00
 223    41.570 56860.36932952 38.20 203.316352  64.628325   -100 -100.00 -100.00 -100.00
 223    41.627 56860.36933011 40.17 203.322107  64.627430  0.281 -100.00 -100.00 -100.00
 224    40.667 56870.28498154 41.92 203.302032  64.632345   -100 -100.00 -100.00 -100.00
 224    40.705 56870.28498213 39.28 203.307788  64.631450   -100 -100.00 -100.00 -100.00
 224    40.759 56870.28498272 37.00 203.313544  64.630554 24.291 -100.00 -100.00 -100.00
 224    40.743 56870.28498331 37.70 203.319300  64.629659 26.013 -100.00 -100.00 -100.00
 224    40.760 56870.28498390 43.13 203.325055  64.628763   -100 -100.00 -100.00 -100.00
 225    40.852 56880.20063309 47.58 203.308382  64.632052 20.393 -100.00 -100.00 -100.00
 225    40.923 56880.20063368 48.54 203.314138  64.631156 20.578 -100.00 -100.00 -100.00
 225    41.010 56880.20063427 49.41 203.319894  64.630260 11.498 -100.00 -100.00 -100.00
 225    41.086 56880.20063486 45.75 203.325650  64.629364   -100 -100.00 -100.00 -100.00
 226    40.336 56890.11627983 28.83 203.301695  64.632061 21.867 -100.00 -100.00 -100.00
 226    41.401 56890.11628042 23.75 203.307451  64.631166 10.092 -100.00 -100.00 -100.00
 226    43.012 56890.11628101 23.73 203.313208  64.630270 10.248 -100.00 -100.00 -100.00
 226    43.458 56890.11628160 21.92 203.318964  64.629374  6.949 -100.00 -100.00 -100.00
 226    43.447 56890.11628219 23.76 203.324719  64.628478 10.038 -100.00 -100.00 -100.00
 227    40.133 56900.03192346 35.92 203.291464  64.631909   -100 -100.00 -100.00 -100.00
 227    40.231 56900.03192405 32.70 203.297221  64.631014 32.035 -100.00 -100.00 -100.00
 227    41.376 56900.03192464 27.86 203.302978  64.630119 14.944 -100.00 -100.00 -100.00
 227    42.985 56900.03192523 27.31 203.308734  64.629223 15.709 -100.00 -100.00 -100.00
 227    42.991 56900.03192582 24.50 203.314490  64.628328  9.569 -100.00 -100.00 -100.00
 227    43.366 56900.03192641 25.53 203.320246  64.627432  9.517 -100.00 -100.00 -100.00
 228    42.192 56909.94756622 22.48 203.294376  64.631316  5.993 -100.00 -100.00 -100.00
 228    42.658 56909.94756681 21.94 203.300133  64.630421  5.702 -100.00 -100.00 -100.00
 228    43.049 56909.94756740 25.08 203.305890  64.629525  9.438 -100.00 -100.00 -100.00
 228    40.745 56909.94756799 27.36 203.311646  64.628630 13.927 -100.00 -100.00 -100.00
 228    40.614 56909.94756858 31.00 203.317401  64.627734 24.107 -100.00 -100.00 -100.00
 229    39.791 56919.86320780 35.79 203.303241  64.631743 31.074 -100.00 -100.00 -100.00
 229    39.865 56919.86320839 34.98 203.308998  64.630848 24.386 -100.00 -100.00 -100.00
 229    39.928 56919.86320898 34.85 203.314754  64.629952 25.788 -100.00 -100.00 -100.00
 229    39.952 56919.86320957 39.89 203.320510  64.629056   -100 -100.00 -100.00 -100.00
 229    40.374 56919.86321016 39.11 203.326265  64.628160 27.059 -100.00 -100.00 -100.00
 230    43.698 56929.77884730 18.18 203.312863  64.632887  6.784 -100.00 -100.00 -100.00
 230    42.912 56929.77884789 18.99 203.318619  64.631991  6.405 -100.00 -100.00 -100.00
 230    43.084 56929.77884848 20.17 203.324375  64.631095  8.087 -100.00 -100.00 -100.00
 230    41.398 56929.77884907 27.81 203.330131  64.630199 26.157 -100.00 -100.00 -100.00
 231    39.306 56939.69448220 38.05 203.322490  64.632861   -100 -100.00 -100.00 -100.00
 231    38.926 56939.69448279 36.41 203.328247  64.631965   -100 -100.00 -100.00 -100.00
 231    39.023 56939.69448338 38.07 203.334003  64.631069   -100 -100.00 -100.00 -100.00
 232    38.843 56949.61011867 46.47 203.318149  64.633105   -100 -100.00 -100.00 -100.00
 232    39.110 56949.61011926 46.30 203.323906  64.632209 29.951 -100.00 -100.00 -100.00
 232    38.372 56949.61011985 50.71 203.329662  64.631313   -100 -100.00 -100.00 -100.00
 233    38.005 56959.52576993 42.30 203.305618  64.632737   -100 -100.00 -100.00 -100.00
 233    37.899 56959.52577052 43.06 203.311375  64.631842   -100 -100.00 -100.00 -100.00
 233    37.844 56959.52577111 45.36 203.317131  64.630947 14.106 -100.00 -100.00 -100.00
 233    37.964 56959.52577170 46.35 203.322887  64.630051   -100 -100.00 -100.00 -100.00
 233    37.816 56959.52577229 46.50 203.328642  64.629155  7.929 -100.00 -100.00 -100.00
 234    38.211 56969.44141679 37.43 203.301007  64.632025   -100 -100.00 -100.00 -100.00
 234    38.579 56969.44141738 38.27 203.306764  64.631129   -100 -100.00 -100.00 -100.00
 234    38.525 56969.44141797 40.37 203.312520  64.630234   -100 -100.00 -100.00 -100.00
 234    38.207 56969.44141856 44.05 203.318275  64.629338 25.881 -100.00 -100.00 -100.00
 234    38.347 56969.44141915 45.11 203.324031  64.628442 22.333 -100.00 -100.00 -100.00
 235    38.016 56979.35706005 38.84 203.300825  64.632162   -100 -100.00 -100.00 -100.00
 235    38.150 56979.35706064 39.84 203.306582  64.631267   -100 -100.00 -100.00 -100.00
 235    38.483 56979.35706123 40.75 203.312338  64.630372   -100 -100.00 -100.00 -100.00
 235    38.243 56979.35706182 40.74 203.318094  64.629476   -100 -100.00 -100.00 -100.00
 235    38.179 56979.35706241 42.37 203.323849  64.628580  0.643 -100.00 -100.00 -100.00
 236    38.657 56989.27269937 30.72 203.306260  64.632239 18.830 -100.00 -100.00 -100.00
 236    38.549 56989.27269996 31.67 203.312017  64.631343 22.178 -100.00 -100.00 -100.00
 236    38.779 56989.27270055 30.52 203.317773  64.630448 18.832 -100.00 -100.00 -100.00
 236    38.714 56989.27270114 30.18 203.323529  64.629552 17.604 -100.00 -100.00 -100.00
 236    38.827 56989.27270173 28.90 203.329284  64.628656 13.378 -100.00 -100.00 -100.00
 237    38.160 56999.18833205 24.24 203.307803  64.632587  9.156 -100.00 -100.00 -100.00
 237    38.126 56999.18833264 26.79 203.313560  64.631692 16.217 -100.00 -100.00 -100.00
 237    38.395 56999.18833323 24.92 203.319317  64.630796 11.684 -100.00 -100.00 -100.00
 237    38.105 56999.18833382 26.88 203.325073  64.629900 15.726 -100.00 -100.00 -100.00
 237    38.260 56999.18833441 26.13 203.330829  64.629004 13.809 -100.00 -100.00 -100.00
 238    38.480 57009.10398329 22.43 203.301609  64.632159  7.608 -100.00 -100.00 -100.00
 238    38.486 57009.10398388 22.44 203.307366  64.631264  7.627 -100.00 -100.00 -100.00
 238    38.684 57009.10398447 22.60 203.313123  64.630368  7.886 -100.00 -100.00 -100.00
 238    39.359 57009.10398506 21.79 203.318879  64.629473  7.160 -100.00 -100.00 -100.00
 238    38.526 57009.10398565 23.62 203.324636  64.628577  9.659 -100.00 -100.00 -100.00
 239    38.402 57019.01963506 21.34 203.292120  64.631729  6.466 -100.00 -100.00 -100.00
 239    38.466 57019.01963565 20.80 203.297878  64.630835  5.578 -100.00 -100.00 -100.00
 239    40.525 57019.01963624 21.23 203.303635  64.629940  6.018 -100.00 -100.00 -100.00
 239    38.590 57019.01963683 20.80 203.309392  64.629044  6.266 -100.00 -100.00 -100.00
 239    38.737 57019.01963742 22.23 203.315148  64.628149  7.575 -100.00 -100.00 -100.00
 239    38.449 57019.01963801 22.23 203.320904  64.627253  8.432 -100.00 -100.00 -100.00
 240    38.398 57028.93528437 19.69 203.289303  64.631436  5.461 -100.00 -100.00 -100.00
 240    38.581 57028.93528496 19.90 203.295060  64.630541  6.570 -100.00 -100.00 -100.00
 240    38.563 57028.93528555 19.35 203.300817  64.629646  5.078 -100.00 -100.00 -100.00
 240    38.429 57028.93528614 20.17 203.306574  64.628751  7.053 -100.00 -100.00 -100.00
 240    40.484 57028.93528673 19.48 203.312330  64.627855  6.587 -100.00 -100.00 -100.00
 240    41.211 57028.93528732 19.02 203.318086  64.626960  5.332 -100.00 -100.00 -100.00
 241    38.323 57038.85093271 18.92 203.293995  64.631548  5.229 -100.00 -100.00 -100.00
 241    38.609 57038.85093330 18.84 203.299752  64.630653  5.000 -100.00 -100.00 -100.00
 241    38.542 57038.85093389 19.11 203.305508  64.629758  5.438 -100.00 -100.00 -100.00
 241    38.884 57038.85093448 18.72 203.311265  64.628862  5.238 -100.00 -100.00 -100.00
 241    40.840 57038.85093507 18.65 203.317021  64.627966  5.339 -100.00 -100.00 -100.00
