# NaN NaN NaN ;Mean Elev.(m), Avg Gradient(m/km), RMS Gradient(m/km)
   1 200.514438  63.587644    89.885    86.325  3 54660.11218690  4.055
   2 200.514393  63.586770    96.311    96.311  2 54670.02783273 16.385
   3 200.514279  63.587397     7.629     7.629  2 54679.94347669 14.145
   4 200.515688  63.588627    90.761    90.735  3 54689.85911963 23.771
   5 200.516738  63.589638    -3.036    -6.928  3 54699.77476038 19.924
   6 200.515665  63.588980    84.157    83.111  3 54709.69040524 13.984
   7 200.512133  63.587243    20.933    20.953  3 54719.60605653 21.561
   8 200.510168  63.584987    85.569    86.788  3 54729.52170535 14.484
  10 200.511221  63.583945    86.969    86.969  2 54749.35299978  2.145
  11 200.510476  63.584849    90.016    99.373  3 54759.26864648 21.768
  12 200.511697  63.584822    67.669    67.669  2 54769.18429112 12.389
  13 200.511988  63.584138    94.177    94.177  2 54779.09993239  3.411
  14 200.509541  63.583750    96.971    96.971  2 54789.01557093  3.194
  17 200.513390  63.586905    24.481    24.512  3 54818.76248405 23.046
  18 200.514126  63.587301    24.790    24.750  3 54828.67813606 25.067
  19 200.512946  63.587043    24.800    24.547  3 54838.59377491 18.742
  21 200.513487  63.586554    25.572    25.850  3 54858.42507288 13.843
  22 200.513426  63.587168    24.472    24.457  3 54868.34072155 10.549
  23 200.511707  63.587278    24.132    24.132  2 54878.25636929 13.824
  24 200.511903  63.585987    23.888    23.912  3 54888.17201425 22.620
  25 200.511446  63.584037    26.723    26.723  2 54898.08765593 10.001
  26 200.510631  63.583084    25.917    25.917  2 54908.00329498  8.267
  27 200.509708  63.583756    25.431    26.181  3 54917.91893268  6.872
  28 200.511861  63.584488    26.325    26.826  3 54927.83457055  7.304
  29 200.511565  63.585230    28.330    28.375  3 54937.75020753  8.232
  31 200.511714  63.584968    86.214    86.673  3 54957.58147796  2.513
  32 200.510408  63.584633   102.812   102.812  2 54967.49712642  9.010
  33 200.511470  63.584785   102.332   101.630  3 54977.41277397 20.727
  34 200.510498  63.585794    27.832    27.832  2 54987.32842126 38.954
  35 200.511142  63.586270    88.347    88.347  2 54997.24406889 11.557
  36 200.512035  63.586402    89.444    87.864  3 55007.15971484  3.472
  37 200.512491  63.586603    85.846    85.941  3 55017.07535867  3.102
  38 200.514120  63.586833    28.310    28.504  3 55026.99100121 23.919
  39 200.513636  63.587956    84.352    84.352  2 55036.90664307  2.643
  40 200.514787  63.588403    88.076    87.949  3 55046.82228420 21.869
  41 200.514119  63.588127    84.718    84.718  2 55056.73792337  2.724
  42 200.513869  63.586539    90.402    90.616  3 55066.65356034 19.599
  43 200.511263  63.584764    87.983    87.983  2 55076.56921036 20.496
  44 200.509409  63.584179    78.108    78.882  3 55086.48485803 20.596
  45 200.511477  63.584224    89.832    91.067  3 55096.40050430 23.306
  46 200.512492  63.584716    80.055    80.055  2 55106.31615008 23.088
  47 200.511059  63.584761    94.592    94.706  3 55116.23179527 17.201
  48 200.509614  63.583900    89.911    89.911  2 55126.14743821 15.956
  49 200.509874  63.582995    95.205   105.088  3 55136.06307887 16.321
  50 200.509541  63.583412    23.953    23.922  3 55145.97871735 29.173
  51 200.510891  63.584903    26.202    26.202  2 55155.89435522 22.891
  52 200.512604  63.586256    24.902    25.444  3 55165.80999332 22.041
  53 200.513586  63.587306    25.919    26.521  3 55175.72563115 20.098
  54 200.513921  63.587211    23.761    23.806  3 55185.64127261 20.096
  55 200.513185  63.586755    24.248    24.248  2 55195.55692372 18.350
  56 200.513808  63.586768    23.995    23.995  2 55205.47257360 20.091
  57 200.513802  63.587726    24.620    23.701  3 55215.38822264 17.875
  58 200.514341  63.587734    25.124    25.124  2 55225.30387126 15.887
  59 200.512148  63.586525    26.455    26.455  2 55235.21951767 14.160
  60 200.510900  63.584130    24.877    25.615  3 55245.13516098 14.577
  61 200.508909  63.582447    25.138    23.739  3 55255.05080134 15.305
  62 200.508241  63.582828    25.051    25.469  3 55264.96644010 14.942
  63 200.510320  63.584597    23.525    23.424  3 55274.88207815 14.585
  64 200.513447  63.585740    28.288    28.288  2 55284.79771568 13.066
  65 200.512669  63.585776    26.328    27.750  3 55294.71335126 13.685
  66 200.510687  63.584405    23.269    23.252  3 55304.62898960 10.368
  68 200.509633  63.583451    94.072    93.240  3 55324.46028244  8.081
  69 200.511513  63.585202    92.289    95.376  3 55334.37592659 10.948
  70 200.512247  63.586760    86.868    86.868  2 55344.29157038  6.078
  71 200.513881  63.586552    90.830    90.830  2 55354.20721374  3.202
  72 200.513323  63.586235    89.696    89.696  2 55364.12285485 11.056
  73 200.513464  63.586221    85.687    85.774  3 55374.03849431  2.935
  74 200.513246  63.587517    85.341    85.538  3 55383.95413246  2.735
  75 200.514507  63.588764    84.275    83.999  3 55393.86976995  2.760
  76 200.514624  63.589630    91.954    92.412  3 55403.78540729 23.945
  77 200.513579  63.587736    72.180    73.865  3 55413.70105921 20.166
  78 200.510803  63.585098    27.257    27.257  2 55423.61670808 44.802
  79 200.507526  63.583299    97.940    97.940  2 55433.53235418 11.966
  80 200.509831  63.582823    92.286    91.374  3 55443.44799893 25.173
  81 200.510323  63.584433   101.401   102.740  3 55453.36364190 12.576
  82 200.512362  63.585947    87.154    86.956  3 55463.27928419  3.353
  83 200.511224  63.586073    87.251    86.718  3 55473.19492417  2.812
  84 200.510070  63.584648   109.573   107.867  3 55483.11056146  4.126
  85 200.509497  63.583227    87.542    96.329  3 55493.02619670 15.557
  86 200.510225  63.584184    98.941   106.136  3 55502.94183044 16.642
  87 200.510580  63.586356    23.648    23.648  2 55512.85747697 36.905
  88 200.513950  63.587616    23.930    23.848  3 55522.77312681 44.882
  89 200.514621  63.587711    23.675    23.675  2 55532.68877503 33.935
  90 200.514294  63.586496    23.465    23.465  2 55542.60442158 32.146
  91 200.512401  63.585892    23.041    23.041  2 55552.52006587 27.812
  92 200.513238  63.586135    25.970    25.953  3 55562.43570898 18.873
  93 200.513854  63.587429    25.574    25.574  2 55572.35135127 19.642
  94 200.513173  63.588099    24.338    24.338  2 55582.26699224 17.260
  95 200.512142  63.586964    22.992    22.921  3 55592.18263006 17.542
  96 200.509582  63.585302    22.562    22.562  2 55602.09826451 20.535
  97 200.508724  63.584288    22.751    22.751  2 55612.01389698 20.195
  98 200.509950  63.585052    22.564    22.520  3 55621.92953099 19.273
  99 200.512359  63.585870    22.659    22.659  2 55631.84518413 18.276
 100 200.511989  63.586820    26.111    26.166  3 55641.76083484 11.878
 101 200.512549  63.585921    22.428    22.386  3 55651.67648301 17.741
 102 200.511220  63.583894    26.034    26.199  3 55661.59212718 10.115
 103 200.509501  63.582887    22.762    22.762  2 55671.50776798  9.112
 105 200.511049  63.586262    85.327    85.291  3 55691.33904449  1.565
 106 200.514187  63.588280   111.698   113.260  3 55701.25468041 13.653
 107 200.515593  63.588775    84.651    84.545  3 55711.17032147  6.934
 108 200.514761  63.587632    84.744    84.744  2 55721.08597128  4.648
 109 200.512066  63.587126    99.064    99.064  2 55731.00161879 10.908
 110 200.513162  63.586706    85.482    85.518  3 55740.91726540 12.882
 111 200.513865  63.586913    96.894    96.894  2 55750.83291072  9.769
 112 200.512193  63.587261    85.140    85.140  2 55760.74855345  4.175
 113 200.511556  63.586513    93.846    96.107  3 55770.66419352  1.792
 114 200.510413  63.584998    87.327    86.650  3 55780.57983018  2.886
 115 200.510428  63.584164    91.378    91.378  2 55790.49546424 14.218
 116 200.510931  63.584998    81.895    81.895  2 55800.41109695 17.265
 117 200.512533  63.585783    86.134    86.131  3 55810.32674535  3.548
 118 200.513076  63.586667    77.978    77.978  2 55820.24239405 18.187
 119 200.512515  63.586622    78.980    78.980  2 55830.15803813 19.945
 120 200.511183  63.585506    88.936    88.527  3 55840.07367771  3.029
 121 200.511689  63.584339    86.615    87.104  3 55849.98931447  3.236
 122 200.511136  63.585572   103.189   103.189  2 55859.90494897 11.927
 123 200.512047  63.587029    92.238    93.083  3 55869.82059934 17.055
 133 200.510523  63.583813    22.788    22.719  3 55968.97704121 11.925
 134 200.511987  63.584834    22.565    22.565  2 55978.89267786 11.874
 135 200.512564  63.586126    22.355    22.433  3 55988.80831371 12.191
 136 200.513908  63.586170    22.626    22.626  2 55998.72395549 12.203
 137 200.510864  63.585641    22.543    22.559  3 56008.63960639 10.794
 138 200.511192  63.584458    22.810    22.814  3 56018.55525343 11.832
 139 200.510458  63.584403    28.430    28.430  2 56028.47089729 10.313
 142 200.514837  63.587732    72.887    72.599  3 56058.21781710 14.103
 143 200.514545  63.588875    76.603    76.603  2 56068.13345001 11.382
 144 200.514314  63.588080    92.895    92.895  2 56078.04910086 13.474
 145 200.513999  63.587429    85.674    85.674  2 56087.96474955  6.132
 146 200.513335  63.587407    85.683    85.683  2 56097.88039570  5.217
 147 200.513438  63.586918    96.266    96.266  2 56107.79603975 18.445
 148 200.511409  63.586243    78.381    76.301  3 56117.71166924 16.318
 149 200.511613  63.585126    86.963    87.055  3 56127.62730687  2.612
 150 200.510653  63.584901    87.849    87.933  3 56137.54294058  1.706
 151 200.511648  63.584901    68.102    67.547  3 56147.45858640 17.883
 152 200.510537  63.585943    86.755    86.755  2 56157.37423537  3.251
 153 200.513605  63.585793   103.062   103.062  2 56167.28988384 11.616
 154 200.511360  63.585675   109.513   109.619  3 56177.20552925 17.311
 155 200.511736  63.584743    76.244    76.244  2 56187.12117024 12.276
 156 200.510578  63.584677    91.997    91.997  2 56197.03680739 12.630
 157 200.511131  63.585878    87.075    87.213  3 56206.95244165  6.461
 158 200.513178  63.587845    82.256    85.345  3 56216.86807451 13.461
 159 200.516010  63.588872    97.979    99.131  3 56226.78371669 11.740
 160 200.515751  63.588451    23.998    23.931  3 56236.69937164 38.389
 161 200.512988  63.587865    26.326    26.326  2 56246.61502250 23.367
 162 200.512527  63.587232    26.198    26.198  2 56256.53066847 22.770
 163 200.512254  63.587743    26.366    26.366  2 56266.44631064 19.275
 164 200.513288  63.588132    26.394    26.394  2 56276.36195124 17.380
 165 200.512382  63.587622    26.076    26.076  2 56286.27759795 16.286
 166 200.512355  63.585321    26.084    26.084  2 56296.19324808 15.924
 167 200.510081  63.583352    26.277    26.397  3 56306.10889393 12.981
 168 200.507410  63.583204    25.723    25.723  2 56316.02453640 13.156
 169 200.508736  63.584524    25.463    25.463  2 56325.94017740 12.619
 170 200.512629  63.585938    25.560    25.560  2 56335.85581775 13.590
 171 200.513374  63.586748    22.902    22.902  2 56345.77145665 14.138
 172 200.511228  63.586511    24.480    25.242  3 56355.68709300 13.574
 173 200.510700  63.584688    23.053    23.053  2 56365.60273953 14.135
 174 200.509752  63.584140    23.892    23.892  2 56375.51838830 12.051
 176 200.513012  63.587061    23.035    23.035  2 56395.34967777 12.478
 177 200.513606  63.588324    25.916    25.916  2 56405.26531931  6.169
 180 200.512278  63.587354    26.441    26.600  3 56435.01223882 27.902
 181 200.511669  63.587016    97.598    97.693  3 56444.92789083 24.656
 182 200.511804  63.587560    91.293    91.293  2 56454.84354039 15.801
 183 200.513300  63.586780    75.712    75.476  3 56464.75918729 21.640
 184 200.512638  63.585116    86.398    86.398  2 56474.67483046  3.299
 185 200.509768  63.583606    88.129    88.445  3 56484.59046998  3.116
 187 200.511855  63.584921    93.703    94.183  3 56504.42174094 22.912
 188 200.514670  63.587656    80.679    80.679  2 56514.33737374  9.214
 189 200.513965  63.588318    87.621    87.621  2 56524.25302508 20.138
 190 200.513052  63.586701    85.988    85.988  2 56534.16867649  2.290
 192 200.511007  63.583961    87.465    87.827  3 56553.99996870  3.795
 193 200.512861  63.585454    86.116    86.030  3 56563.91561151  4.460
 194 200.513183  63.588282    85.884    85.884  2 56573.83125280  6.701
 195 200.514996  63.589802    99.030   100.421  3 56583.74689187 12.210
 196 200.515734  63.589687    24.905    24.905  2 56593.66252639 34.341
 197 200.512518  63.587876    87.763    88.286  3 56603.57817931 17.471
 198 200.513108  63.586103    22.285    22.285  2 56613.49382831 43.844
 199 200.511600  63.586833    23.461    23.461  2 56623.40947274 31.586
 200 200.514184  63.587206    23.568    23.540  3 56633.32511469 34.323
 201 200.513773  63.587861    23.379    23.415  3 56643.24075169 30.711
 202 200.511258  63.586177    23.642    23.700  3 56653.15640272 28.951
 203 200.510179  63.583823    23.833    23.840  3 56663.07205201 25.829
 204 200.507686  63.583178    23.276    23.276  2 56672.98769828 25.349
 205 200.511032  63.583968    23.348    23.348  2 56682.90334358 15.701
 206 200.512990  63.585853    22.923    22.923  2 56692.81898659 19.399
 207 200.512732  63.587588    23.182    23.194  3 56702.73462528 11.961
 208 200.514344  63.586847    23.088    23.088  2 56712.65025925 12.688
 209 200.510647  63.585542    23.570    23.380  3 56722.56590618 13.499
 210 200.509141  63.584632    23.036    23.036  2 56732.48155726 12.709
 211 200.512348  63.585480    23.160    23.321  3 56742.39720500 13.224
 212 200.513737  63.587871    23.012    23.048  3 56752.31284806 13.133
 214 200.515307  63.589666    89.066    89.066  2 56772.14411700  1.711
 215 200.514302  63.587035    24.588    24.529  3 56782.05977439 38.947
 216 200.511381  63.585567   115.464   115.464  2 56791.97542862 13.492
 217 200.512160  63.584868   108.935   112.148  3 56801.89108025 17.321
 218 200.511281  63.585928    80.176    75.675  3 56811.80672417 20.676
 219 200.513509  63.585868    82.848    82.848  2 56821.72236434 26.723
 220 200.510530  63.585807    26.355    26.179  3 56831.63799984 45.051
 221 200.511472  63.584676    76.424    76.592  3 56841.55363243 20.621
 222 200.510043  63.584835    80.452    82.075  3 56851.46926989 17.388
 223 200.512045  63.584826    93.726    93.726  2 56861.38492435 16.997
 224 200.511689  63.586244    77.561    78.065  3 56871.30057780 23.972
 225 200.513534  63.586372    79.061    79.211  3 56881.21622866 24.565
 226 200.512986  63.585716   105.146   105.146  2 56891.13187570 15.454
 227 200.510724  63.584716    80.424    80.424  2 56901.04751971  8.434
 228 200.510766  63.584660    74.104    74.104  2 56910.96316188 17.903
 229 200.511586  63.586099    86.234    86.234  2 56920.87880244  3.352
 230 200.514705  63.587995    71.472    73.616  3 56930.79444104 19.546
 231 200.516756  63.589202    82.617    82.617  2 56940.71007462  3.507
 232 200.513979  63.589525    86.413    86.551  3 56950.62571379 17.371
 233 200.512030  63.587696    75.854    75.854  2 56960.54136555 21.688
 234 200.513202  63.586022    24.045    24.073  3 56970.45701253 28.942
 235 200.513068  63.586015    24.523    24.523  2 56980.37265523 26.404
 236 200.513841  63.586613    25.003    25.045  3 56990.28829351 24.814
 237 200.512954  63.587498    24.415    24.453  3 57000.20392529 21.676
 238 200.511408  63.586241    24.305    24.305  2 57010.11957992 21.549
 239 200.509745  63.584874    24.557    24.557  2 57020.03523201 19.386
 240 200.510710  63.584184    24.729    24.711  3 57029.95088137 16.241
 241 200.511982  63.584596    24.677    24.677  2 57039.86652898 14.965
