#     +Inf   0.324   1.659 ;Mean Elev.(m), Avg Gradient(m/km), RMS Gradient(m/km)
   1    63.797 54661.12796776  7.36 198.763274  61.888149  7.693  267.23  267.49  264.88
   1    74.501 54661.12796835  1.40 198.767998  61.886757  2.890  267.23  267.49  264.88
   1    76.588 54661.12796894  1.19 198.772722  61.885365  4.138  267.23  267.49  264.88
   1    61.327 54661.12796953  7.35 198.777445  61.883973  7.604  267.23  267.49  264.88
   2   148.071 54671.04361400  2.18 198.769463  61.885631  8.198 -100.00 -100.00 -100.00
   2   154.447 54671.04361459  2.63 198.774186  61.884239  9.619 -100.00 -100.00 -100.00
   3    13.176 54680.95925752 24.62 198.767244  61.886907 18.116 -100.00 -100.00 -100.00
   3    13.156 54680.95925811 21.57 198.771968  61.885515 11.040 -100.00 -100.00 -100.00
   3    13.155 54680.95925870 20.12 198.776691  61.884122  9.814 -100.00 -100.00 -100.00
   5    13.188 54700.79054069 35.19 198.768995  61.888926 24.242 -100.00 -100.00 -100.00
   5    13.021 54700.79054128 34.85 198.773719  61.887534   -100 -100.00 -100.00 -100.00
   5    12.865 54700.79054187 28.01 198.778442  61.886142 16.731 -100.00 -100.00 -100.00
   5    12.442 54700.79054246 39.49 198.783165  61.884750   -100 -100.00 -100.00 -100.00
   6    12.637 54710.70618699 36.86 198.767621  61.888130 28.001  262.80  262.86  260.08
   6    12.286 54710.70618758 40.03 198.772344  61.886738   -100  262.80  262.86  260.08
   6    12.053 54710.70618817 40.59 198.777068  61.885346  8.085  262.80  262.86  260.08
   7    12.719 54720.62183776 37.75 198.760968  61.887483 21.061 -100.00 -100.00 -100.00
   7    13.553 54720.62183835 42.10 198.765692  61.886091 14.611 -100.00 -100.00 -100.00
   7    13.448 54720.62183894 48.22 198.770415  61.884699 17.397 -100.00 -100.00 -100.00
   7    13.272 54720.62183953 50.15 198.775138  61.883307 28.373 -100.00 -100.00 -100.00
   9    10.810 54740.45313303 39.79 198.755085  61.885377  5.135  258.78  258.98  257.58
   9    10.456 54740.45313362 34.05 198.759808  61.883986   -100  258.78  258.98  257.58
   9    10.454 54740.45313421 27.03 198.764531  61.882594 20.550  258.78  258.98  257.58
  11    10.779 54760.28442639 40.97 198.753973  61.886308 26.810 -100.00 -100.00 -100.00
  11    10.643 54760.28442698 43.95 198.758697  61.884916   -100  255.82  253.67  251.95
  11    10.202 54760.28442758 49.28 198.763420  61.883524  9.126  255.82  253.67  251.95
  11    10.427 54760.28442817 52.40 198.768143  61.882132   -100  255.82  253.67  251.95
  12    11.343 54770.20007100 27.18 198.756276  61.885601 14.557 -100.00 -100.00 -100.00
  12    11.594 54770.20007159 26.53 198.761000  61.884209 10.496 -100.00 -100.00 -100.00
  12    11.452 54770.20007218 27.00 198.765723  61.882816 11.698 -100.00 -100.00 -100.00
  13    10.648 54780.11571193 23.93 198.755047  61.885568 10.151 -100.00 -100.00 -100.00
  13    10.607 54780.11571253 24.89 198.759771  61.884176 12.994 -100.00 -100.00 -100.00
  13    10.599 54780.11571312 24.24 198.764494  61.882784 10.363 -100.00 -100.00 -100.00
  13    10.557 54780.11571371 26.00 198.769218  61.881392 13.032 -100.00 -100.00 -100.00
  14    10.837 54790.03134996 21.65 198.750466  61.886478  8.213 -100.00 -100.00 -100.00
  14    10.817 54790.03135055 23.08 198.755190  61.885087 10.974 -100.00 -100.00 -100.00
  14    10.849 54790.03135114 22.82 198.759914  61.883695  8.457 -100.00 -100.00 -100.00
  14    10.781 54790.03135173 23.85 198.764638  61.882303 10.302 -100.00 -100.00 -100.00
  15    10.411 54799.94698806 20.23 198.755475  61.885657  7.302 -100.00 -100.00 -100.00
  15    10.524 54799.94698865 20.89 198.760199  61.884265  8.752 -100.00 -100.00 -100.00
  15    10.569 54799.94698924 21.00 198.764923  61.882873  8.423 -100.00 -100.00 -100.00
  15    10.408 54799.94698983 22.28 198.769646  61.881481  9.623 -100.00 -100.00 -100.00
  17    10.791 54819.77826495 11.86 198.762854  61.887287  4.612 -100.00 -100.00 -100.00
  17    10.590 54819.77826554 12.81 198.767579  61.885895  5.045 -100.00 -100.00 -100.00
  17    10.573 54819.77826613 12.47 198.772302  61.884503  3.815 -100.00 -100.00 -100.00
  17    10.472 54819.77826672 13.54 198.777025  61.883110  5.323 -100.00 -100.00 -100.00
  18    10.788 54829.69391745 10.05 198.763799  61.887074  3.146 -100.00 -100.00 -100.00
  18    10.690 54829.69391804 10.88 198.768522  61.885682  4.168 -100.00 -100.00 -100.00
  18    12.831 54829.69391863 10.81 198.773245  61.884289  3.449 -100.00 -100.00 -100.00
  19    12.895 54839.60955604  9.47 198.760944  61.887321  4.285 -100.00 -100.00 -100.00
  19    13.154 54839.60955664  9.40 198.765668  61.885929  3.472 -100.00 -100.00 -100.00
  19    13.643 54839.60955723  9.51 198.770391  61.884537  3.643 -100.00 -100.00 -100.00
  19    10.408 54839.60955782 10.61 198.775114  61.883144  4.678 -100.00 -100.00 -100.00
  20    13.407 54849.52520514  8.71 198.760452  61.886957  3.825  229.36  222.21  209.17
  20    10.234 54849.52520573 10.39 198.765175  61.885565  5.721  229.36  222.21  209.17
  20    11.629 54849.52520632  9.65 198.769898  61.884173  4.325  229.36  222.21  209.17
  20    10.436 54849.52520691 10.30 198.774621  61.882780  4.657  229.36  222.21  209.17
  21    12.781 54859.44085454  8.70 198.767459  61.885180  4.100  230.28  222.43  210.33
  21    10.591 54859.44085513  9.82 198.772181  61.883788  5.552  230.28  222.43  210.33
  22    11.808 54869.35650224  9.06 198.760304  61.887773  3.830  233.46  228.15  216.17
  22    14.865 54869.35650283  9.04 198.765028  61.886381  3.082  233.46  228.15  216.17
  22    11.562 54869.35650342  9.75 198.769750  61.884989  4.148  233.46  228.15  216.17
  22    11.535 54869.35650401  9.39 198.774473  61.883596  2.907  233.46  228.15  216.17
  23    14.067 54879.27214996 11.23 198.760656  61.887082  2.832  224.28  216.25  204.22
  23    14.370 54879.27215055 11.27 198.765379  61.885690  2.747  224.28  216.25  204.22
  23    14.603 54879.27215114 11.57 198.770102  61.884297  2.957  224.28  216.25  204.22
  23    14.580 54879.27215173 11.56 198.774825  61.882905  3.028  224.28  216.25  204.22
  24    14.669 54889.18779484 15.40 198.762395  61.884931  3.582  206.31  201.77  194.54
  24    14.032 54889.18779543 15.76 198.767118  61.883538  3.435  206.31  201.77  194.54
  24    14.730 54889.18779602 15.60 198.771841  61.882146  3.408  206.31  201.77  194.54
  25    72.266 54899.10343504  3.04 198.751541  61.885924  2.915  211.11  213.33  207.18
  25    75.020 54899.10343563  2.49 198.756265  61.884532  2.916  211.11  213.33  207.18
  25    79.871 54899.10343622  1.75 198.760988  61.883140  2.827  211.11  213.33  207.18
  25    82.892 54899.10343681  0.95 198.765711  61.881748  2.736  211.11  213.33  207.18
  26    14.195 54909.01907402 12.25 198.750687  61.885396  2.768  200.95  195.48  190.18
  26    13.810 54909.01907461 12.64 198.755411  61.884004  2.674  200.95  195.48  190.18
  26    15.358 54909.01907520 12.56 198.760134  61.882612  2.637  200.95  195.48  190.18
  26    15.583 54909.01907579 12.66 198.764857  61.881220  2.599  200.95  195.48  190.18
  27    66.270 54918.93471206  4.17 198.753494  61.885574  2.545  204.01  199.47  193.65
  27    66.189 54918.93471265  3.83 198.758217  61.884182  2.582  204.01  199.47  193.65
  27    69.235 54918.93471324  3.45 198.762941  61.882790  2.917  204.01  199.47  193.65
  27    66.221 54918.93471383  3.29 198.767663  61.881398  3.244  204.01  199.47  193.65
  28    14.576 54928.85034970 12.19 198.755125  61.886609  2.555  226.43  226.06  221.41
  28    14.477 54928.85035029 12.57 198.759849  61.885217  3.183  226.43  226.06  221.41
  28    15.090 54928.85035088 12.24 198.764572  61.883825  2.556  226.43  226.06  221.41
  28    15.230 54928.85035147 12.42 198.769295  61.882433  2.764  226.43  226.06  221.41
  30     9.825 54948.68162196 28.73 198.757979  61.886178 20.426  256.23  258.31  259.04
  30     9.757 54948.68162255 29.83 198.762702  61.884787 20.400  256.23  258.31  259.04
  30     9.712 54948.68162314 28.89 198.767425  61.883395 18.451  256.23  258.31  259.04
  30     9.709 54948.68162373 29.51 198.772148  61.882003 16.293  256.23  258.31  259.04
  31    12.121 54958.59725880 26.20 198.757601  61.885961 10.029 -100.00 -100.00 -100.00
  31    11.715 54958.59725939 27.90 198.762324  61.884569 13.048 -100.00 -100.00 -100.00
  31    11.906 54958.59725998 29.55 198.767047  61.883178 15.123 -100.00 -100.00 -100.00
  32    17.444 54968.51290693 44.30 198.753976  61.886749 14.008 -100.00 -100.00 -100.00
  32    16.969 54968.51290752 48.19 198.758700  61.885358 19.905 -100.00 -100.00 -100.00
  32    16.902 54968.51290811 51.44 198.763423  61.883966   -100 -100.00 -100.00 -100.00
  32    16.827 54968.51290870 51.89 198.768146  61.882574   -100 -100.00 -100.00 -100.00
  33    41.669 54978.42855471  8.85 198.758019  61.886354  6.169 -100.00 -100.00 -100.00
  33    41.020 54978.42855530  9.16 198.762742  61.884963  5.541 -100.00 -100.00 -100.00
  33    40.563 54978.42855589  8.86 198.767465  61.883571  5.179  241.40  242.81  239.09
  33    67.968 54978.42855648 10.30 198.772188  61.882179  5.251  241.40  242.81  239.09
  35    72.272 54998.25984977 25.14 198.761549  61.886239 11.177  258.11  258.87  255.23
  35    67.398 54998.25985036 21.97 198.766272  61.884847 13.595  258.11  258.87  255.23
  35    63.053 54998.25985095 26.38 198.770995  61.883455   -100  258.11  258.87  255.23
  36    14.033 55008.17549544 32.19 198.761693  61.886171   -100  260.28  260.76  257.77
  36    14.097 55008.17549603 30.19 198.766417  61.884779 28.328  260.28  260.76  257.77
  36    14.347 55008.17549662 32.68 198.771140  61.883387   -100  260.28  260.76  257.77
  37    13.664 55018.09113909 25.58 198.761159  61.886582 18.524 -100.00 -100.00 -100.00
  37    13.893 55018.09113968 27.04 198.765882  61.885190 21.381 -100.00 -100.00 -100.00
  37    14.068 55018.09114027 28.81 198.770605  61.883798 23.718 -100.00 -100.00 -100.00
  38    13.374 55028.00678168 24.46 198.763569  61.886763 12.121 -100.00 -100.00 -100.00
  38    13.443 55028.00678227 22.93 198.768293  61.885371 10.245 -100.00 -100.00 -100.00
  38    13.824 55028.00678286 21.98 198.773016  61.883978  8.110 -100.00 -100.00 -100.00
  39    13.550 55037.92242381 14.83 198.766111  61.887248 15.810 -100.00 -100.00 -100.00
  39    13.605 55037.92242440 17.10 198.770834  61.885855 11.936 -100.00 -100.00 -100.00
  39    13.943 55037.92242499 19.76 198.775557  61.884463  8.683 -100.00 -100.00 -100.00
  40    58.567 55047.83806492  3.85 198.768819  61.887395  5.499  269.86  271.02  267.20
  40    43.914 55047.83806551  4.13 198.773542  61.886002  5.548  269.86  271.02  267.20
  40    58.289 55047.83806610  3.26 198.778265  61.884610  5.724  269.86  271.02  267.20
  41    65.072 55057.75370355 13.14 198.766038  61.887753  4.951 -100.00 -100.00 -100.00
  41    67.114 55057.75370414 15.83 198.770762  61.886361  9.280 -100.00 -100.00 -100.00
  41    64.523 55057.75370473 25.02 198.775485  61.884968 16.035 -100.00 -100.00 -100.00
  42    10.032 55067.66934095 30.23 198.761183  61.887296 16.013  258.88  258.61  256.32
  42    50.295 55067.66934154 21.66 198.765907  61.885905 20.504  258.88  258.61  256.32
  42    10.530 55067.66934213 38.99 198.770630  61.884513 19.538  258.88  258.61  256.32
  42    10.177 55067.66934272 36.33 198.775353  61.883121 28.902  258.88  258.61  256.32
  43    28.398 55077.58499060 11.40 198.753762  61.886600 11.052  264.06  264.42  261.52
  43    14.177 55077.58499119 17.75 198.758485  61.885208 28.062  264.06  264.42  261.52
  43    13.921 55077.58499178 16.26 198.763209  61.883817 21.050  264.06  264.42  261.52
  43    13.678 55077.58499238 17.85 198.767931  61.882425 20.600  264.06  264.42  261.52
  44    11.391 55087.50063827 37.76 198.752219  61.885908 27.151  260.43  260.51  257.49
  44    10.809 55087.50063886 37.68 198.756943  61.884516   -100  260.43  260.51  257.49
  44    10.949 55087.50063945 36.59 198.761666  61.883124   -100  260.43  260.51  257.49
  44    10.691 55087.50064004 37.49 198.766388  61.881732   -100  260.43  260.51  257.49
  45    27.297 55097.41628452 14.74 198.754256  61.885972 10.973  259.11  258.46  257.29
  45    13.896 55097.41628511 22.90 198.758979  61.884581 25.468  259.11  258.46  257.29
  45    12.036 55097.41628570 20.73 198.763702  61.883188 14.337  259.11  258.46  257.29
  45    13.251 55097.41628629 20.14 198.768425  61.881796 10.427  259.11  258.46  257.29
  46    43.456 55107.33193003  8.05 198.754587  61.886967  6.987  257.77  258.00  256.84
  46    43.503 55107.33193062  7.05 198.759310  61.885575  5.841  257.77  258.00  256.84
  46    43.234 55107.33193121  7.28 198.764033  61.884183  5.917  257.77  258.00  256.84
  46    39.285 55107.33193180  7.11 198.768756  61.882791  5.793  257.77  258.00  256.84
  47    10.897 55117.24757536 43.18 198.757474  61.885873 27.629 -100.00 -100.00 -100.00
  47    10.718 55117.24757595 49.25 198.762198  61.884480   -100  259.13  260.28  259.10
  47    10.539 55117.24757654 50.43 198.766921  61.883088   -100  259.13  260.28  259.10
  48    10.186 55127.16321775 45.51 198.753976  61.885333 22.564 -100.00 -100.00 -100.00
  48     9.767 55127.16321834 49.38 198.758700  61.883941   -100 -100.00 -100.00 -100.00
  48     9.886 55127.16321893 49.18 198.763423  61.882549   -100  259.20  258.21  258.04
  48     9.512 55127.16321952 48.45 198.768147  61.881157   -100  259.20  258.21  258.04
  49     8.460 55137.07885760 42.33 198.748487  61.885673   -100  255.69  253.80  252.34
  49     8.250 55137.07885819 44.11 198.753212  61.884281   -100  255.69  253.80  252.34
  49     8.499 55137.07885878 45.45 198.757936  61.882890   -100  255.69  253.80  252.34
  49     8.092 55137.07885937 44.65 198.762659  61.881498  1.356  255.69  253.80  252.34
  50     9.463 55146.99449665 29.57 198.752822  61.884967 26.829 -100.00 -100.00 -100.00
  50     9.535 55146.99449724 31.05 198.757546  61.883575   -100 -100.00 -100.00 -100.00
  50     9.354 55146.99449783 31.33 198.762270  61.882183   -100 -100.00 -100.00 -100.00
  50     9.250 55146.99449842 30.43 198.766993  61.880791 32.698 -100.00 -100.00 -100.00
  51     9.237 55156.91013464 22.54 198.755268  61.886767 16.973  242.56  238.29  230.13
  51     9.093 55156.91013523 24.60 198.759992  61.885375 23.457  242.56  238.29  230.13
  51     9.415 55156.91013582 23.69 198.764716  61.883983 18.567  242.56  238.29  230.13
  51     9.385 55156.91013641 24.39 198.769440  61.882591 22.481  242.56  238.29  230.13
  52     8.931 55166.82577340 22.63 198.763588  61.886680 16.688  253.25  250.77  243.97
  52     8.899 55166.82577399 27.16 198.768312  61.885288   -100  253.25  250.77  243.97
  52     8.931 55166.82577458 28.20 198.773035  61.883896   -100  253.25  250.77  243.97
  53     9.024 55176.74141100 26.75 198.764562  61.887708  9.793 -100.00 -100.00 -100.00
  53     9.066 55176.74141159 26.88 198.769286  61.886316 10.206 -100.00 -100.00 -100.00
  53     9.008 55176.74141218 28.79 198.774009  61.884924 14.083 -100.00 -100.00 -100.00
  53     8.997 55176.74141277 27.31 198.778732  61.883532 11.691 -100.00 -100.00 -100.00
  54    10.050 55186.65705421 24.17 198.766153  61.886644 21.713  255.93  256.62  255.34
  54    13.559 55186.65705480 25.31 198.770877  61.885252  8.947  255.93  256.62  255.34
  54     8.810 55186.65705539 34.39 198.775600  61.883860 19.325  255.93  256.62  255.34
  55    65.347 55196.57270499  7.09 198.762964  61.886418  5.652  247.75  244.79  239.51
  55    62.221 55196.57270558  2.74 198.767687  61.885026  3.700  247.75  244.79  239.51
  55    74.903 55196.57270617  1.33 198.772410  61.883634  2.961  247.75  244.79  239.51
  56    69.213 55206.48835475  1.51 198.762769  61.886538  2.285 -100.00 -100.00 -100.00
  56    70.122 55206.48835534  1.63 198.767492  61.885146  3.093 -100.00 -100.00 -100.00
  56    72.999 55206.48835593  1.58 198.772215  61.883754  2.679 -100.00 -100.00 -100.00
  57    73.036 55216.40400406  0.99 198.765143  61.886988  2.319 -100.00 -100.00 -100.00
  57    73.884 55216.40400465  0.91 198.769867  61.885596  2.472 -100.00 -100.00 -100.00
  57    74.731 55216.40400524  0.88 198.774589  61.884203  2.476 -100.00 -100.00 -100.00
  58    14.085 55226.31965269 17.82 198.766374  61.886808 12.341 -100.00 -100.00 -100.00
  58    14.242 55226.31965328 19.04 198.771097  61.885416  6.278 -100.00 -100.00 -100.00
  58    14.189 55226.31965387 22.75 198.775820  61.884024  9.420 -100.00 -100.00 -100.00
  60     8.001 55246.15094026 31.11 198.752396  61.886146   -100 -100.00 -100.00 -100.00
  60     8.841 55246.15094085 24.64 198.757120  61.884754 11.903 -100.00 -100.00 -100.00
  60     8.748 55246.15094144 23.46 198.761844  61.883362 10.376 -100.00 -100.00 -100.00
  60     8.566 55246.15094203 23.96 198.766567  61.881970 10.073 -100.00 -100.00 -100.00
  61    54.217 55256.06657978  9.66 198.745831  61.885714  9.700 -100.00 -100.00 -100.00
  61    75.984 55256.06658037  1.29 198.750555  61.884322  2.838 -100.00 -100.00 -100.00
  61    74.482 55256.06658155  2.04 198.760002  61.881539  3.352 -100.00 -100.00 -100.00
  62    54.999 55265.98221918  0.87 198.750173  61.884732  4.942 -100.00 -100.00 -100.00
  62    53.443 55265.98221977  0.93 198.754897  61.883340  4.877 -100.00 -100.00 -100.00
  62    73.647 55265.98222037  0.16 198.759620  61.881948  4.770 -100.00 -100.00 -100.00
  63     8.162 55275.89785787 28.07 198.756366  61.885436 28.444 -100.00 -100.00 -100.00
  63     8.146 55275.89785846 26.12 198.761089  61.884044 20.505 -100.00 -100.00 -100.00
  63     8.439 55275.89785905 23.32 198.765812  61.882652 14.320 -100.00 -100.00 -100.00
  64     8.444 55285.81349519 23.31 198.758428  61.887093 13.452 -100.00 -100.00 -100.00
  64     8.130 55285.81349578 22.95 198.763151  61.885701 14.629 -100.00 -100.00 -100.00
  64     8.243 55285.81349637 23.94 198.767874  61.884309 15.816 -100.00 -100.00 -100.00
  64     8.235 55285.81349696 23.73 198.772597  61.882917 13.888 -100.00 -100.00 -100.00
  66    66.533 55305.64477007  9.99 198.756223  61.886040 13.123 -100.00 -100.00 -100.00
  66    68.832 55305.64477066  5.60 198.760946  61.884648  7.862 -100.00 -100.00 -100.00
  66    75.144 55305.64477125  2.69 198.765669  61.883256  5.077 -100.00 -100.00 -100.00
  66    90.823 55305.64477184  1.66 198.770392  61.881865  3.724 -100.00 -100.00 -100.00
  67    13.278 55315.56041643 27.56 198.748071  61.886166 17.063  256.33  253.38  244.60
  67    14.036 55315.56041702 23.72 198.752794  61.884774  9.152  256.33  253.38  244.60
  67    13.990 55315.56041761 27.93 198.757517  61.883383 15.961  256.33  253.38  244.60
  67    14.252 55315.56041820 27.07 198.762240  61.881991 11.330  256.33  253.38  244.60
  68    10.066 55325.47606203 38.28 198.749246  61.886226 21.903  260.39  259.78  258.50
  68     9.334 55325.47606262 41.69 198.753970  61.884834   -100  260.39  259.78  258.50
  68     9.551 55325.47606321 37.11 198.758693  61.883443   -100  260.39  259.78  258.50
  68    10.009 55325.47606380 39.91 198.763415  61.882051   -100  260.39  259.78  258.50
  69    15.960 55335.39170710 42.04 198.758249  61.885967 30.569 -100.00 -100.00 -100.00
  69    15.811 55335.39170769 44.12 198.762972  61.884576   -100 -100.00 -100.00 -100.00
  69    15.587 55335.39170828 48.51 198.767695  61.883184   -100 -100.00 -100.00 -100.00
  70   101.912 55345.30735134 12.65 198.763528  61.886522  8.011  266.20  267.07  264.30
  70    96.213 55345.30735193 14.08 198.768251  61.885130 21.592  266.20  267.07  264.30
  70    89.462 55345.30735252 17.02 198.772974  61.883738 25.086  266.20  267.07  264.30
  71    11.706 55355.22299429 33.95 198.764799  61.886502   -100  267.11  267.22  264.51
  71    11.668 55355.22299488 32.84 198.769522  61.885110   -100  267.11  267.22  264.51
  71    11.768 55355.22299547 37.12 198.774245  61.883718   -100  267.11  267.22  264.51
  72    34.447 55365.13863452 16.85 198.759544  61.887530 20.455 -100.00 -100.00 -100.00
  72    34.500 55365.13863511 15.88 198.764268  61.886138 15.314 -100.00 -100.00 -100.00
  72    35.277 55365.13863570 11.62 198.768991  61.884746  9.032  264.40  263.72  261.77
  72    35.523 55365.13863629 10.62 198.773714  61.883354  7.457  264.40  263.72  261.77
  73    14.175 55375.05427425 16.26 198.762854  61.886349  7.673 -100.00 -100.00 -100.00
  73    13.838 55375.05427484 16.85 198.767578  61.884957  8.404 -100.00 -100.00 -100.00
  73    13.446 55375.05427543 16.53 198.772301  61.883565  7.338 -100.00 -100.00 -100.00
  74    11.136 55384.96991220 35.27 198.761489  61.887964   -100 -100.00 -100.00 -100.00
  74    12.038 55384.96991279 34.40 198.766213  61.886572 22.109 -100.00 -100.00 -100.00
  74    11.620 55384.96991338 36.33 198.770936  61.885180 31.683 -100.00 -100.00 -100.00
  74    11.521 55384.96991397 41.98 198.775659  61.883788   -100 -100.00 -100.00 -100.00
  75    12.341 55394.88555039 18.35 198.769040  61.887429 10.811 -100.00 -100.00 -100.00
  75    12.241 55394.88555098 18.61 198.773763  61.886037 12.665 -100.00 -100.00 -100.00
  75    13.257 55394.88555157 15.50 198.778486  61.884645  6.407 -100.00 -100.00 -100.00
  76    58.857 55404.80118933  5.30 198.768410  61.888757  6.888 -100.00 -100.00 -100.00
  76    42.034 55404.80118992  4.80 198.773134  61.887365  6.435 -100.00 -100.00 -100.00
  76    43.878 55404.80119051  4.35 198.777857  61.885973  6.480 -100.00 -100.00 -100.00
  76    47.858 55404.80119110  3.44 198.782580  61.884581  5.243 -100.00 -100.00 -100.00
  77    12.554 55414.71684062 29.50 198.763798  61.887923   -100 -100.00 -100.00 -100.00
  77    13.660 55414.71684121 22.33 198.768521  61.886531 18.401 -100.00 -100.00 -100.00
  77    13.319 55414.71684180 20.54 198.773245  61.885139 13.030 -100.00 -100.00 -100.00
  77    12.573 55414.71684239 20.07 198.777967  61.883747 10.437 -100.00 -100.00 -100.00
  78    12.784 55424.63248897 45.63 198.759153  61.885746   -100  262.47  262.67  260.03
  78    12.700 55424.63248956 47.96 198.763876  61.884354   -100  262.47  262.67  260.03
  78    12.799 55424.63249015 45.69 198.768599  61.882962   -100  262.47  262.67  260.03
  79    12.901 55434.54813374 36.50 198.748043  61.886181 24.772  264.77  265.21  262.19
  79    13.843 55434.54813433 43.40 198.752766  61.884790 22.586  264.77  265.21  262.19
  79    13.316 55434.54813492 53.21 198.757490  61.883398   -100  264.77  265.21  262.19
  79    13.302 55434.54813551 53.60 198.762213  61.882006   -100  264.77  265.21  262.19
  80    12.577 55444.46377834 28.36 198.750270  61.885208 27.354 -100.00 -100.00 -100.00
  80    14.268 55444.46377894 19.44 198.754993  61.883816  6.344 -100.00 -100.00 -100.00
  80    13.428 55444.46377953 20.77 198.759716  61.882425  8.221 -100.00 -100.00 -100.00
  80    12.802 55444.46378012 21.27 198.764439  61.881033  8.706  263.49  264.49  262.10
  81    65.822 55454.37942174 10.32 198.754251  61.885781  3.880  261.86  262.32  260.26
  81    68.097 55454.37942233 23.61 198.758974  61.884389 22.420  261.86  262.32  260.26
  81    66.468 55454.37942292 25.41 198.763697  61.882997 15.021  261.86  262.32  260.26
  81    63.008 55454.37942351 24.36 198.768420  61.881605 10.927  261.86  262.32  260.26
  82    40.324 55464.29506425  9.51 198.758042  61.886915  5.212  256.69  256.50  254.94
  82    40.662 55464.29506484  8.46 198.762766  61.885523  4.434  256.69  256.50  254.94
  82    39.877 55464.29506543  8.24 198.767489  61.884131  4.919  256.69  256.50  254.94
  82    39.867 55464.29506602  7.48 198.772212  61.882739  4.081  256.69  256.50  254.94
  83    57.452 55474.21070434 21.31 198.761208  61.886335  7.988  257.29  256.79  255.61
  83    55.061 55474.21070493 27.34 198.765932  61.884943 10.913  257.29  256.79  255.61
  83    53.321 55474.21070552 27.71 198.770655  61.883551 26.649  257.29  256.79  255.61
  84     9.791 55484.12634060 36.43 198.755262  61.886548 19.685  258.61  257.79  257.74
  84     9.736 55484.12634119 39.32 198.759987  61.885157 23.118  258.61  257.79  257.74
  84     9.556 55484.12634178 42.15 198.764711  61.883765   -100  258.61  257.79  257.74
  84     9.625 55484.12634237 46.08 198.769434  61.882373   -100  258.61  257.79  257.74
  85     7.947 55494.04197499 33.77 198.750682  61.886245 22.372  261.84  261.16  261.21
  85     7.997 55494.04197558 34.12 198.755407  61.884853 24.935  261.84  261.16  261.21
  85     7.988 55494.04197617 33.10 198.760131  61.883462 19.819  261.84  261.16  261.21
  85     8.279 55494.04197676 36.44 198.764855  61.882070 26.100  261.84  261.16  261.21
  86     9.259 55503.95760894 37.93 198.753684  61.886463   -100 -100.00 -100.00 -100.00
  86     9.404 55503.95760953 40.32 198.758409  61.885071   -100 -100.00 -100.00 -100.00
  86     9.266 55503.95761012 41.43 198.763133  61.883679   -100 -100.00 -100.00 -100.00
  86     9.157 55503.95761071 44.22 198.767857  61.882287   -100  255.45  252.13  244.96
  87     8.849 55513.87325792 34.23 198.758579  61.887089   -100 -100.00 -100.00 -100.00
  87     9.044 55513.87325851 36.27 198.763303  61.885697   -100  254.31  251.49  244.23
  87     8.955 55513.87325910 37.55 198.768027  61.884305   -100  254.31  251.49  244.23
  87     8.853 55513.87325969 37.44 198.772750  61.882912   -100  254.31  251.49  244.23
  88    55.959 55523.78890801 22.51 198.763740  61.887720 27.649  255.38  257.25  256.65
  88    54.496 55523.78890860 20.81 198.768464  61.886327 31.464  255.38  257.25  256.65
  88    55.449 55523.78890919 27.19 198.773188  61.884935 20.085  255.38  257.25  256.65
  88    55.488 55523.78890978 26.16 198.777911  61.883543 24.984  255.38  257.25  256.65
  90     8.980 55543.62020226 23.08 198.763577  61.886672 14.322  253.25  250.33  245.96
  90     8.784 55543.62020285 27.04 198.768300  61.885279 25.209  253.25  250.33  245.96
  90     8.809 55543.62020344 27.20 198.773023  61.883887 25.456  253.25  250.33  245.96
  91     8.483 55553.53584612 18.30 198.760137  61.886481  8.152 -100.00 -100.00 -100.00
  91     8.345 55553.53584671 22.91 198.764861  61.885089 17.452 -100.00 -100.00 -100.00
  91     8.594 55553.53584730 24.76 198.769584  61.883697 22.275 -100.00 -100.00 -100.00
  92     9.183 55563.45148900  9.98 198.759659  61.886882  5.900 -100.00 -100.00 -100.00
  92    13.205 55563.45148959  9.91 198.764383  61.885490  4.821 -100.00 -100.00 -100.00
  92     9.543 55563.45149018 10.70 198.769106  61.884098  5.800 -100.00 -100.00 -100.00
  92    10.228 55563.45149077 11.83 198.773828  61.882706  6.594 -100.00 -100.00 -100.00
  93    13.170 55573.36713134 11.68 198.761281  61.887757  4.050  239.57  233.15  220.81
  93     9.423 55573.36713193 12.09 198.766005  61.886364  4.413  239.57  233.15  220.81
  93    10.209 55573.36713252 12.30 198.770728  61.884972  4.629  239.57  233.15  220.81
  93    11.045 55573.36713311 12.00 198.775450  61.883580  4.145  239.57  233.15  220.81
  95     8.515 55593.19841011 19.61 198.763450  61.886512 20.036  247.76  242.40  228.58
  95     8.519 55593.19841070 20.60 198.768174  61.885120 23.064  247.76  242.40  228.58
  95     8.569 55593.19841129 19.01 198.772897  61.883728 17.266  247.76  242.40  228.58
  96     8.422 55603.11404374 14.20 198.757158  61.886561  4.821 -100.00 -100.00 -100.00
  96     9.350 55603.11404433 13.79 198.761882  61.885170  4.706 -100.00 -100.00 -100.00
  96    10.043 55603.11404492 14.25 198.766606  61.883778  5.393 -100.00 -100.00 -100.00
  96     9.865 55603.11404551 14.29 198.771330  61.882386  5.346 -100.00 -100.00 -100.00
  99    10.929 55632.86096537 13.12 198.761285  61.886161  4.601 -100.00 -100.00 -100.00
  99     9.513 55632.86096596 13.83 198.766009  61.884769  4.714 -100.00 -100.00 -100.00
  99    11.259 55632.86096655 13.69 198.770732  61.883377  5.225 -100.00 -100.00 -100.00
 100     9.085 55642.77661586 12.59 198.759895  61.887094  5.638 -100.00 -100.00 -100.00
 100     9.541 55642.77661645 13.01 198.764618  61.885702  5.998 -100.00 -100.00 -100.00
 100    10.763 55642.77661704 12.83 198.769342  61.884310  5.798 -100.00 -100.00 -100.00
 100    10.677 55642.77661763 13.45 198.774064  61.882918  6.305 -100.00 -100.00 -100.00
 101    11.973 55652.69226362 12.90 198.758542  61.886884  4.074 -100.00 -100.00 -100.00
 101     9.854 55652.69226421 12.72 198.763266  61.885492  4.135 -100.00 -100.00 -100.00
 101    11.478 55652.69226480 13.13 198.767989  61.884100  4.495 -100.00 -100.00 -100.00
 101    11.070 55652.69226539 13.49 198.772712  61.882708  5.057 -100.00 -100.00 -100.00
 102    12.024 55662.60790683 12.50 198.753392  61.886438  6.298  228.18  218.19  201.96
 102    10.606 55662.60790742 12.37 198.758115  61.885046  5.749  228.18  218.19  201.96
 102    12.753 55662.60790801 11.47 198.762838  61.883655  3.986  228.18  218.19  201.96
 102    11.306 55662.60790860 11.92 198.767561  61.882263  4.047  228.18  218.19  201.96
 104     7.875 55682.43918634 33.34 198.753285  61.885863   -100 -100.00 -100.00 -100.00
 104    12.979 55682.43918693 29.88 198.758008  61.884471 22.080 -100.00 -100.00 -100.00
 104    14.180 55682.43918752 26.98 198.762731  61.883080 12.548 -100.00 -100.00 -100.00
 104    14.491 55682.43918811 27.99 198.767453  61.881688 13.367 -100.00 -100.00 -100.00
 105     9.722 55692.35482390 36.74 198.757414  61.887444 22.353  259.77  259.04  257.23
 105     9.215 55692.35482449 38.75 198.762138  61.886052   -100  259.77  259.04  257.23
 105     9.412 55692.35482508 34.31 198.766861  61.884660 23.771  259.77  259.04  257.23
 105     9.651 55692.35482567 34.46 198.771584  61.883268 21.227  259.77  259.04  257.23
 106    13.532 55702.27046061 40.54 198.767886  61.887330 32.141 -100.00 -100.00 -100.00
 106    13.569 55702.27046120 43.68 198.772609  61.885938   -100 -100.00 -100.00 -100.00
 106    13.339 55702.27046179 43.31 198.777332  61.884546   -100 -100.00 -100.00 -100.00
 107    62.429 55712.18610330 19.76 198.768977  61.887985  7.302  267.06  267.87  266.83
 107    60.045 55712.18610389 22.53 198.773701  61.886593 15.291  267.06  267.87  266.83
 107    58.033 55712.18610448 15.87 198.778424  61.885201 28.968  267.06  267.87  266.83
 108    62.802 55722.10175255 20.02 198.766077  61.887530  8.198  266.02  266.05  264.51
 108    60.471 55722.10175314  9.19 198.770801  61.886138 12.973  266.02  266.05  264.51
 108    58.894 55722.10175373 13.26 198.775524  61.884746 29.193  266.02  266.05  264.51
 109    13.775 55732.01740006 27.54 198.765171  61.886558   -100 -100.00 -100.00 -100.00
 109    13.949 55732.01740065 29.57 198.769894  61.885166   -100 -100.00 -100.00 -100.00
 109    14.228 55732.01740124 28.33 198.774617  61.883773   -100 -100.00 -100.00 -100.00
 110    14.546 55741.93304581 22.07 198.760486  61.887512 20.211 -100.00 -100.00 -100.00
 110    14.019 55741.93304640 19.40 198.765210  61.886120 11.130 -100.00 -100.00 -100.00
 110    13.926 55741.93304699 18.01 198.769933  61.884728  8.641 -100.00 -100.00 -100.00
 110    14.238 55741.93304758 20.93 198.774656  61.883336 14.414 -100.00 -100.00 -100.00
 111    14.100 55751.84869111 28.94 198.762577  61.886984   -100 -100.00 -100.00 -100.00
 111    14.123 55751.84869170 19.73 198.767300  61.885591 14.514 -100.00 -100.00 -100.00
 111    13.516 55751.84869229 23.59 198.772023  61.884199 25.707 -100.00 -100.00 -100.00
 112    13.060 55761.76433392 37.40 198.762979  61.886718 22.008  266.75  265.88  264.59
 112    13.654 55761.76433451 45.82 198.767703  61.885326   -100  266.75  265.88  264.59
 112    13.594 55761.76433510 52.58 198.772426  61.883934   -100  266.75  265.88  264.59
 113    14.265 55771.67997326 29.73 198.757807  61.887409   -100 -100.00 -100.00 -100.00
 113    13.925 55771.67997386 20.94 198.762531  61.886017 18.138 -100.00 -100.00 -100.00
 113    14.053 55771.67997445 17.74 198.767254  61.884626 10.269 -100.00 -100.00 -100.00
 113    13.506 55771.67997504 17.75 198.771977  61.883234  9.815 -100.00 -100.00 -100.00
 114    14.097 55781.59560987 27.73 198.758146  61.885791   -100  261.24  261.36  260.39
 114    12.962 55781.59561046 23.36 198.762869  61.884399 21.366  261.24  261.36  260.39
 114    13.546 55781.59561105 18.74 198.767592  61.883008  9.257  261.24  261.36  260.39
 115    13.862 55791.51124309 38.28 198.754093  61.886704 29.509  261.25  261.36  258.57
 115    13.298 55791.51124368 34.96 198.758817  61.885313   -100  261.25  261.36  258.57
 115    13.125 55791.51124427 30.28 198.763541  61.883921   -100  261.25  261.36  258.57
 115    13.018 55791.51124486 27.64 198.768263  61.882529 22.433  261.25  261.36  258.57
 116    14.146 55801.42687585 25.65 198.758415  61.886818 14.287  261.39  261.62  258.60
 116    12.825 55801.42687644 25.59 198.763139  61.885426 16.040  261.39  261.62  258.60
 116    12.530 55801.42687703 28.59 198.767862  61.884035 25.210  261.39  261.62  258.60
 116    12.801 55801.42687762 26.52 198.772585  61.882643 17.326  261.39  261.62  258.60
 117    39.014 55811.34252597 11.21 198.759447  61.887159  8.161  262.09  262.32  259.64
 117    40.877 55811.34252656  8.62 198.764171  61.885768  5.680  262.09  262.32  259.64
 117    68.489 55811.34252715  7.53 198.768894  61.884376  4.183  262.09  262.32  259.64
 117    40.126 55811.34252774  8.03 198.773618  61.882984  4.536  262.09  262.32  259.64
 118    11.388 55821.25817496 30.87 198.763668  61.886392   -100  258.26  258.57  256.63
 118    65.821 55821.25817555 18.44 198.768392  61.885000  5.931  258.26  258.57  256.63
 118    11.635 55821.25817614 40.41 198.773115  61.883608   -100  258.26  258.57  256.63
 119    63.996 55831.17381820 20.13 198.759189  61.887411 12.706 -100.00 -100.00 -100.00
 119    66.049 55831.17381879 20.24 198.763913  61.886020 12.192  254.83  254.85  253.66
 119    60.442 55831.17381938 11.84 198.768637  61.884628 12.830  254.83  254.85  253.66
 119    57.137 55831.17381997  6.37 198.773360  61.883236  7.837  254.83  254.85  253.66
 120    14.345 55841.08945759 22.62 198.759595  61.886246 11.071  259.08  258.97  258.83
 120    11.319 55841.08945818 22.31 198.764320  61.884854  8.145  259.08  258.97  258.83
 120    11.345 55841.08945877 22.67 198.769044  61.883463  8.550  259.08  258.97  258.83
 121    14.497 55851.00509341 27.14 198.755853  61.886868 19.271 -100.00 -100.00 -100.00
 121    10.351 55851.00509400 27.49 198.760577  61.885476 19.769  254.76  254.61  254.26
 121    10.414 55851.00509459 27.93 198.765302  61.884084 17.273  254.76  254.61  254.26
 121    10.344 55851.00509518 28.42 198.770025  61.882692 16.390  254.76  254.61  254.26
 122    10.230 55860.92072831 42.46 198.762187  61.886503 22.026 -100.00 -100.00 -100.00
 122     9.894 55860.92072890 46.90 198.766911  61.885111 29.823 -100.00 -100.00 -100.00
 122     9.577 55860.92072949 51.89 198.771635  61.883719   -100 -100.00 -100.00 -100.00
 123     9.876 55870.83638082 37.70 198.763061  61.887223   -100 -100.00 -100.00 -100.00
 123     9.684 55870.83638141 38.70 198.767785  61.885831   -100  254.02  252.76  249.05
 123     9.505 55870.83638201 39.61 198.772509  61.884439   -100  254.02  252.76  249.05
 135    63.345 55989.82409298  1.06 198.761063  61.887240  2.650  231.31  223.44  209.46
 135    66.327 55989.82409357  0.47 198.765787  61.885848  2.718  231.31  223.44  209.46
 135    68.800 55989.82409416  0.29 198.770510  61.884456  2.556  231.31  223.44  209.46
 137    14.899 56009.65538810  8.19 198.764868  61.884208  2.701  236.30  232.02  215.97
 137    15.014 56009.65538869  8.14 198.769590  61.882816  2.570  236.30  232.02  215.97
 138    14.545 56019.57103498  9.55 198.764946  61.883132  3.348  239.73  234.05  220.55
 138    14.852 56019.57103557  9.06 198.769668  61.881740  2.997  239.73  234.05  220.55
 141    13.656 56049.31795970 19.09 198.763698  61.886608  6.880 -100.00 -100.00 -100.00
 141    13.005 56049.31796029 20.84 198.768421  61.885216  9.187 -100.00 -100.00 -100.00
 141     9.078 56049.31796088 21.86 198.773144  61.883824 10.140 -100.00 -100.00 -100.00
 142    12.090 56059.23359677 33.20 198.765355  61.887760 25.000  256.41  255.57  253.36
 142    11.961 56059.23359736 31.51 198.770079  61.886369 20.665  256.41  255.57  253.36
 142    11.909 56059.23359795 29.80 198.774802  61.884976 18.603  256.41  255.57  253.36
 143    15.850 56069.14923135 39.38 198.767728  61.888034 13.409  258.22  259.21  257.60
 143    15.068 56069.14923194 45.75 198.772452  61.886642   -100  258.22  259.21  257.60
 143    15.242 56069.14923254 47.03 198.777175  61.885250   -100  258.22  259.21  257.60
 144    70.914 56079.06488231  7.07 198.765652  61.887534  4.572  264.10  264.32  262.82
 144    44.920 56079.06488290  6.85 198.770376  61.886142  5.855  264.10  264.32  262.82
 144    40.676 56079.06488349  6.23 198.775099  61.884750  5.747  264.10  264.32  262.82
 145    62.611 56088.98053049 21.49 198.762997  61.887609  7.661  264.87  265.14  262.95
 145    60.476 56088.98053108 17.47 198.767721  61.886217 17.489  264.87  265.14  262.95
 145    60.730 56088.98053167 10.20 198.772444  61.884825 16.291  264.87  265.14  262.95
 145    59.275 56088.98053226 26.08 198.777167  61.883432 24.661  264.87  265.14  262.95
 146    14.534 56098.89617664 30.95 198.764535  61.887246   -100  266.54  266.40  264.64
 146    14.581 56098.89617723 32.33 198.769259  61.885854   -100  266.54  266.40  264.64
 146    14.847 56098.89617782 33.04 198.773981  61.884461   -100  266.54  266.40  264.64
 147    13.763 56108.81181998 29.97 198.761571  61.887652 15.224 -100.00 -100.00 -100.00
 147    64.627 56108.81182057 17.73 198.766295  61.886260 17.676 -100.00 -100.00 -100.00
 147    14.822 56108.81182116 37.63 198.771018  61.884867 23.382 -100.00 -100.00 -100.00
 147    16.962 56108.81182175 25.35 198.775740  61.883475 26.601 -100.00 -100.00 -100.00
 148    13.390 56118.72744921 27.41 198.760545  61.886636   -100  264.82  264.27  262.80
 148    14.087 56118.72744980 19.60 198.765268  61.885244 13.492  264.82  264.27  262.80
 148    13.984 56118.72745039 26.31 198.769991  61.883852   -100  264.82  264.27  262.80
 149    69.333 56128.64308586 17.03 198.755662  61.886737 10.621  264.16  266.06  263.00
 149    68.580 56128.64308645 22.67 198.760386  61.885345 11.798  264.16  266.06  263.00
 149    68.165 56128.64308704 20.61 198.765109  61.883954 11.230  264.16  266.06  263.00
 149    61.672 56128.64308763 29.67 198.769832  61.882562 26.609  264.16  266.06  263.00
 150    40.926 56138.55871985  5.77 198.758467  61.885603  6.605  261.91  262.17  260.69
 150    43.974 56138.55872044  4.44 198.763190  61.884211  4.981  261.91  262.17  260.69
 150    46.475 56138.55872103  3.83 198.767913  61.882820  4.965  261.91  262.17  260.69
 151    12.589 56148.47436723 30.78 198.756297  61.886557 25.898  261.26  261.56  258.71
 151    62.503 56148.47436782 10.98 198.761021  61.885165  5.395  261.26  261.56  258.71
 151    13.351 56148.47436841 40.42 198.765744  61.883773 27.992  261.26  261.56  258.71
 151    61.304 56148.47436900 10.06 198.770467  61.882382  5.356  261.26  261.56  258.71
 152    14.209 56158.39001640 22.61 198.758861  61.887033 13.114 -100.00 -100.00 -100.00
 152    13.553 56158.39001699 21.20 198.763584  61.885641 10.686  264.36  265.48  264.95
 152    13.533 56158.39001758 20.44 198.768307  61.884249  9.818  264.36  265.48  264.95
 152    12.175 56158.39001817 23.66 198.773030  61.882857 16.027  264.36  265.48  264.95
 153    43.305 56168.30566459  7.07 198.761997  61.886677  7.791  261.72  263.39  260.16
 153    43.005 56168.30566518  7.20 198.766720  61.885285  7.126  261.72  263.39  260.16
 153    41.204 56168.30566577  6.23 198.771443  61.883893  5.551  261.72  263.39  260.16
 154    13.365 56178.22130900 38.62 198.756807  61.887184 20.560 -100.00 -100.00 -100.00
 154    13.076 56178.22130959 42.76 198.761531  61.885792 26.008 -100.00 -100.00 -100.00
 154    12.779 56178.22131018 47.95 198.766255  61.884400   -100  254.94  254.92  252.25
 154    12.650 56178.22131077 45.82 198.770978  61.883008   -100  254.94  254.92  252.25
 155    13.369 56188.13694936 39.80 198.754830  61.886430 25.466 -100.00 -100.00 -100.00
 155    13.079 56188.13694995 44.55 198.759554  61.885038   -100 -100.00 -100.00 -100.00
 155    13.285 56188.13695054 41.37 198.764278  61.883646   -100 -100.00 -100.00 -100.00
 155    13.029 56188.13695113 41.98 198.769001  61.882254   -100 -100.00 -100.00 -100.00
 156    14.482 56198.05258659 28.52 198.756012  61.885834 26.435 -100.00 -100.00 -100.00
 156    13.894 56198.05258718 23.92 198.760736  61.884442 13.984 -100.00 -100.00 -100.00
 156    14.077 56198.05258777 21.27 198.765460  61.883051  8.987 -100.00 -100.00 -100.00
 156    12.946 56198.05258836 21.71 198.770184  61.881658  9.080  250.09  249.78  249.62
 157    14.246 56207.96822087 23.57 198.758101  61.887239 10.029 -100.00 -100.00 -100.00
 157    13.524 56207.96822146 21.71 198.762825  61.885848  7.189 -100.00 -100.00 -100.00
 157    13.424 56207.96822205 20.80 198.767549  61.884456  6.788  252.67  254.92  253.20
 157    13.131 56207.96822264 22.04 198.772273  61.883063  7.360  252.67  254.92  253.20
 158    12.232 56217.88385445 19.90 198.768121  61.887467  5.301  255.32  254.11  254.76
 158    12.274 56217.88385504 20.68 198.772845  61.886075  5.632  255.32  254.11  254.76
 158    11.720 56217.88385563 23.03 198.777569  61.884683  9.134  255.32  254.11  254.76
 159    10.176 56227.79949909 39.47 198.771054  61.888108   -100  255.40  254.91  254.26
 159    10.460 56227.79949968 40.14 198.775778  61.886716   -100  255.40  254.91  254.26
 159    10.427 56227.79950027 42.93 198.780501  61.885324   -100  255.40  254.91  254.26
 160    11.042 56237.71515305 32.29 198.766064  61.888539 22.500  250.83  249.07  248.09
 160    10.851 56237.71515364 33.48 198.770788  61.887147 27.332  250.83  249.07  248.09
 160    10.593 56237.71515423 34.71 198.775512  61.885755   -100  250.83  249.07  248.09
 160    10.859 56237.71515482 29.79 198.780235  61.884363 16.241  250.83  249.07  248.09
 161    75.976 56247.63080367  2.25 198.764810  61.887232  2.863 -100.00 -100.00 -100.00
 161    76.404 56247.63080426  1.70 198.769534  61.885840  2.846 -100.00 -100.00 -100.00
 161    77.110 56247.63080485  0.94 198.774257  61.884448  2.814 -100.00 -100.00 -100.00
 162    10.612 56257.54644976 23.48 198.768298  61.885294  7.968  249.86  248.08  245.46
 162    10.463 56257.54645035 24.62 198.773021  61.883902 11.205  249.86  248.08  245.46
 163    10.687 56267.46209133 22.06 198.764432  61.887080  8.084  247.59  245.31  240.51
 163    10.746 56267.46209192 22.42 198.769156  61.885688  7.303  247.59  245.31  240.51
 163    10.720 56267.46209251 23.07 198.773879  61.884295  8.625  247.59  245.31  240.51
 164    10.844 56277.37773201 16.54 198.767363  61.887029  4.858 -100.00 -100.00 -100.00
 164    10.641 56277.37773260 16.97 198.772086  61.885637  5.600 -100.00 -100.00 -100.00
 164    10.592 56277.37773319 17.53 198.776809  61.884244  5.871  231.55  225.34  215.80
 165    10.611 56287.29337936 13.76 198.762028  61.887878  3.843  239.04  234.98  226.80
 165    11.126 56287.29337995 14.28 198.766752  61.886486  4.278  239.04  234.98  226.80
 165    10.613 56287.29338054 14.61 198.771475  61.885094  4.316  239.04  234.98  226.80
 165    11.939 56287.29338113 14.42 198.776198  61.883701  4.096  239.04  234.98  226.80
 166    11.074 56297.20902868 13.54 198.759795  61.885954  3.340 -100.00 -100.00 -100.00
 166    10.997 56297.20902927 13.72 198.764519  61.884562  3.827 -100.00 -100.00 -100.00
 166    10.963 56297.20902986 14.30 198.769242  61.883170  4.521 -100.00 -100.00 -100.00
 167    10.161 56307.12467347 15.94 198.752632  61.885317  8.541  243.51  239.13  231.50
 167    10.102 56307.12467406 16.39 198.757357  61.883925  8.630  243.51  239.13  231.50
 167    10.060 56307.12467465 16.79 198.762080  61.882533  8.343  243.51  239.13  231.50
 167    10.522 56307.12467524 16.63 198.766803  61.881141  8.322  243.51  239.13  231.50
 168    11.454 56317.04031550 10.22 198.747563  61.885830  4.015 -100.00 -100.00 -100.00
 168    10.494 56317.04031609 10.98 198.752287  61.884438  4.895 -100.00 -100.00 -100.00
 168    10.563 56317.04031668 10.81 198.757011  61.883046  4.428 -100.00 -100.00 -100.00
 168    10.903 56317.04031728 11.36 198.761735  61.881654  5.093 -100.00 -100.00 -100.00
 169    10.590 56326.95595699 10.20 198.752275  61.886201  3.713  238.78  235.51  225.24
 169    11.270 56326.95595758 10.40 198.756999  61.884809  3.749  238.78  235.51  225.24
 169    10.940 56326.95595817 10.53 198.761722  61.883417  3.791  238.78  235.51  225.24
 169    12.314 56326.95595876 10.51 198.766446  61.882025  3.681  238.78  235.51  225.24
 170    11.977 56336.87159791  9.63 198.760895  61.886378  3.785 -100.00 -100.00 -100.00
 170    11.237 56336.87159850  9.57 198.765619  61.884986  3.607 -100.00 -100.00 -100.00
 170    10.688 56336.87159909 10.19 198.770342  61.883594  4.603 -100.00 -100.00 -100.00
 171    10.969 56346.78723679  9.50 198.764424  61.886928  3.871 -100.00 -100.00 -100.00
 171    11.610 56346.78723738  9.30 198.769148  61.885536  3.239 -100.00 -100.00 -100.00
 171    11.278 56346.78723797 10.18 198.773871  61.884144  4.774 -100.00 -100.00 -100.00
 172    11.903 56356.70287260  9.60 198.761705  61.887195  3.745  248.22  246.78  239.48
 172    12.959 56356.70287319  9.51 198.766429  61.885804  3.580  248.22  246.78  239.48
 172    12.834 56356.70287378  9.44 198.771152  61.884412  3.556  248.22  246.78  239.48
 172    13.565 56356.70287438  9.67 198.775875  61.883020  3.720  248.22  246.78  239.48
 178    14.794 56416.19673816 20.28 198.770087  61.887119  8.287 -100.00 -100.00 -100.00
 178    14.819 56416.19673875 20.99 198.774810  61.885727  7.649 -100.00 -100.00 -100.00
 178    15.013 56416.19673934 22.58 198.779533  61.884335  9.366 -100.00 -100.00 -100.00
 179    14.065 56426.11237095 25.20 198.767402  61.887399 11.220 -100.00 -100.00 -100.00
 179    14.305 56426.11237154 27.34 198.772126  61.886007 13.820 -100.00 -100.00 -100.00
 179    14.735 56426.11237213 28.28 198.776849  61.884614 12.808 -100.00 -100.00 -100.00
 180     9.660 56436.02802024 36.69 198.761855  61.887323 25.815 -100.00 -100.00 -100.00
 180    10.079 56436.02802083 32.74 198.766579  61.885931 17.798 -100.00 -100.00 -100.00
 180     9.942 56436.02802142 32.25 198.771302  61.884539 16.889 -100.00 -100.00 -100.00
 180     9.884 56436.02802201 31.33 198.776025  61.883147 13.465 -100.00 -100.00 -100.00
 181    58.564 56445.94367177 28.91 198.758872  61.887494 21.894  262.59  263.62  262.15
 181    59.272 56445.94367236 26.88 198.763596  61.886102 13.492  262.59  263.62  262.15
 181    58.871 56445.94367295 16.81 198.768319  61.884710   -100  262.59  263.62  262.15
 181    59.179 56445.94367354 21.63 198.773042  61.883318   -100  262.59  263.62  262.15
 182    34.794 56455.85932189 11.49 198.764372  61.886515  8.081  264.13  265.15  263.01
 182    15.871 56455.85932248 40.00 198.769095  61.885123   -100  264.13  265.15  263.01
 182    15.865 56455.85932307 28.28 198.773818  61.883731 17.809  264.13  265.15  263.01
 183    15.090 56465.77496787 36.28 198.760250  61.887400   -100  260.83  262.76  259.39
 183    15.410 56465.77496846 34.73 198.764973  61.886008   -100  260.83  262.76  259.39
 183    15.452 56465.77496905 36.96 198.769696  61.884616   -100  260.83  262.76  259.39
 183    15.561 56465.77496964 37.52 198.774418  61.883223   -100  260.83  262.76  259.39
 184    13.794 56475.69061033 38.39 198.757258  61.886526  9.815  260.30  260.70  259.53
 184    14.109 56475.69061092 31.16 198.761981  61.885134 32.748  260.30  260.70  259.53
 184    14.217 56475.69061151 32.66 198.766704  61.883742   -100  260.30  260.70  259.53
 184    14.410 56475.69061210 36.43 198.771426  61.882350   -100  260.30  260.70  259.53
 185    64.578 56485.60624926  1.16 198.754112  61.885322  4.144  265.02  265.41  262.98
 185    60.383 56485.60624985  1.08 198.758835  61.883930  5.062  265.02  265.41  262.98
 185    56.909 56485.60625104  5.01 198.768281  61.881146  7.778  265.02  265.41  262.98
 187    13.333 56505.43752010 42.06 198.758615  61.885997 18.639 -100.00 -100.00 -100.00
 187    12.439 56505.43752069 54.26 198.763338  61.884605   -100 -100.00 -100.00 -100.00
 187    12.564 56505.43752128 53.24 198.768061  61.883214   -100 -100.00 -100.00 -100.00
 188    42.544 56515.35315358  4.24 198.767399  61.887288  6.084  264.51  264.74  262.39
 188    44.637 56515.35315418  3.44 198.772122  61.885896  6.094  264.51  264.74  262.39
 188    62.503 56515.35315477  3.45 198.776845  61.884504  5.802  264.51  264.74  262.39
 189    60.892 56525.26880700 15.63 198.765692  61.888157 19.240 -100.00 -100.00 -100.00
 189    11.889 56525.26880760 34.09 198.770416  61.886765 21.870 -100.00 -100.00 -100.00
 189    60.107 56525.26880819  8.09 198.775139  61.885373  6.796 -100.00 -100.00 -100.00
 189    11.667 56525.26880878 37.17 198.779862  61.883981 18.942 -100.00 -100.00 -100.00
 190    67.613 56535.18445770 22.82 198.763581  61.886944 10.488  264.33  264.42  262.04
 190    65.095 56535.18445829 19.78 198.768305  61.885552  9.892  264.33  264.42  262.04
 190    60.003 56535.18445888 28.99 198.773029  61.884160 15.595  264.33  264.42  262.04
 192    68.218 56555.01574822  7.05 198.754149  61.885921  3.866  258.97  258.21  257.31
 192    65.551 56555.01574881  6.72 198.758873  61.884529  3.779  258.97  258.21  257.31
 192    62.291 56555.01574940 16.49 198.763597  61.883137 15.342  258.97  258.21  257.31
 192    61.775 56555.01574999 16.80 198.768321  61.881745  7.816  258.97  258.21  257.31
 193    15.364 56564.93139123 19.61 198.757408  61.886743  7.028  256.01  255.16  255.23
 193    14.975 56564.93139182 20.30 198.762133  61.885351  7.990  256.01  255.16  255.23
 193    14.130 56564.93139241 19.22 198.766856  61.883959  5.700  256.01  255.16  255.23
 193    13.049 56564.93139300 19.86 198.771580  61.882566  6.695  256.01  255.16  255.23
 194    14.437 56574.84703347 20.75 198.766085  61.887349  9.495 -100.00 -100.00 -100.00
 194     9.949 56574.84703406 24.56 198.770809  61.885957 16.420  253.06  252.70  252.00
 194    11.355 56574.84703465 21.48 198.775532  61.884564  9.866  253.06  252.70  252.00
 195    11.818 56584.76267235 20.94 198.770082  61.888541  6.172  254.74  255.35  253.14
 195    11.884 56584.76267294 21.46 198.774806  61.887149  6.450  254.74  255.35  253.14
 195    11.717 56584.76267353 21.58 198.779529  61.885756  6.692  254.74  255.35  253.14
 196    13.169 56594.67830809 37.47 198.769869  61.888970 13.641 -100.00 -100.00 -100.00
 196    13.376 56594.67830868 40.19 198.774593  61.887577 11.792 -100.00 -100.00 -100.00
 196    12.927 56594.67830927 50.83 198.779316  61.886185 26.789 -100.00 -100.00 -100.00
 196    12.754 56594.67830986 50.16 198.784039  61.884793 28.730 -100.00 -100.00 -100.00
 197    10.463 56604.59396093 41.06 198.765367  61.887421 26.972  257.59  256.98  256.41
 197    10.502 56604.59396152 43.15 198.770090  61.886029 28.495  257.59  256.98  256.41
 197    10.399 56604.59396211 48.32 198.774814  61.884637   -100  257.59  256.98  256.41
 198     9.290 56614.50960883 42.20 198.761041  61.886666 27.308  252.20  250.28  249.51
 198     9.146 56614.50960942 46.37 198.765765  61.885274   -100  252.20  250.28  249.51
 198     8.998 56614.50961001 49.46 198.770488  61.883882   -100  252.20  250.28  249.51
 199     9.035 56624.42525317 33.45 198.761491  61.886662 28.088 -100.00 -100.00 -100.00
 199     9.006 56624.42525376 37.46 198.766215  61.885270   -100 -100.00 -100.00 -100.00
 199     8.931 56624.42525435 36.23 198.770938  61.883878   -100 -100.00 -100.00 -100.00
 200    64.168 56634.34089463  9.11 198.762246  61.887334  3.884  258.79  259.41  257.57
 200    65.440 56634.34089522 12.39 198.766970  61.885942  7.259  258.79  259.41  257.57
 200    65.860 56634.34089581 17.17 198.771693  61.884550 11.301  258.79  259.41  257.57
 200    62.232 56634.34089640 15.10 198.776416  61.883158 11.562  258.79  259.41  257.57
 201    10.120 56644.25653143 31.30 198.764992  61.887534 20.544  255.65  254.32  253.77
 201     9.878 56644.25653202 32.86 198.769716  61.886142 19.507  255.65  254.32  253.77
 201     9.274 56644.25653261 30.17 198.774439  61.884750 17.394  255.65  254.32  253.77
 202    10.149 56654.17218393 18.17 198.759644  61.886784  3.963 -100.00 -100.00 -100.00
 202    10.188 56654.17218452 18.60 198.764368  61.885392  4.409 -100.00 -100.00 -100.00
 202    10.255 56654.17218511 18.74 198.769092  61.884000  4.028 -100.00 -100.00 -100.00
 202    10.478 56654.17218570 18.88 198.773815  61.882608  4.461 -100.00 -100.00 -100.00
 203    10.726 56664.08783220 31.16 198.753866  61.885850 23.753 -100.00 -100.00 -100.00
 203     9.986 56664.08783279 30.77 198.758590  61.884459   -100 -100.00 -100.00 -100.00
 203     9.770 56664.08783338 34.98 198.763314  61.883067 12.167 -100.00 -100.00 -100.00
 203    10.195 56664.08783397 27.44 198.768037  61.881674   -100 -100.00 -100.00 -100.00
 205     9.860 56683.91912325 41.05 198.754134  61.885640 26.446 -100.00 -100.00 -100.00
 205     9.972 56683.91912384 43.70 198.758858  61.884248   -100 -100.00 -100.00 -100.00
 205     9.956 56683.91912443 44.78 198.763581  61.882856   -100 -100.00 -100.00 -100.00
 205    10.079 56683.91912502 44.28 198.768304  61.881464   -100 -100.00 -100.00 -100.00
 206     9.514 56693.83476630 28.82 198.757641  61.886974 20.048 -100.00 -100.00 -100.00
 206     9.335 56693.83476689 29.17 198.762365  61.885582 21.730 -100.00 -100.00 -100.00
 206    13.274 56693.83476748 28.12 198.767089  61.884190 15.979 -100.00 -100.00 -100.00
 206     9.405 56693.83476807 28.29 198.771812  61.882798 15.234 -100.00 -100.00 -100.00
 210     8.860 56733.49733779 27.03 198.754334  61.886186 27.558  242.24  240.59  236.92
 210     8.970 56733.49733838 18.44 198.759057  61.884795 10.060  242.24  240.59  236.92
 210    13.666 56733.49733897 15.79 198.763780  61.883403  6.124  242.24  240.59  236.92
 210    14.143 56733.49733956 15.78 198.768502  61.882011  6.038  242.24  240.59  236.92
 211     8.628 56743.41298540 25.60 198.759427  61.885970 26.477  243.57  240.91  237.72
 211     8.398 56743.41298599 27.14 198.764150  61.884578   -100  243.57  240.91  237.72
 211     8.880 56743.41298658 19.91 198.768872  61.883186 11.872  243.57  240.91  237.72
 212     8.606 56753.32862868 23.44 198.766249  61.886759 18.947 -100.00 -100.00 -100.00
 212     8.128 56753.32862927 27.45 198.770972  61.885367   -100 -100.00 -100.00 -100.00
 212     8.606 56753.32862987 24.85 198.775694  61.883975 22.170 -100.00 -100.00 -100.00
 213    14.195 56763.24426615 28.06 198.769107  61.888244 10.297 -100.00 -100.00 -100.00
 213    14.544 56763.24426674 30.07 198.773831  61.886852 10.862 -100.00 -100.00 -100.00
 213    14.566 56763.24426733 34.41 198.778553  61.885459 15.025 -100.00 -100.00 -100.00
 214    34.354 56773.15989897 24.41 198.768753  61.888803 18.773 -100.00 -100.00 -100.00
 214    13.960 56773.15989956 26.43 198.773477  61.887411 19.697 -100.00 -100.00 -100.00
 214    14.243 56773.15990016 29.11 198.778200  61.886019 13.708  259.13  258.80  258.22
 214    14.206 56773.15990075 35.16 198.782923  61.884627 19.950  259.13  258.80  258.22
 215    52.076 56783.07555645 20.74 198.765472  61.886599 13.938  262.71  261.76  262.03
 215     9.141 56783.07555704 37.43 198.770196  61.885207 22.306  262.71  261.76  262.03
 215     9.235 56783.07555763 37.60 198.774918  61.883815 30.575  262.71  261.76  262.03
 216    36.290 56792.99120947  8.04 198.756163  61.886947  8.205  269.39  269.14  268.51
 216    39.509 56792.99121006  6.95 198.760887  61.885555  9.108  269.39  269.14  268.51
 216    43.889 56792.99121065  4.71 198.765610  61.884163  4.866  269.39  269.14  268.51
 216    41.440 56792.99121124  3.87 198.770333  61.882770  4.836  269.39  269.14  268.51
 217    13.653 56802.90686082 39.27 198.756660  61.885902 29.561  264.66  264.18  263.81
 217    13.560 56802.90686141 29.33 198.761383  61.884510   -100  264.66  264.18  263.81
 217    13.703 56802.90686200 27.56 198.766106  61.883117 28.526  264.66  264.18  263.81
 217    13.836 56802.90686259 24.66 198.770828  61.881725 15.910  264.66  264.18  263.81
 218    49.937 56812.82250383 17.12 198.755185  61.887035 18.521  269.21  269.24  267.55
 218    68.042 56812.82250442 12.59 198.759909  61.885643  5.259  269.21  269.24  267.55
 218    69.856 56812.82250501 26.92 198.764631  61.884251 21.328  269.21  269.24  267.55
 218    67.341 56812.82250560 20.97 198.769354  61.882859 10.340  269.21  269.24  267.55
 219    44.593 56822.73814416  3.96 198.760423  61.885852  6.033  264.12  263.96  262.79
 219    51.377 56822.73814475  3.66 198.765146  61.884460  6.445  264.12  263.96  262.79
 219    60.814 56822.73814534  2.08 198.769868  61.883067  5.054  264.12  263.96  262.79
 221    13.953 56842.56941166 34.34 198.759412  61.885727   -100  267.46  267.81  265.06
 221    14.036 56842.56941225 24.66 198.764135  61.884335 20.331  267.46  267.81  265.06
 221    13.957 56842.56941284 27.07 198.768857  61.882943 27.315  267.46  267.81  265.06
 222    43.559 56852.48505150  4.51 198.759295  61.885877  9.309  266.95  267.20  264.80
 222    43.473 56852.48505209  4.64 198.764018  61.884485  8.691  266.95  267.20  264.80
 222    40.561 56852.48505268  6.09 198.768741  61.883093 11.588  266.95  267.20  264.80
 223    14.165 56862.40070557 33.94 198.759173  61.885879   -100  265.21  266.42  263.43
 223    13.999 56862.40070616 28.15 198.763896  61.884487 21.113  265.21  266.42  263.43
 223    14.057 56862.40070675 27.07 198.768619  61.883096 15.807  265.21  266.42  263.43
 224    13.831 56872.31635895 29.29 198.759017  61.886637 25.405  268.81  270.26  267.10
 224    60.893 56872.31635954 22.66 198.763740  61.885245 20.925  268.81  270.26  267.10
 224    13.867 56872.31636013 39.16 198.768463  61.883853   -100  268.81  270.26  267.10
 224    63.021 56872.31636072 15.59 198.773186  61.882461  6.118  268.81  270.26  267.10
 225    42.361 56882.23200957  5.58 198.760980  61.886232  5.290  270.46  270.87  268.24
 225    69.688 56882.23201016  5.81 198.765703  61.884840  3.013  270.46  270.87  268.24
 225    68.754 56882.23201075  9.19 198.770426  61.883448  3.618  270.46  270.87  268.24
 226    62.544 56892.14765583 17.20 198.756069  61.887118 17.919 -100.00 -100.00 -100.00
 226    12.312 56892.14765642 32.37 198.760792  61.885726 15.887 -100.00 -100.00 -100.00
 226    61.571 56892.14765701 11.29 198.765516  61.884334  5.468 -100.00 -100.00 -100.00
 226    12.985 56892.14765760 41.96 198.770239  61.882941   -100 -100.00 -100.00 -100.00
 227    14.612 56902.06329985 21.32 198.756983  61.885730 20.878  267.50  268.53  266.79
 227    14.232 56902.06330044 18.47 198.761707  61.884338 10.210  267.50  268.53  266.79
 227    13.802 56902.06330103 19.18 198.766430  61.882945 11.558  267.50  268.53  266.79
 228    39.881 56911.97894158  7.04 198.755766  61.886210  4.967  269.00  269.70  268.06
 228    43.426 56911.97894217  5.75 198.760489  61.884818  3.730  269.00  269.70  268.06
 228    37.846 56911.97894276  6.01 198.765213  61.883426  4.445  269.00  269.70  268.06
 228    36.645 56911.97894335  5.90 198.769935  61.882033  4.673  269.00  269.70  268.06
 229    13.197 56921.89458248 21.71 198.761372  61.886101  8.791 -100.00 -100.00 -100.00
 229    12.996 56921.89458307 19.83 198.766096  61.884709  7.694  260.09  259.29  258.69
 229    12.397 56921.89458366 19.87 198.770819  61.883316  7.191  260.09  259.29  258.69
 230    59.558 56931.81022090 16.99 198.765727  61.887346  8.448  260.10  259.56  258.68
 230    57.406 56931.81022149 22.10 198.770451  61.885954 14.098  260.10  259.56  258.68
 230    54.901 56931.81022208 14.58 198.775174  61.884561 31.656  260.10  259.56  258.68
 231    10.886 56941.72585434 33.46 198.771084  61.887671 24.155  259.33  257.98  258.20
 231    11.447 56941.72585493 38.37 198.775807  61.886279 30.651  259.33  257.98  258.20
 231    11.547 56941.72585552 39.28 198.780530  61.884887   -100  259.33  257.98  258.20
 232    10.219 56951.64149607 41.20 198.768264  61.888218 30.246  261.82  260.21  259.69
 232    10.595 56951.64149666 43.27 198.772988  61.886826 25.502  261.82  260.21  259.69
 232    10.090 56951.64149725 47.18 198.777711  61.885434   -100  261.82  260.21  259.69
 233    10.112 56961.55714698 42.36 198.763466  61.887360 27.068 -100.00 -100.00 -100.00
 233     9.517 56961.55714757 45.04 198.768189  61.885968   -100 -100.00 -100.00 -100.00
 233     9.801 56961.55714816 46.84 198.772912  61.884576   -100 -100.00 -100.00 -100.00
 234    58.017 56971.47279308 12.11 198.761216  61.886644 12.638  259.81  258.47  254.00
 234    59.388 56971.47279367 16.76 198.765940  61.885252 12.161  259.81  258.47  254.00
 234    58.824 56971.47279427 17.91 198.770663  61.883860 10.160  259.81  258.47  254.00
 235     9.814 56981.38843517 29.26 198.761108  61.886685 22.040  256.21  254.56  249.89
 235     9.771 56981.38843576 32.23 198.765832  61.885293 26.823  256.21  254.56  249.89
 235     9.775 56981.38843635 31.79 198.770555  61.883901 28.073  256.21  254.56  249.89
 236     9.576 56991.30407311 36.46 198.764331  61.886489 29.155  256.17  254.46  252.66
 236    10.417 56991.30407370 42.22 198.769054  61.885097   -100  256.17  254.46  252.66
 236    10.041 56991.30407430 37.67 198.773778  61.883704   -100  256.17  254.46  252.66
 237    61.308 57001.21970399  1.47 198.761971  61.888016  3.177  243.07  241.39  233.16
 237    57.410 57001.21970458  3.72 198.766696  61.886625  5.108  243.07  241.39  233.16
 237    58.058 57001.21970517  3.12 198.771420  61.885233  3.928  243.07  241.39  233.16
 237    58.900 57001.21970576  2.52 198.776143  61.883841  4.044  243.07  241.39  233.16
 238    10.219 57011.13536244 22.57 198.767127  61.884249  9.878  243.14  239.86  232.64
 238    10.332 57011.13536303 24.74 198.771850  61.882857 14.634  243.14  239.86  232.64
 239    58.056 57021.05101268 15.03 198.753684  61.886565 13.283  258.15  259.94  259.87
 239    58.175 57021.05101327 18.72 198.758408  61.885173 18.576  258.15  259.94  259.87
 239    56.467 57021.05101386 19.88 198.763132  61.883781 20.649  258.15  259.94  259.87
 239    56.989 57021.05101445 22.91 198.767856  61.882389 21.733  258.15  259.94  259.87
 240    64.003 57030.96666201  2.68 198.756827  61.885567  3.272  241.82  241.44  235.29
 240    62.030 57030.96666260  3.73 198.761551  61.884175  4.131  241.82  241.44  235.29
 240    75.824 57030.96666320  1.34 198.766275  61.882783  2.970  241.82  241.44  235.29
 241     9.947 57040.88230889 36.78 198.755472  61.886763   -100 -100.00 -100.00 -100.00
 241    10.976 57040.88230948 40.25 198.760196  61.885371 19.807 -100.00 -100.00 -100.00
 241    10.306 57040.88231007 48.03 198.764919  61.883979 13.722 -100.00 -100.00 -100.00
 241    10.158 57040.88231066 33.69 198.769642  61.882586   -100 -100.00 -100.00 -100.00
