#   59.567  -1.502   5.798 ;Mean Elev.(m), Avg Gradient(m/km), RMS Gradient(m/km)
   8    64.023 54733.34328099 48.01 208.263254  65.105166   -100 -100.00 -100.00 -100.00
   8    63.872 54733.34328158 45.51 208.269224  65.105918  2.162 -100.00 -100.00 -100.00
   8    64.047 54733.34328217 47.62 208.275194  65.106670  4.687 -100.00 -100.00 -100.00
   8    64.179 54733.34328276 45.64 208.281165  65.107422   -100 -100.00 -100.00 -100.00
  12    64.217 54773.00586456 29.51 208.264660  65.105840 15.271 -100.00 -100.00 -100.00
  12    64.490 54773.00586515 29.49 208.270632  65.106592 14.395 -100.00 -100.00 -100.00
  12    64.246 54773.00586574 31.54 208.276603  65.107344 22.130 -100.00 -100.00 -100.00
  13    64.208 54782.92150570 25.40 208.269082  65.104807  9.992 -100.00 -100.00 -100.00
  13    64.222 54782.92150629 26.76 208.275053  65.105559 13.077 -100.00 -100.00 -100.00
  13    64.268 54782.92150688 26.53 208.281025  65.106311 12.836 -100.00 -100.00 -100.00
  14    64.080 54792.83714362 22.87 208.263691  65.104126  7.410 -100.00 -100.00 -100.00
  14    64.146 54792.83714421 22.87 208.269662  65.104879  7.664 -100.00 -100.00 -100.00
  14    64.198 54792.83714480 23.09 208.275634  65.105631  8.600 -100.00 -100.00 -100.00
  14    64.255 54792.83714539 22.32 208.281605  65.106383  6.764 -100.00 -100.00 -100.00
  25    64.287 54901.90922847 11.44 208.265639  65.105360  3.128 -100.00 -100.00 -100.00
  25    64.118 54901.90922906 11.92 208.271610  65.106112  4.001 -100.00 -100.00 -100.00
  25    64.352 54901.90922965 11.76 208.277582  65.106864  3.525 -100.00 -100.00 -100.00
  26    64.491 54911.82486749 10.81 208.266136  65.105622  3.167 -100.00 -100.00 -100.00
  26    64.465 54911.82486808 11.23 208.272107  65.106374  3.936 -100.00 -100.00 -100.00
  26    64.441 54911.82486867 11.33 208.278079  65.107126  4.351 -100.00 -100.00 -100.00
  29    64.197 54941.57177834 26.78 208.266349  65.107062 26.217 -100.00 -100.00 -100.00
  29    63.942 54941.57177893 26.34 208.272320  65.107814 27.704 -100.00 -100.00 -100.00
  30    64.225 54951.48741189 48.86 208.263843  65.104169  7.458 -100.00 -100.00 -100.00
  30    64.321 54951.48741248 49.24 208.269813  65.104921   -100 -100.00 -100.00 -100.00
  30    64.206 54951.48741307 51.30 208.275783  65.105674 12.361 -100.00 -100.00 -100.00
  30    64.361 54951.48741366 41.90 208.281753  65.106426   -100 -100.00 -100.00 -100.00
  31    64.258 54961.40305370 47.65 208.269053  65.103165 15.458 -100.00 -100.00 -100.00
  31    64.301 54961.40305429 45.75 208.275022  65.103917  8.863 -100.00 -100.00 -100.00
  31    64.342 54961.40305488 45.53 208.280992  65.104669 17.192 -100.00 -100.00 -100.00
  31    64.405 54961.40305547 43.30 208.286963  65.105421  4.704 -100.00 -100.00 -100.00
  32    64.104 54971.31870203 37.96 208.265212  65.103625   -100 -100.00 -100.00 -100.00
  32    64.292 54971.31870262 37.14 208.271182  65.104377   -100 -100.00 -100.00 -100.00
  32    64.376 54971.31870321 33.83 208.277151  65.105129 30.971 -100.00 -100.00 -100.00
  32    65.563 54971.31870380 32.20 208.283122  65.105881 24.456 -100.00 -100.00 -100.00
  33    64.194 54981.23434969 41.55 208.265092  65.105746   -100 -100.00 -100.00 -100.00
  33    64.345 54981.23435028 38.33 208.271062  65.106499   -100 -100.00 -100.00 -100.00
  33    64.422 54981.23435087 36.54 208.277032  65.107251 27.114 -100.00 -100.00 -100.00
  42    64.271 55070.47513593 50.31 208.260499  65.105441   -100 -100.00 -100.00 -100.00
  42    64.429 55070.47513652 50.70 208.266469  65.106194   -100 -100.00 -100.00 -100.00
  42    64.262 55070.47513711 51.26 208.272440  65.106946   -100 -100.00 -100.00 -100.00
  42    64.701 55070.47513770 48.80 208.278410  65.107699   -100 -100.00 -100.00 -100.00
  43    64.488 55080.39078578 52.67 208.268709  65.104554   -100 -100.00 -100.00 -100.00
  43    64.694 55080.39078638 48.33 208.274679  65.105306   -100 -100.00 -100.00 -100.00
  43    64.748 55080.39078697 46.54 208.280649  65.106058   -100 -100.00 -100.00 -100.00
  44    63.874 55090.30643312 37.97 208.268266  65.104775   -100 -100.00 -100.00 -100.00
  44    64.001 55090.30643371 36.04 208.274237  65.105527   -100 -100.00 -100.00 -100.00
  44    64.004 55090.30643430 36.06 208.280207  65.106279   -100 -100.00 -100.00 -100.00
  48   125.789 55129.96901132 21.54 208.265030  65.105574 30.876 -100.00 -100.00 -100.00
  48   125.675 55129.96901191 20.62 208.271001  65.106326 25.953 -100.00 -100.00 -100.00
  48   125.130 55129.96901250 24.23 208.276973  65.107078   -100 -100.00 -100.00 -100.00
  49    62.523 55139.88465121 35.17 208.268470  65.103972   -100 -100.00 -100.00 -100.00
  49    62.618 55139.88465180 33.96 208.274441  65.104724 30.316 -100.00 -100.00 -100.00
  49    62.724 55139.88465239 35.21 208.280412  65.105476   -100 -100.00 -100.00 -100.00
  49    62.817 55139.88465298 37.96 208.286384  65.106228   -100 -100.00 -100.00 -100.00
  50    63.665 55149.80028973 34.61 208.267470  65.104133   -100 -100.00 -100.00 -100.00
  50    63.744 55149.80029032 35.06 208.273441  65.104885   -100 -100.00 -100.00 -100.00
  50    63.897 55149.80029091 34.62 208.279412  65.105637   -100 -100.00 -100.00 -100.00
  50    64.580 55149.80029150 36.92 208.285384  65.106389 26.394 -100.00 -100.00 -100.00
  51    63.777 55159.71592780 24.68 208.263410  65.105708 11.349 -100.00 -100.00 -100.00
  51    63.576 55159.71592839 25.97 208.269381  65.106461 14.751 -100.00 -100.00 -100.00
  51    63.736 55159.71592898 27.94 208.275352  65.107213 20.060 -100.00 -100.00 -100.00
  60    63.695 55248.95673406 19.61 208.262791  65.106211  9.081 -100.00 -100.00 -100.00
  60    63.781 55248.95673465 21.59 208.268763  65.106963 14.618 -100.00 -100.00 -100.00
  60    63.751 55248.95673524 20.78 208.274734  65.107715 12.774 -100.00 -100.00 -100.00
  61    63.655 55258.87237327 21.03 208.263028  65.104742 12.288 -100.00 -100.00 -100.00
  61    63.761 55258.87237386 22.51 208.268999  65.105494 16.914 -100.00 -100.00 -100.00
  61    63.679 55258.87237445 22.03 208.274971  65.106246 15.759 -100.00 -100.00 -100.00
  61    63.731 55258.87237504 22.77 208.280943  65.106998 18.736 -100.00 -100.00 -100.00
  62    63.716 55268.78801163 18.13 208.261553  65.104629  8.298 -100.00 -100.00 -100.00
  62    63.878 55268.78801222 19.24 208.267524  65.105382 10.991 -100.00 -100.00 -100.00
  62    63.630 55268.78801281 21.83 208.273496  65.106134 16.731 -100.00 -100.00 -100.00
  62    63.755 55268.78801341 19.19 208.279467  65.106886 12.000 -100.00 -100.00 -100.00
  63    63.629 55278.70364975 19.74 208.259602  65.105633 10.787 -100.00 -100.00 -100.00
  63    63.631 55278.70365034 19.43 208.265573  65.106385 10.956 -100.00 -100.00 -100.00
  63    63.557 55278.70365093 20.87 208.271544  65.107137 15.583 -100.00 -100.00 -100.00
  63    63.533 55278.70365152 19.92 208.277516  65.107889 12.138 -100.00 -100.00 -100.00
  65    63.730 55298.53492163 43.17 208.263617  65.106048   -100 -100.00 -100.00 -100.00
  65    63.752 55298.53492222 40.59 208.269587  65.106801   -100 -100.00 -100.00 -100.00
  65    63.756 55298.53492281 43.79 208.275558  65.107553  6.300 -100.00 -100.00 -100.00
  66    63.762 55308.45056487 48.21 208.266338  65.104737  2.520 -100.00 -100.00 -100.00
  66    63.726 55308.45056546 48.00 208.272308  65.105489 10.263 -100.00 -100.00 -100.00
  66    63.684 55308.45056605 48.54 208.278279  65.106242 20.049 -100.00 -100.00 -100.00
  67    64.269 55318.36621138 44.63 208.270772  65.104283  2.764 -100.00 -100.00 -100.00
  67    64.357 55318.36621197 45.60 208.276741  65.105035  5.728 -100.00 -100.00 -100.00
  67    64.586 55318.36621256 44.41 208.282712  65.105787   -100 -100.00 -100.00 -100.00
  68    63.503 55328.28185617 46.58 208.267129  65.104366 19.300 -100.00 -100.00 -100.00
  68    63.612 55328.28185676 47.46 208.273098  65.105118 13.790 -100.00 -100.00 -100.00
  68    63.719 55328.28185735 44.97 208.279069  65.105870   -100 -100.00 -100.00 -100.00
  68    63.865 55328.28185794 47.15 208.285039  65.106621   -100 -100.00 -100.00 -100.00
  69   104.692 55338.19750020 21.76 208.260864  65.105488 32.507 -100.00 -100.00 -100.00
  69   106.644 55338.19750079 17.54 208.266834  65.106241   -100 -100.00 -100.00 -100.00
  69   110.172 55338.19750138 20.98 208.272804  65.106993   -100 -100.00 -100.00 -100.00
  69   110.470 55338.19750197 23.62 208.278775  65.107745 29.696 -100.00 -100.00 -100.00
  77    64.856 55417.52263572 48.16 208.262926  65.106514   -100 -100.00 -100.00 -100.00
  77    64.834 55417.52263631 47.93 208.268896  65.107267   -100 -100.00 -100.00 -100.00
  77    64.870 55417.52263690 51.66 208.274867  65.108019 26.260 -100.00 -100.00 -100.00
  78    64.642 55427.43828323 36.78 208.263626  65.105071   -100 -100.00 -100.00 -100.00
  78    64.686 55427.43828382 34.95 208.269596  65.105824   -100 -100.00 -100.00 -100.00
  78    64.702 55427.43828441 31.13 208.275566  65.106576 31.293 -100.00 -100.00 -100.00
  78    64.467 55427.43828500 29.64 208.281536  65.107328 30.506 -100.00 -100.00 -100.00
  79    64.214 55437.35392801 51.06 208.262980  65.104346 21.623 -100.00 -100.00 -100.00
  79    64.301 55437.35392860 52.69 208.268949  65.105098 24.605 -100.00 -100.00 -100.00
  79    64.381 55437.35392919 51.77 208.274919  65.105850 28.736 -100.00 -100.00 -100.00
  79    64.504 55437.35392978 49.04 208.280890  65.106602  2.565 -100.00 -100.00 -100.00
  80    64.135 55447.26957188 54.67 208.265538  65.105252   -100 -100.00 -100.00 -100.00
  80    64.163 55447.26957247 55.60 208.271509  65.106005 26.950 -100.00 -100.00 -100.00
  80    64.154 55447.26957306 53.30 208.277479  65.106756 20.806 -100.00 -100.00 -100.00
  81    64.209 55457.18521499 53.41 208.263545  65.106052 12.147 -100.00 -100.00 -100.00
  81    64.344 55457.18521558 49.55 208.269515  65.106804  2.556 -100.00 -100.00 -100.00
  81    64.377 55457.18521617 53.68 208.275486  65.107556 13.659 -100.00 -100.00 -100.00
  82    63.618 55467.10085709 50.00 208.258458  65.105983  1.272 -100.00 -100.00 -100.00
  82    63.755 55467.10085768 51.02 208.264429  65.106735   -100 -100.00 -100.00 -100.00
  82    63.735 55467.10085827 48.01 208.270400  65.107488   -100 -100.00 -100.00 -100.00
  82    63.662 55467.10085886 47.49 208.276371  65.108240  3.995 -100.00 -100.00 -100.00
  83    63.356 55477.01649691 50.13 208.263817  65.105879   -100 -100.00 -100.00 -100.00
  83    63.254 55477.01649750 49.76 208.269788  65.106632 12.123 -100.00 -100.00 -100.00
  83    63.551 55477.01649809 45.22 208.275759  65.107384   -100 -100.00 -100.00 -100.00
  84    63.127 55486.93213322 36.98 208.266305  65.104765   -100 -100.00 -100.00 -100.00
  84    63.180 55486.93213381 37.82 208.272276  65.105518   -100 -100.00 -100.00 -100.00
  84    63.236 55486.93213440 35.86 208.278247  65.106270   -100 -100.00 -100.00 -100.00
  85   112.603 55496.84776738  9.63 208.269335  65.104143 11.907 -100.00 -100.00 -100.00
  85   112.258 55496.84776797 15.52 208.275306  65.104895 10.021 -100.00 -100.00 -100.00
  85   111.151 55496.84776856 15.60 208.281277  65.105647 11.047 -100.00 -100.00 -100.00
  86    63.986 55506.76340319 37.15 208.264768  65.104295   -100 -100.00 -100.00 -100.00
  86    63.855 55506.76340379 39.26 208.270739  65.105048   -100 -100.00 -100.00 -100.00
  86    63.933 55506.76340438 42.30 208.276710  65.105800   -100 -100.00 -100.00 -100.00
  86    64.139 55506.76340497 42.41 208.282681  65.106552   -100 -100.00 -100.00 -100.00
  87    64.725 55516.67905338 45.45 208.260986  65.105662   -100 -100.00 -100.00 -100.00
  87    64.504 55516.67905398 46.48 208.266957  65.106415  1.347 -100.00 -100.00 -100.00
  87    64.707 55516.67905457 49.46 208.272928  65.107167   -100 -100.00 -100.00 -100.00
  87    64.448 55516.67905516 49.77 208.278900  65.107919 17.971 -100.00 -100.00 -100.00
  95    64.387 55596.00420146 20.65 208.263275  65.105296 12.258 -100.00 -100.00 -100.00
  95    64.578 55596.00420205 19.27 208.269246  65.106049  9.227 -100.00 -100.00 -100.00
  95    64.471 55596.00420264 18.36 208.275217  65.106801  7.634 -100.00 -100.00 -100.00
  96    64.405 55605.91983540 17.63 208.264672  65.104145  8.573 -100.00 -100.00 -100.00
  96    64.613 55605.91983599 16.52 208.270643  65.104898  6.479 -100.00 -100.00 -100.00
  96    64.563 55605.91983658 15.76 208.276614  65.105650  5.524 -100.00 -100.00 -100.00
  96    64.598 55605.91983717 16.13 208.282585  65.106402  6.453 -100.00 -100.00 -100.00
  97    64.549 55615.83546727 13.36 208.265930  65.104110  3.918 -100.00 -100.00 -100.00
  97    64.381 55615.83546786 13.60 208.271900  65.104863  4.034 -100.00 -100.00 -100.00
  97    64.533 55615.83546845 13.62 208.277871  65.105615  3.833 -100.00 -100.00 -100.00
  97    64.383 55615.83546904 13.43 208.283843  65.106367  4.266 -100.00 -100.00 -100.00
  98    64.272 55625.75110864 12.51 208.263835  65.104855  3.306 -100.00 -100.00 -100.00
  98    64.451 55625.75110923 12.71 208.269806  65.105607  3.635 -100.00 -100.00 -100.00
  98    64.514 55625.75110983 12.56 208.275777  65.106360  3.274 -100.00 -100.00 -100.00
  98    64.435 55625.75111042 12.66 208.281749  65.107112  3.693 -100.00 -100.00 -100.00
  99    64.637 55635.66676035 12.83 208.260023  65.105153  4.371 -100.00 -100.00 -100.00
  99    64.475 55635.66676094 12.45 208.265994  65.105906  4.351 -100.00 -100.00 -100.00
  99    64.574 55635.66676153 12.10 208.271965  65.106659  3.961 -100.00 -100.00 -100.00
  99    64.494 55635.66676212 12.32 208.277936  65.107411  4.728 -100.00 -100.00 -100.00
 100    64.496 55645.58241043 13.28 208.261806  65.105270  5.341 -100.00 -100.00 -100.00
 100    64.578 55645.58241103 12.64 208.267776  65.106023  4.355 -100.00 -100.00 -100.00
 100    64.546 55645.58241162 12.88 208.273747  65.106775  5.626 -100.00 -100.00 -100.00
 100    64.419 55645.58241221 12.87 208.279718  65.107527  4.522 -100.00 -100.00 -100.00
 101    64.697 55655.49805803 12.92 208.266888  65.105130  4.510 -100.00 -100.00 -100.00
 101    64.459 55655.49805862 12.43 208.272858  65.105883  4.823 -100.00 -100.00 -100.00
 101    64.474 55655.49805921 12.45 208.278829  65.106635  4.364 -100.00 -100.00 -100.00
 102    64.560 55665.41370036 13.04 208.264028  65.104221  4.916 -100.00 -100.00 -100.00
 102    64.661 55665.41370095 12.22 208.269998  65.104974  5.285 -100.00 -100.00 -100.00
 102    64.628 55665.41370154 11.75 208.275968  65.105726  3.812 -100.00 -100.00 -100.00
 102    64.565 55665.41370213 11.92 208.281939  65.106478  3.821 -100.00 -100.00 -100.00
 103    64.485 55675.32934030 30.54 208.266081  65.104797   -100 -100.00 -100.00 -100.00
 103    64.318 55675.32934089 30.60 208.272051  65.105549   -100 -100.00 -100.00 -100.00
 103    64.353 55675.32934148 27.87 208.278022  65.106301 31.258 -100.00 -100.00 -100.00
 104   113.742 55685.24497810 23.37 208.262859  65.105506 17.354 -100.00 -100.00 -100.00
 104   113.123 55685.24497869 27.00 208.268829  65.106259 30.746 -100.00 -100.00 -100.00
 104   112.782 55685.24497928 16.57 208.274799  65.107011   -100 -100.00 -100.00 -100.00
 105   114.761 55695.16061455  6.01 208.257603  65.105871  9.241 -100.00 -100.00 -100.00
 105   114.954 55695.16061514 16.89 208.263574  65.106624  8.569 -100.00 -100.00 -100.00
 105   114.538 55695.16061573 15.14 208.269544  65.107376  6.988 -100.00 -100.00 -100.00
 105   111.608 55695.16061632 21.26 208.275515  65.108128   -100 -100.00 -100.00 -100.00
 113   113.102 55774.48576475 24.36 208.262432  65.104347 10.610 -100.00 -100.00 -100.00
 113   112.458 55774.48576534 23.75 208.268401  65.105100 30.890 -100.00 -100.00 -100.00
 113   112.250 55774.48576593 32.15 208.274371  65.105852   -100 -100.00 -100.00 -100.00
 113   114.108 55774.48576652 29.99 208.280342  65.106604   -100 -100.00 -100.00 -100.00
 114   117.456 55784.40140121 25.12 208.270354  65.104064 23.956 -100.00 -100.00 -100.00
 114   117.445 55784.40140180 31.52 208.276324  65.104816   -100 -100.00 -100.00 -100.00
 114   117.319 55784.40140239 18.06 208.282294  65.105568 21.878 -100.00 -100.00 -100.00
 115    64.814 55794.31703465 51.38 208.269291  65.104703   -100 -100.00 -100.00 -100.00
 115    64.673 55794.31703524 48.58 208.275261  65.105455   -100 -100.00 -100.00 -100.00
 115    64.701 55794.31703583 49.25 208.281231  65.106207  3.753 -100.00 -100.00 -100.00
 116    64.741 55804.23267148 51.32 208.264284  65.105537   -100 -100.00 -100.00 -100.00
 116    64.672 55804.23267207 54.76 208.270255  65.106290   -100 -100.00 -100.00 -100.00
 116    64.846 55804.23267266 49.16 208.276225  65.107042   -100 -100.00 -100.00 -100.00
 117    63.851 55814.14832105 48.91 208.263456  65.106255 24.757 -100.00 -100.00 -100.00
 117    63.898 55814.14832164 45.88 208.269426  65.107008 13.678 -100.00 -100.00 -100.00
 117    63.947 55814.14832223 42.47 208.275397  65.107760   -100 -100.00 -100.00 -100.00
 118    63.885 55824.06396865 35.02 208.265337  65.105499   -100 -100.00 -100.00 -100.00
 118    63.949 55824.06396924 37.69 208.271308  65.106252   -100 -100.00 -100.00 -100.00
 118    64.050 55824.06396983 35.13 208.277278  65.107004   -100 -100.00 -100.00 -100.00
 119    63.631 55833.97961128 51.28 208.264622  65.103852 11.569 -100.00 -100.00 -100.00
 119    63.737 55833.97961187 49.46 208.270592  65.104605   -100 -100.00 -100.00 -100.00
 119    63.873 55833.97961246 50.92 208.276563  65.105357  3.944 -100.00 -100.00 -100.00
 119    63.635 55833.97961305 53.90 208.282534  65.106109 24.859 -100.00 -100.00 -100.00
 120    63.682 55843.89525056 35.61 208.269900  65.103863   -100 -100.00 -100.00 -100.00
 120    63.494 55843.89525115 37.14 208.275871  65.104615   -100 -100.00 -100.00 -100.00
 120    63.657 55843.89525174 41.80 208.281842  65.105368   -100 -100.00 -100.00 -100.00
 120    63.634 55843.89525233 40.39 208.287813  65.106119   -100 -100.00 -100.00 -100.00
 121    63.423 55853.81088583 50.76 208.264220  65.104156   -100 -100.00 -100.00 -100.00
 121    63.275 55853.81088642 51.79 208.270191  65.104909 10.449 -100.00 -100.00 -100.00
 121    63.433 55853.81088701 45.43 208.276162  65.105661   -100 -100.00 -100.00 -100.00
 121    63.383 55853.81088760 53.72 208.282133  65.106414 11.908 -100.00 -100.00 -100.00
 122    63.327 55863.72652300 42.40 208.261563  65.105770   -100 -100.00 -100.00 -100.00
 122    63.625 55863.72652359 43.65 208.267534  65.106523   -100 -100.00 -100.00 -100.00
 122    63.388 55863.72652418 45.64 208.273505  65.107275   -100 -100.00 -100.00 -100.00
 133    64.379 55972.79861365 12.08 208.266884  65.104941  4.435 -100.00 -100.00 -100.00
 133    64.167 55972.79861424 12.61 208.272855  65.105694  5.003 -100.00 -100.00 -100.00
 133    64.243 55972.79861483 11.92 208.278826  65.106446  3.595 -100.00 -100.00 -100.00
 134    64.288 55982.71424910 11.40 208.259674  65.105946  3.647 -100.00 -100.00 -100.00
 134    64.126 55982.71424969 11.64 208.265644  65.106699  4.425 -100.00 -100.00 -100.00
 134    64.270 55982.71425028 11.49 208.271616  65.107451  4.069 -100.00 -100.00 -100.00
 134    64.368 55982.71425087 11.33 208.277587  65.108203  3.472 -100.00 -100.00 -100.00
 135    64.357 55992.62988340 11.48 208.259944  65.106171  3.514 -100.00 -100.00 -100.00
 135    64.316 55992.62988399 12.17 208.265915  65.106924  4.370 -100.00 -100.00 -100.00
 135    64.154 55992.62988458 12.08 208.271886  65.107677  4.018 -100.00 -100.00 -100.00
 136    64.314 56002.54553204 11.81 208.264275  65.105584  4.256 -100.00 -100.00 -100.00
 136    64.271 56002.54553263 12.69 208.270245  65.106336  5.482 -100.00 -100.00 -100.00
 136    64.182 56002.54553322 12.35 208.276216  65.107089  4.606 -100.00 -100.00 -100.00
 137    64.033 56012.46118162 11.63 208.265742  65.103977  5.220 -100.00 -100.00 -100.00
 137    64.183 56012.46118221 11.33 208.271712  65.104730  3.896 -100.00 -100.00 -100.00
 137    64.114 56012.46118280 11.55 208.277682  65.105482  4.291 -100.00 -100.00 -100.00
 137    64.134 56012.46118339 12.15 208.283652  65.106234  6.085 -100.00 -100.00 -100.00
 139    63.441 56032.29247114 37.89 208.265751  65.105437  7.049 -100.00 -100.00 -100.00
 139    63.543 56032.29247173 38.52 208.271721  65.106189 17.558 -100.00 -100.00 -100.00
 139    63.652 56032.29247232 31.66 208.277692  65.106941   -100 -100.00 -100.00 -100.00
 148    64.657 56121.53324043 46.96 208.258946  65.105916  9.794 -100.00 -100.00 -100.00
 148    64.717 56121.53324102 45.40 208.264916  65.106669  2.896 -100.00 -100.00 -100.00
 148    64.844 56121.53324161 44.43 208.270887  65.107421  4.571 -100.00 -100.00 -100.00
 148    64.778 56121.53324220 43.51 208.276857  65.108174  2.024 -100.00 -100.00 -100.00
 149    64.629 56131.44887640 52.64 208.265154  65.103848  0.799 -100.00 -100.00 -100.00
 149    64.772 56131.44887699 55.83 208.271124  65.104600   -100 -100.00 -100.00 -100.00
 149    64.803 56131.44887758 52.50 208.277094  65.105353  1.110 -100.00 -100.00 -100.00
 149    64.613 56131.44887817 55.23 208.283064  65.106105   -100 -100.00 -100.00 -100.00
 150    64.738 56141.36451216 55.09 208.271519  65.103404   -100 -100.00 -100.00 -100.00
 150    65.063 56141.36451275 53.04 208.277488  65.104156   -100 -100.00 -100.00 -100.00
 150    65.049 56141.36451334 52.44 208.283458  65.104908   -100 -100.00 -100.00 -100.00
 150    65.013 56141.36451393 51.72 208.289428  65.105660 26.174 -100.00 -100.00 -100.00
 151    64.359 56151.28016247 55.04 208.263889  65.104213 27.057 -100.00 -100.00 -100.00
 151    64.664 56151.28016306 52.91 208.269858  65.104965   -100 -100.00 -100.00 -100.00
 151    64.479 56151.28016365 55.55 208.275828  65.105718 30.081 -100.00 -100.00 -100.00
 151    64.486 56151.28016424 53.36 208.281799  65.106470 17.175 -100.00 -100.00 -100.00
 152    64.254 56161.19581140 52.74 208.259707  65.106142 18.413 -100.00 -100.00 -100.00
 152    64.221 56161.19581199 51.56 208.265677  65.106894 14.708 -100.00 -100.00 -100.00
 152    64.447 56161.19581258 48.77 208.271648  65.107646   -100 -100.00 -100.00 -100.00
 154   112.211 56181.02710199  4.31 208.259247  65.105824  8.270 -100.00 -100.00 -100.00
 154   111.718 56181.02710258 12.07 208.265218  65.106577 11.506 -100.00 -100.00 -100.00
 154   113.280 56181.02710317 12.12 208.271189  65.107329 10.631 -100.00 -100.00 -100.00
 154   113.613 56181.02710376  9.13 208.277160  65.108081  9.663 -100.00 -100.00 -100.00
 155    64.039 56190.94274182 50.23 208.265874  65.104683   -100 -100.00 -100.00 -100.00
 155    64.155 56190.94274241 48.02 208.271845  65.105435   -100 -100.00 -100.00 -100.00
 155    64.112 56190.94274300 50.19 208.277815  65.106188  4.992 -100.00 -100.00 -100.00
 155    64.112 56190.94274359 47.51 208.283787  65.106940   -100 -100.00 -100.00 -100.00
 156    64.316 56200.85837842 50.99 208.267599  65.104081  5.261 -100.00 -100.00 -100.00
 156    64.388 56200.85837901 52.89 208.273569  65.104833 18.303 -100.00 -100.00 -100.00
 156    64.336 56200.85837960 49.83 208.279541  65.105586 29.241 -100.00 -100.00 -100.00
 156    64.348 56200.85838019 44.40 208.285512  65.106337  8.541 -100.00 -100.00 -100.00
 157    63.770 56210.77401242 37.41 208.264972  65.105090   -100 -100.00 -100.00 -100.00
 157    64.053 56210.77401301 35.31 208.270943  65.105843   -100 -100.00 -100.00 -100.00
 157    63.924 56210.77401360 34.68 208.276914  65.106595   -100 -100.00 -100.00 -100.00
 167    64.777 56309.93046794 15.19 208.265219  65.105099  3.946 -100.00 -100.00 -100.00
 167    64.656 56309.93046853 15.29 208.271190  65.105852  3.856 -100.00 -100.00 -100.00
 167    64.678 56309.93046912 15.71 208.277161  65.106604  4.139 -100.00 -100.00 -100.00
 168    64.581 56319.84610998 19.49 208.268724  65.104530 10.319 -100.00 -100.00 -100.00
 168    64.690 56319.84611057 18.35 208.274695  65.105282  7.804 -100.00 -100.00 -100.00
 168    64.777 56319.84611116 17.37 208.280667  65.106034  6.859 -100.00 -100.00 -100.00
 169    64.554 56329.76175035 19.09 208.262695  65.104862  9.180 -100.00 -100.00 -100.00
 169    64.665 56329.76175094 18.02 208.268666  65.105614  6.356 -100.00 -100.00 -100.00
 169    64.762 56329.76175153 16.81 208.274637  65.106366  5.443 -100.00 -100.00 -100.00
 169    64.788 56329.76175212 16.42 208.280609  65.107118  4.598 -100.00 -100.00 -100.00
 170    64.484 56339.67739085 17.23 208.265413  65.106911  6.483 -100.00 -100.00 -100.00
 170    64.501 56339.67739144 17.61 208.271385  65.107663  6.867 -100.00 -100.00 -100.00
 172    64.395 56359.50866497 19.56 208.264235  65.106061  9.580 -100.00 -100.00 -100.00
 172    64.528 56359.50866556 18.09 208.270205  65.106814  7.742 -100.00 -100.00 -100.00
 172    64.605 56359.50866615 17.49 208.276176  65.107566  6.684 -100.00 -100.00 -100.00
 173    64.320 56369.42431528 19.32 208.265494  65.105000 11.800 -100.00 -100.00 -100.00
 173    64.700 56369.42431587 17.47 208.271464  65.105752  7.213 -100.00 -100.00 -100.00
 173    64.628 56369.42431646 17.01 208.277434  65.106505  7.424 -100.00 -100.00 -100.00
 175    64.317 56389.25560771 21.73 208.260772  65.106276 15.076 -100.00 -100.00 -100.00
 175    64.364 56389.25560830 21.15 208.266742  65.107028 14.274 -100.00 -100.00 -100.00
 175    64.341 56389.25560889 21.53 208.272713  65.107780 17.430 -100.00 -100.00 -100.00
 184    65.088 56478.49640312 48.92 208.262216  65.106336   -100 -100.00 -100.00 -100.00
 184    65.067 56478.49640372 54.90 208.268186  65.107088   -100 -100.00 -100.00 -100.00
 184    65.184 56478.49640431 51.62 208.274156  65.107840   -100 -100.00 -100.00 -100.00
 185    64.767 56488.41204082 48.07 208.263153  65.104948   -100 -100.00 -100.00 -100.00
 185    64.780 56488.41204141 51.67 208.269123  65.105701   -100 -100.00 -100.00 -100.00
 185    64.527 56488.41204200 50.48 208.275093  65.106453  8.495 -100.00 -100.00 -100.00
 185    64.754 56488.41204259 46.67 208.281063  65.107205   -100 -100.00 -100.00 -100.00
 187    64.909 56508.24330989 44.74 208.261768  65.104517   -100 -100.00 -100.00 -100.00
 187    64.754 56508.24331048 49.23 208.267737  65.105269 15.467 -100.00 -100.00 -100.00
 187    65.082 56508.24331107 43.76 208.273707  65.106022   -100 -100.00 -100.00 -100.00
 187    65.010 56508.24331166 38.57 208.279678  65.106774 32.237 -100.00 -100.00 -100.00
 188    64.723 56518.15894904 49.26 208.265075  65.105819   -100 -100.00 -100.00 -100.00
 188    64.719 56518.15894963 50.28 208.271046  65.106572   -100 -100.00 -100.00 -100.00
 188    64.670 56518.15895022 51.03 208.277016  65.107325  7.351 -100.00 -100.00 -100.00
 189    64.496 56528.07460286 50.23 208.260726  65.106064  1.512 -100.00 -100.00 -100.00
 189    64.727 56528.07460345 51.82 208.266697  65.106816  2.588 -100.00 -100.00 -100.00
 189    64.652 56528.07460404 50.68 208.272667  65.107569  9.457 -100.00 -100.00 -100.00
 190    64.056 56537.99025279 39.39 208.260716  65.105954   -100 -100.00 -100.00 -100.00
 190    64.471 56537.99025339 39.83 208.266687  65.106706   -100 -100.00 -100.00 -100.00
 190    64.454 56537.99025398 39.63 208.272658  65.107459   -100 -100.00 -100.00 -100.00
 191   127.419 56547.90589856 23.03 208.259329  65.105234 32.671 -100.00 -100.00 -100.00
 191   127.333 56547.90589915 24.48 208.265299  65.105986   -100 -100.00 -100.00 -100.00
 191   127.004 56547.90589974 21.67 208.271270  65.106739   -100 -100.00 -100.00 -100.00
 191   126.981 56547.90590033 19.45 208.277242  65.107491 26.261 -100.00 -100.00 -100.00
 192    64.109 56557.82154213 45.98 208.261516  65.105909  2.782 -100.00 -100.00 -100.00
 192    63.989 56557.82154272 46.57 208.267487  65.106662 16.511 -100.00 -100.00 -100.00
 192    64.213 56557.82154331 42.02 208.273459  65.107414   -100 -100.00 -100.00 -100.00
 201    64.485 56647.06232813 17.33 208.261649  65.106242  4.294 -100.00 -100.00 -100.00
 201    64.480 56647.06232872 18.21 208.267620  65.106995  5.646 -100.00 -100.00 -100.00
 201    64.563 56647.06232931 17.88 208.273591  65.107747  5.012 -100.00 -100.00 -100.00
 202    64.274 56656.97798037 18.48 208.263536  65.105671  8.196 -100.00 -100.00 -100.00
 202    64.501 56656.97798096 17.31 208.269508  65.106424  7.241 -100.00 -100.00 -100.00
 202    64.595 56656.97798155 17.02 208.275479  65.107176  6.541 -100.00 -100.00 -100.00
 203    64.266 56666.89362816 17.38 208.264203  65.105158  6.228 -100.00 -100.00 -100.00
 203    64.359 56666.89362875 19.08 208.270174  65.105910  9.534 -100.00 -100.00 -100.00
 203    64.219 56666.89362934 17.54 208.276146  65.106662  7.150 -100.00 -100.00 -100.00
 205    64.296 56686.72491718 19.75 208.262996  65.106498  8.855 -100.00 -100.00 -100.00
 205    64.247 56686.72491777 18.88 208.268967  65.107251  7.570 -100.00 -100.00 -100.00
 205    64.461 56686.72491836 18.40 208.274939  65.108003  6.441 -100.00 -100.00 -100.00
 207    64.534 56706.55619617 18.43 208.260785  65.106098  6.492 -100.00 -100.00 -100.00
 207    64.610 56706.55619677 18.61 208.266755  65.106850  7.918 -100.00 -100.00 -100.00
 207    64.787 56706.55619736 16.94 208.272726  65.107603  5.001 -100.00 -100.00 -100.00
 208    64.424 56716.47183025 17.76 208.262603  65.105281  7.397 -100.00 -100.00 -100.00
 208    64.215 56716.47183084 18.29 208.268573  65.106034  7.522 -100.00 -100.00 -100.00
 208    64.065 56716.47183143 18.20 208.274544  65.106786  8.286 -100.00 -100.00 -100.00
 208    64.390 56716.47183203 17.73 208.280515  65.107538  6.916 -100.00 -100.00 -100.00
 219    64.081 56825.54393462 46.60 208.259057  65.106020   -100 -100.00 -100.00 -100.00
 219    64.066 56825.54393521 49.41 208.265027  65.106772   -100 -100.00 -100.00 -100.00
 219    64.053 56825.54393580 48.12 208.270998  65.107524   -100 -100.00 -100.00 -100.00
 219    64.132 56825.54393639 47.51 208.276969  65.108276   -100 -100.00 -100.00 -100.00
 220   206.137 56835.45957067  2.15 208.272860  65.106070 10.054 -100.00 -100.00 -100.00
 220   116.697 56835.45957126  8.92 208.278830  65.106822  8.179 -100.00 -100.00 -100.00
 221    65.254 56845.37520158 49.73 208.266770  65.104937   -100 -100.00 -100.00 -100.00
 221    65.312 56845.37520217 46.60 208.272740  65.105689   -100 -100.00 -100.00 -100.00
 221    65.529 56845.37520276 43.73 208.278710  65.106442   -100 -100.00 -100.00 -100.00
 222    64.938 56855.29084807 48.80 208.264444  65.105888  1.115 -100.00 -100.00 -100.00
 222    65.368 56855.29084866 49.06 208.270414  65.106640   -100 -100.00 -100.00 -100.00
 222    65.392 56855.29084925 45.71 208.276384  65.107392   -100 -100.00 -100.00 -100.00
 226    64.426 56894.95345014 44.38 208.259037  65.106055   -100 -100.00 -100.00 -100.00
 226    64.472 56894.95345073 45.39 208.265007  65.106807   -100 -100.00 -100.00 -100.00
 226    64.512 56894.95345132 46.13 208.270979  65.107560   -100 -100.00 -100.00 -100.00
 226    64.571 56894.95345191 44.70 208.276950  65.108312   -100 -100.00 -100.00 -100.00
 237    64.798 57004.02550214 23.39 208.264340  65.105576  9.459 -100.00 -100.00 -100.00
 237    64.661 57004.02550273 22.34 208.270311  65.106329  7.952 -100.00 -100.00 -100.00
 237    64.768 57004.02550332 23.03 208.276282  65.107081  8.925 -100.00 -100.00 -100.00
 238    64.621 57013.94115814 23.06 208.263923  65.104100 10.178 -100.00 -100.00 -100.00
 238    64.731 57013.94115873 21.06 208.269893  65.104852  7.089 -100.00 -100.00 -100.00
 238    64.780 57013.94115932 22.50 208.275865  65.105605  8.509 -100.00 -100.00 -100.00
 238    64.789 57013.94115991 21.58 208.281836  65.106357  6.522 -100.00 -100.00 -100.00
 239    64.705 57023.85680958 18.34 208.267654  65.104879  5.022 -100.00 -100.00 -100.00
 239    64.620 57023.85681017 18.67 208.273625  65.105631  5.319 -100.00 -100.00 -100.00
 239    64.597 57023.85681076 18.69 208.279597  65.106383  5.677 -100.00 -100.00 -100.00
 240    64.803 57033.77245727 17.80 208.257753  65.105841  5.168 -100.00 -100.00 -100.00
 240    64.568 57033.77245786 18.07 208.263724  65.106593  5.099 -100.00 -100.00 -100.00
 240    64.749 57033.77245845 18.27 208.269695  65.107346  4.692 -100.00 -100.00 -100.00
 240    64.631 57033.77245904 19.25 208.275667  65.108098  7.222 -100.00 -100.00 -100.00
