#   59.567  -1.502   5.798 ;Mean Elev.(m), Avg Gradient(m/km), RMS Gradient(m/km)
   8 208.272209  65.106294    64.030    64.035  4 54733.34328188 46.841
  12 208.270632  65.106592    64.318    64.246  3 54773.00586515 30.291
  13 208.275053  65.105559    64.232    64.222  3 54782.92150629 26.269
  14 208.272648  65.105255    64.170    64.172  4 54792.83714450 22.797
  25 208.271610  65.106112    64.252    64.287  3 54901.90922906 11.711
  26 208.272107  65.106374    64.466    64.465  3 54911.82486808 11.129
  29 208.269334  65.107438    64.069    64.069  2 54941.57177863 26.566
  30 208.272798  65.105298    64.278    64.273  4 54951.48741277 48.910
  31 208.278008  65.104293    64.327    64.322  4 54961.40305458 45.824
  32 208.274167  65.104753    64.584    64.334  4 54971.31870291 35.884
  33 208.271062  65.106499    64.321    64.345  3 54981.23435028 39.312
  42 208.269454  65.106570    64.416    64.350  4 55070.47513682 50.358
  43 208.274679  65.105306    64.643    64.694  3 55080.39078638 49.972
  44 208.274237  65.105527    63.959    64.001  3 55090.30643371 36.788
  48 208.271001  65.106326   125.531   125.675  3 55129.96901191 22.412
  49 208.277427  65.105100    62.671    62.671  4 55139.88465210 35.840
  50 208.276427  65.105261    63.971    63.820  4 55149.80029061 35.414
  51 208.269381  65.106461    63.697    63.736  3 55159.71592839 26.406
  60 208.268763  65.106963    63.742    63.751  3 55248.95673465 20.735
  61 208.271985  65.105870    63.706    63.705  4 55258.87237416 22.134
  62 208.270510  65.105758    63.745    63.735  4 55268.78801252 19.827
  63 208.268559  65.106761    63.588    63.593  4 55278.70365063 20.024
  65 208.269587  65.106801    63.746    63.752  3 55298.53492222 42.721
  66 208.272308  65.105489    63.724    63.726  3 55308.45056546 48.256
  67 208.276742  65.105035    64.404    64.357  3 55318.36621197 44.911
  68 208.276084  65.105494    63.675    63.666  4 55328.28185705 46.639
  69 208.269819  65.106617   107.995   108.408  4 55338.19750109 21.478
  77 208.268896  65.107267    64.853    64.856  3 55417.52263631 49.608
  78 208.272581  65.106200    64.624    64.664  4 55427.43828412 34.026
  79 208.271934  65.105474    64.350    64.341  4 55437.35392889 51.335
  80 208.271509  65.106004    64.151    64.154  3 55447.26957247 54.624
  81 208.269515  65.106804    64.310    64.344  3 55457.18521558 52.575
  82 208.267414  65.107112    63.693    63.699  4 55467.10085797 49.368
  83 208.269788  65.106632    63.387    63.356  3 55477.01649750 48.864
  84 208.272276  65.105518    63.181    63.180  3 55486.93213381 36.960
  85 208.275306  65.104895   112.004   112.258  3 55496.84776797 14.321
  86 208.273724  65.105424    63.978    63.960  4 55506.76340408 40.794
  87 208.269943  65.106791    64.596    64.606  4 55516.67905427 48.174
  95 208.269246  65.106049    64.478    64.471  3 55596.00420205 19.530
  96 208.273628  65.105274    64.545    64.580  4 55605.91983629 16.568
  97 208.274886  65.105239    64.461    64.458  4 55615.83546816 13.504
  98 208.272792  65.105984    64.418    64.443  4 55625.75110953 12.611
  99 208.268979  65.106282    64.545    64.534  4 55635.66676124 12.433
 100 208.270762  65.106399    64.510    64.521  4 55645.58241132 12.924
 101 208.272858  65.105883    64.544    64.474  3 55655.49805862 12.606
 102 208.272983  65.105350    64.603    64.597  4 55665.41370124 12.262
 103 208.272051  65.105549    64.385    64.353  3 55675.32934089 29.842
 104 208.268829  65.106259   113.216   113.123  3 55685.24497869 24.059
 105 208.266559  65.107000   113.965   114.650  4 55695.16061543 17.387
 113 208.271387  65.105476   112.979   112.780  4 55774.48576564 28.960
 114 208.276324  65.104816   117.407   117.445  3 55784.40140180 27.801
 115 208.275261  65.105455    64.730    64.701  3 55794.31703524 49.907
 116 208.270255  65.106290    64.753    64.741  3 55804.23267207 52.365
 117 208.269426  65.107008    63.899    63.898  3 55814.14832164 46.506
 118 208.271308  65.106252    63.961    63.949  3 55824.06396924 36.131
 119 208.273578  65.104981    63.719    63.686  4 55833.97961217 51.700
 120 208.278856  65.104991    63.617    63.645  4 55843.89525145 39.406
 121 208.273176  65.105285    63.378    63.403  4 55853.81088672 51.308
 122 208.267534  65.106523    63.447    63.388  3 55863.72652359 44.105
 133 208.272855  65.105694    64.263    64.243  3 55972.79861424 12.213
 134 208.268630  65.107075    64.263    64.279  4 55982.71424998 11.467
 135 208.265915  65.106924    64.275    64.316  3 55992.62988399 11.921
 136 208.270245  65.106336    64.256    64.271  3 56002.54553263 12.298
 137 208.274697  65.105106    64.116    64.124  4 56012.46118251 11.676
 139 208.271721  65.106189    63.546    63.543  3 56032.29247173 36.911
 148 208.267901  65.107045    64.749    64.748  4 56121.53324131 45.267
 149 208.274109  65.104976    64.704    64.700  4 56131.44887729 54.305
 150 208.280473  65.104532    64.966    65.031  4 56141.36451304 53.264
 151 208.272843  65.105342    64.497    64.483  4 56151.28016336 54.355
 152 208.265677  65.106894    64.308    64.254  3 56161.19581199 51.319
 154 208.268203  65.106953   112.705   112.745  4 56181.02710288 10.342
 155 208.274830  65.105812    64.105    64.112  4 56190.94274271 49.160
 156 208.276555  65.105209    64.347    64.342  4 56200.85837931 50.452
 157 208.270943  65.105843    63.916    63.924  3 56210.77401301 35.963
 167 208.271190  65.105852    64.704    64.678  3 56309.93046853 15.403
 168 208.274695  65.105282    64.683    64.690  3 56319.84611057 18.490
 169 208.271652  65.105990    64.692    64.713  4 56329.76175123 17.714
 170 208.268399  65.107287    64.493    64.493  2 56339.67739114 17.424
 172 208.270205  65.106814    64.509    64.528  3 56359.50866556 18.469
 173 208.271464  65.105752    64.549    64.628  3 56369.42431587 18.052
 175 208.266742  65.107028    64.341    64.341  3 56389.25560830 21.477
 184 208.268186  65.107088    65.113    65.088  3 56478.49640372 52.490
 185 208.272108  65.106077    64.707    64.761  4 56488.41204170 49.651
 187 208.270723  65.105646    64.939    64.959  4 56508.24331077 45.578
 188 208.271046  65.106572    64.704    64.719  3 56518.15894963 50.250
 189 208.266697  65.106816    64.625    64.652  3 56528.07460345 50.963
 190 208.266687  65.106706    64.327    64.454  3 56537.99025339 39.620
 191 208.268285  65.106362   127.184   127.168  4 56547.90589944 22.531
 192 208.267487  65.106662    64.104    64.109  3 56557.82154272 45.270
 201 208.267620  65.106995    64.509    64.485  3 56647.06232872 17.822
 202 208.269508  65.106424    64.457    64.501  3 56656.97798096 17.650
 203 208.270174  65.105910    64.281    64.266  3 56666.89362875 18.070
 205 208.268967  65.107251    64.335    64.296  3 56686.72491777 19.046
 207 208.266755  65.106850    64.644    64.610  3 56706.55619677 18.055
 208 208.271559  65.106410    64.273    64.303  4 56716.47183114 18.002
 219 208.268013  65.107148    64.083    64.073  4 56825.54393551 48.032
 220 208.275845  65.106446   161.417   161.417  2 56835.45957097  6.739
 221 208.272740  65.105689    65.365    65.312  3 56845.37520217 47.358
 222 208.270414  65.106640    65.233    65.368  3 56855.29084866 48.099
 226 208.267993  65.107184    64.495    64.492  4 56894.95345102 45.203
 237 208.270311  65.106329    64.742    64.768  3 57004.02550273 22.942
 238 208.272879  65.105229    64.730    64.755  4 57013.94115902 22.120
 239 208.273625  65.105631    64.641    64.620  3 57023.85681017 18.570
 240 208.266710  65.106969    64.688    64.690  4 57033.77245816 18.383
