# NaN NaN NaN ;Mean Elev.(m), Avg Gradient(m/km), RMS Gradient(m/km)
   1    46.992 54662.06333711 13.86 204.754955  64.839760  4.999 -100.00 -100.00 -100.00
   1    45.970 54662.06333770 13.81 204.760804  64.838923  5.305 -100.00 -100.00 -100.00
   4    47.150 54691.81026908 38.95 204.761853  64.840686   -100 -100.00 -100.00 -100.00
   4    46.561 54691.81026967 41.10 204.767702  64.839848 31.136 -100.00 -100.00 -100.00
   4    46.514 54691.81027026 34.77 204.773550  64.839011   -100 -100.00 -100.00 -100.00
  10   101.889 54751.30414921 17.49 204.750006  64.837616 10.730 -100.00 -100.00 -100.00
  10    98.305 54751.30414980 19.62 204.755854  64.836779 13.231 -100.00 -100.00 -100.00
  10   107.985 54751.30415039 25.85 204.761702  64.835941 17.532 -100.00 -100.00 -100.00
  10    92.212 54751.30415098 16.93 204.767549  64.835104  8.310 -100.00 -100.00 -100.00
  11    92.715 54761.21979597 22.86 204.752190  64.837446 14.779 -100.00 -100.00 -100.00
  11    90.513 54761.21979656 27.75 204.758038  64.836609 31.250 -100.00 -100.00 -100.00
  11    90.612 54761.21979715 12.41 204.763886  64.835771   -100 -100.00 -100.00 -100.00
  11   109.483 54761.21979775  4.33 204.769734  64.834934   -100 -100.00 -100.00 -100.00
  12    44.894 54771.13544002 40.91 204.750643  64.837026 19.467 -100.00 -100.00 -100.00
  12    44.570 54771.13544061 43.92 204.756491  64.836189 32.026 -100.00 -100.00 -100.00
  12    43.983 54771.13544120 39.68 204.762339  64.835351   -100 -100.00 -100.00 -100.00
  12    44.233 54771.13544179 37.62 204.768187  64.834513   -100 -100.00 -100.00 -100.00
  13    45.000 54781.05108097 35.21 204.749606  64.836525 28.179 -100.00 -100.00 -100.00
  13    44.749 54781.05108156 32.78 204.755455  64.835687 31.324 -100.00 -100.00 -100.00
  13    44.786 54781.05108215 28.49 204.761303  64.834850 20.085 -100.00 -100.00 -100.00
  13    44.417 54781.05108274 29.73 204.767151  64.834013 23.593 -100.00 -100.00 -100.00
  14    44.600 54790.96671947 32.34 204.749795  64.836275 31.459 -100.00 -100.00 -100.00
  14    44.674 54790.96672006 27.70 204.755644  64.835437 18.697 -100.00 -100.00 -100.00
  14    44.507 54790.96672065 28.95 204.761492  64.834600 23.166 -100.00 -100.00 -100.00
  17    44.466 54820.71363470 20.13 204.754760  64.839140 12.122 -100.00 -100.00 -100.00
  17    44.353 54820.71363529 20.69 204.760609  64.838303 12.051 -100.00 -100.00 -100.00
  17    44.252 54820.71363588 20.70 204.766458  64.837466 12.272 -100.00 -100.00 -100.00
  17    44.200 54820.71363647 22.36 204.772306  64.836629 15.916 -100.00 -100.00 -100.00
  18    68.836 54830.62928691  0.74 204.753889  64.839087  4.608 -100.00 -100.00 -100.00
  18    57.391 54830.62928750  5.92 204.759738  64.838250 12.739 -100.00 -100.00 -100.00
  18    44.844 54830.62928809 10.08 204.765586  64.837413 13.769 -100.00 -100.00 -100.00
  18    44.567 54830.62928868 11.21 204.771434  64.836575 11.165 -100.00 -100.00 -100.00
  19    67.895 54840.54492585  1.41 204.755369  64.838682  5.666 -100.00 -100.00 -100.00
  19    44.597 54840.54492644  9.46 204.761217  64.837845 18.946 -100.00 -100.00 -100.00
  19    44.449 54840.54492703 10.12 204.767065  64.837008 12.851 -100.00 -100.00 -100.00
  19    43.931 54840.54492762 13.84 204.772913  64.836170  8.271 -100.00 -100.00 -100.00
  20    97.976 54850.46057499  0.31 204.757098  64.838789  4.586 -100.00 -100.00 -100.00
  20    88.810 54850.46057558  0.87 204.762946  64.837951  5.390 -100.00 -100.00 -100.00
  21    44.191 54860.37622312  9.40 204.753634  64.840234  4.659 -100.00 -100.00 -100.00
  21    44.130 54860.37622371 10.33 204.759483  64.839397  6.004 -100.00 -100.00 -100.00
  21    44.407 54860.37622430 10.86 204.765331  64.838559  6.328 -100.00 -100.00 -100.00
  21    44.621 54860.37622489 10.71 204.771178  64.837721  6.148 -100.00 -100.00 -100.00
  23    44.517 54880.20751919  9.07 204.754518  64.839723  4.371 -100.00 -100.00 -100.00
  23    44.940 54880.20751978  9.33 204.760367  64.838885  4.596 -100.00 -100.00 -100.00
  23    44.849 54880.20752037 10.36 204.766215  64.838048  5.321 -100.00 -100.00 -100.00
  23    45.307 54880.20752096 10.35 204.772063  64.837210  5.393 -100.00 -100.00 -100.00
  24    44.790 54890.12316417  9.95 204.761235  64.836635  6.049 -100.00 -100.00 -100.00
  24    45.298 54890.12316476  8.84 204.767083  64.835797  3.968 -100.00 -100.00 -100.00
  25    44.936 54900.03880379  7.06 204.745175  64.836830  3.488 -100.00 -100.00 -100.00
  25    45.105 54900.03880438  7.55 204.751024  64.835993  4.224 -100.00 -100.00 -100.00
  25    45.996 54900.03880497  7.26 204.756872  64.835155  3.404 -100.00 -100.00 -100.00
  25    46.045 54900.03880556  7.72 204.762720  64.834318  4.038 -100.00 -100.00 -100.00
  26    44.683 54909.95444290  8.05 204.746144  64.836495  3.811 -100.00 -100.00 -100.00
  26    44.960 54909.95444349  8.41 204.751992  64.835658  4.700 -100.00 -100.00 -100.00
  26    45.353 54909.95444408  8.39 204.757840  64.834821  4.223 -100.00 -100.00 -100.00
  26    45.864 54909.95444467  8.43 204.763688  64.833983  3.851 -100.00 -100.00 -100.00
  27    44.652 54919.87008084  7.63 204.748467  64.837514  4.760 -100.00 -100.00 -100.00
  27    44.838 54919.87008143  7.94 204.754316  64.836676  4.006 -100.00 -100.00 -100.00
  27    45.133 54919.87008202  7.99 204.760164  64.835839  4.320 -100.00 -100.00 -100.00
  27    45.612 54919.87008261  8.04 204.766011  64.835001  4.450 -100.00 -100.00 -100.00
  28    44.693 54929.78571839  7.11 204.750326  64.838511  3.582 -100.00 -100.00 -100.00
  28    44.947 54929.78571898  7.70 204.756174  64.837674  5.059 -100.00 -100.00 -100.00
  28    45.089 54929.78571957  7.90 204.762022  64.836836  4.684 -100.00 -100.00 -100.00
  28    45.341 54929.78572016  8.93 204.767870  64.835999  6.259 -100.00 -100.00 -100.00
  29    44.094 54939.70135518 11.38 204.753849  64.837801  7.335 -100.00 -100.00 -100.00
  29    43.824 54939.70135577 12.42 204.759697  64.836964  7.994 -100.00 -100.00 -100.00
  29    43.852 54939.70135636 12.77 204.765545  64.836127  8.966 -100.00 -100.00 -100.00
  30    93.958 54949.61698982 12.64 204.751717  64.837029 30.671 -100.00 -100.00 -100.00
  30    67.742 54949.61699041  9.35 204.757565  64.836193  6.697 -100.00 -100.00 -100.00
  30    65.851 54949.61699100 10.25 204.763412  64.835356  7.961 -100.00 -100.00 -100.00
  31    98.969 54959.53262803 19.70 204.748979  64.836555 24.969 -100.00 -100.00 -100.00
  31    48.737 54959.53262862 30.22 204.754827  64.835718 25.365 -100.00 -100.00 -100.00
  31    91.860 54959.53262921 16.53 204.760674  64.834882 25.692 -100.00 -100.00 -100.00
  31    48.651 54959.53262980 38.49 204.766521  64.834045   -100 -100.00 -100.00 -100.00
  32   103.840 54969.44827654 21.04 204.748543  64.836950  8.601 -100.00 -100.00 -100.00
  32    98.292 54969.44827713 25.90 204.754391  64.836114 20.847 -100.00 -100.00 -100.00
  32    94.677 54969.44827772 31.10 204.760239  64.835277 29.558 -100.00 -100.00 -100.00
  32    94.816 54969.44827831 22.20 204.766085  64.834440 28.208 -100.00 -100.00 -100.00
  33   104.049 54979.36392430 18.51 204.753284  64.837631 15.979 -100.00 -100.00 -100.00
  33   100.076 54979.36392489  5.60 204.759132  64.836794  4.996 -100.00 -100.00 -100.00
  33    96.579 54979.36392548  5.59 204.764979  64.835957  7.253 -100.00 -100.00 -100.00
  35    48.945 54999.19521849 14.13 204.751179  64.839018 20.058 -100.00 -100.00 -100.00
  35    55.603 54999.19521908 13.72 204.757028  64.838181 10.989 -100.00 -100.00 -100.00
  35    49.892 54999.19521967 16.03 204.762876  64.837344 11.729 -100.00 -100.00 -100.00
  35    49.909 54999.19522026 19.18 204.768723  64.836506 13.190 -100.00 -100.00 -100.00
  36    68.683 55009.11086398 14.35 204.751104  64.838824 16.671 -100.00 -100.00 -100.00
  36    67.044 55009.11086457 12.68 204.756953  64.837987  9.595 -100.00 -100.00 -100.00
  36    55.468 55009.11086516 14.28 204.762801  64.837150 10.299 -100.00 -100.00 -100.00
  36    49.631 55009.11086575 17.69 204.768649  64.836313 13.767 -100.00 -100.00 -100.00
  37    47.072 55019.02650809 45.42 204.755025  64.838347 25.169 -100.00 -100.00 -100.00
  37    46.749 55019.02650868 50.39 204.760874  64.837510   -100 -100.00 -100.00 -100.00
  37    46.868 55019.02650927 53.26 204.766722  64.836673   -100 -100.00 -100.00 -100.00
  38    93.522 55028.94215031 20.87 204.753666  64.839597 12.378 -100.00 -100.00 -100.00
  38    93.298 55028.94215090 25.00 204.759515  64.838760 19.690 -100.00 -100.00 -100.00
  38    93.312 55028.94215149 29.21 204.765364  64.837923 28.199 -100.00 -100.00 -100.00
  38    93.332 55028.94215208 20.35 204.771212  64.837085   -100 -100.00 -100.00 -100.00
  39    95.236 55038.85779260 17.72 204.758595  64.840215 11.935 -100.00 -100.00 -100.00
  39    93.541 55038.85779320 21.82 204.764444  64.839377 15.507 -100.00 -100.00 -100.00
  39    92.821 55038.85779379 23.19 204.770292  64.838540   -100 -100.00 -100.00 -100.00
  39    91.024 55038.85779438 17.47 204.776140  64.837702  7.113 -100.00 -100.00 -100.00
  40    56.944 55048.77343323  8.78 204.758693  64.841028 16.853 -100.00 -100.00 -100.00
  40    72.338 55048.77343382  3.97 204.764541  64.840191  8.339 -100.00 -100.00 -100.00
  40    64.822 55048.77343441  4.88 204.770390  64.839353  8.980 -100.00 -100.00 -100.00
  40    60.919 55048.77343500  6.16 204.776238  64.838516 11.344 -100.00 -100.00 -100.00
  41    67.710 55058.68907185  5.14 204.757970  64.840198  8.724 -100.00 -100.00 -100.00
  41    65.797 55058.68907244  7.21 204.763818  64.839361 11.694 -100.00 -100.00 -100.00
  41    63.760 55058.68907303  6.49 204.769666  64.838524  9.737 -100.00 -100.00 -100.00
  41    45.272 55058.68907362 12.80 204.775514  64.837686 19.512 -100.00 -100.00 -100.00
  42    44.698 55068.60471040 19.05 204.752264  64.838695 15.757 -100.00 -100.00 -100.00
  42    44.959 55068.60471099 19.55 204.758113  64.837859 14.970 -100.00 -100.00 -100.00
  42    44.408 55068.60471158 20.14 204.763961  64.837022 17.662 -100.00 -100.00 -100.00
  42    44.359 55068.60471217 21.48 204.769808  64.836184 23.265 -100.00 -100.00 -100.00
  43    45.625 55078.52035988 26.48 204.746098  64.837089 29.038 -100.00 -100.00 -100.00
  43    45.453 55078.52036047 20.59 204.751946  64.836252 10.824 -100.00 -100.00 -100.00
  43    45.084 55078.52036106 24.06 204.757794  64.835415 19.536 -100.00 -100.00 -100.00
  43    44.591 55078.52036165 24.99 204.763641  64.834578 21.374 -100.00 -100.00 -100.00
  44    47.309 55088.43600748 37.84 204.745166  64.836714 15.620 -100.00 -100.00 -100.00
  44    46.036 55088.43600807 44.08 204.751014  64.835877 25.641 -100.00 -100.00 -100.00
  44    45.619 55088.43600866 52.00 204.756862  64.835040   -100 -100.00 -100.00 -100.00
  44    45.683 55088.43600925 45.24 204.762709  64.834203  4.495 -100.00 -100.00 -100.00
  45    45.202 55098.35165405 42.23 204.750143  64.837250 19.550 -100.00 -100.00 -100.00
  45    45.168 55098.35165464 52.74 204.755990  64.836413   -100 -100.00 -100.00 -100.00
  45    44.936 55098.35165523 57.43 204.761838  64.835576  2.554 -100.00 -100.00 -100.00
  45    45.038 55098.35165582 49.01 204.767685  64.834738   -100 -100.00 -100.00 -100.00
  46    91.797 55108.26729989 21.91 204.753044  64.838244 21.164 -100.00 -100.00 -100.00
  46    91.834 55108.26730048 26.73 204.758892  64.837407   -100 -100.00 -100.00 -100.00
  46    91.997 55108.26730107 30.25 204.764740  64.836569   -100 -100.00 -100.00 -100.00
  46    91.952 55108.26730166 17.73 204.770587  64.835732   -100 -100.00 -100.00 -100.00
  47    93.016 55118.18294467 21.07 204.753773  64.837826 13.499 -100.00 -100.00 -100.00
  47    91.024 55118.18294526 26.05 204.759621  64.836989 18.014 -100.00 -100.00 -100.00
  47    90.619 55118.18294586 30.32 204.765469  64.836152   -100 -100.00 -100.00 -100.00
  48    98.599 55128.09858635 15.75 204.745815  64.837063 16.169 -100.00 -100.00 -100.00
  48    99.561 55128.09858694 21.00 204.751664  64.836226 12.549 -100.00 -100.00 -100.00
  48    97.717 55128.09858753 18.79 204.757512  64.835389 11.838 -100.00 -100.00 -100.00
  48    93.251 55128.09858812  8.41 204.763360  64.834551 14.080 -100.00 -100.00 -100.00
  49    94.011 55138.01422633 17.92 204.742270  64.835945 10.596 -100.00 -100.00 -100.00
  49    90.418 55138.01422692 20.97 204.748118  64.835108 17.448 -100.00 -100.00 -100.00
  49    89.934 55138.01422751 25.04 204.753967  64.834271   -100 -100.00 -100.00 -100.00
  49   112.110 55138.01422810  2.24 204.759815  64.833434 12.387 -100.00 -100.00 -100.00
  50    99.991 55147.92986532  3.61 204.746309  64.835866  3.007 -100.00 -100.00 -100.00
  50   100.974 55147.92986591  4.17 204.752158  64.835029  3.096 -100.00 -100.00 -100.00
  50    99.557 55147.92986650  3.98 204.758006  64.834192  3.623 -100.00 -100.00 -100.00
  50   105.195 55147.92986709  2.63 204.763854  64.833355  2.859 -100.00 -100.00 -100.00
  51    44.518 55157.84550341 26.08 204.748139  64.838106 17.290 -100.00 -100.00 -100.00
  51    44.744 55157.84550400 25.43 204.753988  64.837269 13.907 -100.00 -100.00 -100.00
  51    44.654 55157.84550459 26.71 204.759837  64.836431 15.756 -100.00 -100.00 -100.00
  51    44.826 55157.84550518 25.20 204.765685  64.835594 11.900 -100.00 -100.00 -100.00
  52    44.780 55167.76114196 24.17 204.755875  64.839286 13.640 -100.00 -100.00 -100.00
  52    44.676 55167.76114255 24.19 204.761724  64.838448 12.555 -100.00 -100.00 -100.00
  52    45.048 55167.76114314 24.32 204.767572  64.837611 13.334 -100.00 -100.00 -100.00
  52    44.988 55167.76114373 23.44 204.773420  64.836773  9.786 -100.00 -100.00 -100.00
  53    45.083 55177.67677931 24.48 204.756667  64.840028 14.850 -100.00 -100.00 -100.00
  53    45.344 55177.67677990 21.05 204.762516  64.839191  8.251 -100.00 -100.00 -100.00
  53    45.248 55177.67678050 21.43 204.768364  64.838354  9.456 -100.00 -100.00 -100.00
  53    45.306 55177.67678109 21.20 204.774212  64.837516  8.820 -100.00 -100.00 -100.00
  54    69.802 55187.59242314  1.70 204.752156  64.839707  5.028 -100.00 -100.00 -100.00
  54    68.130 55187.59242373  2.10 204.758005  64.838870  5.224 -100.00 -100.00 -100.00
  54    74.490 55187.59242432  1.57 204.763853  64.838033  5.579 -100.00 -100.00 -100.00
  54    45.873 55187.59242491 11.21 204.769701  64.837196 15.998 -100.00 -100.00 -100.00
  55    68.394 55197.50807440  1.59 204.755385  64.838399  4.706 -100.00 -100.00 -100.00
  55    45.432 55197.50807499 10.27 204.761233  64.837561 15.793 -100.00 -100.00 -100.00
  55    45.213 55197.50807558 10.54 204.767081  64.836724 17.600 -100.00 -100.00 -100.00
  56    45.371 55207.42372386 10.74 204.752641  64.839330 21.164 -100.00 -100.00 -100.00
  56    45.399 55207.42372445 11.32 204.758489  64.838493 14.003 -100.00 -100.00 -100.00
  56    45.252 55207.42372504 14.25 204.764337  64.837656 10.294 -100.00 -100.00 -100.00
  56    45.061 55207.42372563 18.13 204.770185  64.836818  8.756 -100.00 -100.00 -100.00
  57    44.894 55217.33937342 11.40 204.757369  64.840051 16.058 -100.00 -100.00 -100.00
  57    44.963 55217.33937401 12.47 204.763217  64.839214 11.506 -100.00 -100.00 -100.00
  57    44.821 55217.33937460 15.55 204.769065  64.838376  8.585 -100.00 -100.00 -100.00
  57    44.729 55217.33937519 17.40 204.774913  64.837538  7.813 -100.00 -100.00 -100.00
  58    44.350 55227.25502176 16.16 204.755995  64.840531  7.585 -100.00 -100.00 -100.00
  58    44.577 55227.25502235 14.52 204.761844  64.839694  4.358 -100.00 -100.00 -100.00
  58    44.583 55227.25502294 15.37 204.767693  64.838856  6.112 -100.00 -100.00 -100.00
  58    44.639 55227.25502353 16.45 204.773540  64.838018  7.040 -100.00 -100.00 -100.00
  59    44.526 55237.17066766 14.57 204.756291  64.838845  5.022 -100.00 -100.00 -100.00
  59    44.498 55237.17066825 15.76 204.762139  64.838008  6.559 -100.00 -100.00 -100.00
  59    44.669 55237.17066884 15.31 204.767987  64.837170  6.401 -100.00 -100.00 -100.00
  60    44.409 55247.08630946 15.07 204.749513  64.836991  7.053 -100.00 -100.00 -100.00
  60    44.387 55247.08631005 15.39 204.755362  64.836154  7.144 -100.00 -100.00 -100.00
  60    44.390 55247.08631064 15.80 204.761210  64.835317  7.660 -100.00 -100.00 -100.00
  60    44.505 55247.08631123 15.15 204.767058  64.834479  6.391 -100.00 -100.00 -100.00
  62    80.703 55266.91758761  1.24 204.743440  64.836073  5.102 -100.00 -100.00 -100.00
  62    79.875 55266.91758879  0.31 204.755136  64.834399  4.401 -100.00 -100.00 -100.00
  62    80.666 55266.91758938  0.18 204.760984  64.833561  4.027 -100.00 -100.00 -100.00
  63    44.547 55276.83322626 13.02 204.748515  64.837551  5.418 -100.00 -100.00 -100.00
  63    44.507 55276.83322685 14.04 204.754363  64.836714  6.978 -100.00 -100.00 -100.00
  63    44.503 55276.83322744 13.74 204.760211  64.835877  5.881 -100.00 -100.00 -100.00
  63    44.609 55276.83322803 15.14 204.766059  64.835040  7.342 -100.00 -100.00 -100.00
  65    68.098 55296.66449896  7.09 204.754882  64.838365 13.317 -100.00 -100.00 -100.00
  65    66.630 55296.66449955  4.42 204.760730  64.837528  8.196 -100.00 -100.00 -100.00
  65    64.669 55296.66450014  4.87 204.766578  64.836691  8.999 -100.00 -100.00 -100.00
  66    85.779 55306.58013932  1.39 204.749710  64.837051  5.709 -100.00 -100.00 -100.00
  66    86.836 55306.58013991  1.29 204.755558  64.836215  6.481 -100.00 -100.00 -100.00
  66    73.164 55306.58014050  4.56 204.761405  64.835378 10.979 -100.00 -100.00 -100.00
  66    71.929 55306.58014109  7.14 204.767252  64.834541 16.726 -100.00 -100.00 -100.00
  67    97.280 55316.49578573  7.04 204.744579  64.835918  4.668 -100.00 -100.00 -100.00
  67    97.882 55316.49578632  6.19 204.750426  64.835082  4.744 -100.00 -100.00 -100.00
  67    98.607 55316.49578691 16.76 204.756273  64.834245 15.994 -100.00 -100.00 -100.00
  67    98.544 55316.49578750 15.38 204.762120  64.833408 17.160 -100.00 -100.00 -100.00
  68   100.989 55326.41143148 20.68 204.747839  64.835839 32.573 -100.00 -100.00 -100.00
  68   108.207 55326.41143207 27.12 204.753686  64.835002 28.060 -100.00 -100.00 -100.00
  68   104.403 55326.41143266 10.97 204.759533  64.834165 13.185 -100.00 -100.00 -100.00
  68   114.454 55326.41143325  3.54 204.765380  64.833328  5.278 -100.00 -100.00 -100.00
  69    45.779 55336.32707567 40.32 204.747686  64.838083 13.727 -100.00 -100.00 -100.00
  69    45.784 55336.32707626 45.67 204.753534  64.837246 15.481 -100.00 -100.00 -100.00
  69    45.435 55336.32707685 50.38 204.759381  64.836409 22.873 -100.00 -100.00 -100.00
  69    45.296 55336.32707744 50.66 204.765228  64.835572   -100 -100.00 -100.00 -100.00
  70    48.948 55346.24272031 29.15 204.756553  64.838899  9.779 -100.00 -100.00 -100.00
  70    48.652 55346.24272090 29.96 204.762401  64.838062 11.095 -100.00 -100.00 -100.00
  70    45.644 55346.24272149 33.04 204.768249  64.837224 17.098 -100.00 -100.00 -100.00
  71    49.389 55356.15836310 19.03 204.758630  64.839129  9.033 -100.00 -100.00 -100.00
  71    49.599 55356.15836369 23.09 204.764479  64.838291  9.534 -100.00 -100.00 -100.00
  71    49.723 55356.15836428 23.89 204.770326  64.837454 10.500 -100.00 -100.00 -100.00
  72    55.709 55366.07400341 13.06 204.755289  64.839136 17.138 -100.00 -100.00 -100.00
  72    49.691 55366.07400400 12.39 204.761138  64.838299 10.639 -100.00 -100.00 -100.00
  72    49.852 55366.07400459 16.15 204.766986  64.837461  8.414 -100.00 -100.00 -100.00
  72    49.723 55366.07400518 23.33 204.772833  64.836624 11.956 -100.00 -100.00 -100.00
  73    46.173 55375.98964259 44.39 204.755368  64.838710 24.934 -100.00 -100.00 -100.00
  73    45.815 55375.98964318 49.38 204.761217  64.837873   -100 -100.00 -100.00 -100.00
  73    45.947 55375.98964377 52.14 204.767065  64.837036   -100 -100.00 -100.00 -100.00
  73    45.726 55375.98964436 53.00 204.772912  64.836198  3.331 -100.00 -100.00 -100.00
  74    93.547 55385.90528061 25.32 204.754034  64.839613 14.039 -100.00 -100.00 -100.00
  74    93.033 55385.90528120 29.48 204.759883  64.838776 24.491 -100.00 -100.00 -100.00
  74    90.933 55385.90528179 33.15 204.765731  64.837939   -100 -100.00 -100.00 -100.00
  74    91.031 55385.90528238 22.53 204.771579  64.837101  8.252 -100.00 -100.00 -100.00
  75   102.999 55395.82091811 14.57 204.756480  64.840468 14.055 -100.00 -100.00 -100.00
  75   100.569 55395.82091870 17.03 204.762329  64.839631 15.166 -100.00 -100.00 -100.00
  75   105.088 55395.82091929 17.11 204.768177  64.838793  9.947 -100.00 -100.00 -100.00
  75    93.642 55395.82091988 22.21 204.774025  64.837956 18.879 -100.00 -100.00 -100.00
  76    94.065 55405.73655876 22.16 204.756230  64.841169 11.908 -100.00 -100.00 -100.00
  76    92.843 55405.73655935 26.13 204.762079  64.840332 15.686 -100.00 -100.00 -100.00
  76    91.876 55405.73655994 31.49 204.767927  64.839495 25.907 -100.00 -100.00 -100.00
  76    91.597 55405.73656053 23.01 204.773775  64.838657 15.057 -100.00 -100.00 -100.00
  77    73.829 55415.65221003  4.27 204.753868  64.839937  3.903 -100.00 -100.00 -100.00
  77    46.859 55415.65221062 12.96 204.759717  64.839101 16.295 -100.00 -100.00 -100.00
  77    45.196 55415.65221121 13.42 204.765565  64.838263 31.540 -100.00 -100.00 -100.00
  77    46.680 55415.65221180 17.40 204.771412  64.837426  9.114 -100.00 -100.00 -100.00
  78   103.749 55425.56785794 18.75 204.749448  64.837754  9.665 -100.00 -100.00 -100.00
  78   102.568 55425.56785853 16.70 204.755296  64.836917  8.275 -100.00 -100.00 -100.00
  78    96.114 55425.56785912 26.17 204.761143  64.836080 14.031 -100.00 -100.00 -100.00
  78    93.894 55425.56785971 29.34 204.766990  64.835243 20.858 -100.00 -100.00 -100.00
  79    46.926 55435.48350300 39.17 204.743921  64.836359 18.059 -100.00 -100.00 -100.00
  79    47.187 55435.48350359 44.15 204.749768  64.835522 25.365 -100.00 -100.00 -100.00
  79    46.478 55435.48350418 54.81 204.755616  64.834686   -100 -100.00 -100.00 -100.00
  79    46.942 55435.48350477 53.31 204.761463  64.833848   -100 -100.00 -100.00 -100.00
  80    46.298 55445.39914703 39.38 204.743571  64.836292 16.764 -100.00 -100.00 -100.00
  80    46.928 55445.39914762 44.44 204.749419  64.835456 17.925 -100.00 -100.00 -100.00
  80    46.115 55445.39914821 53.41 204.755266  64.834619   -100 -100.00 -100.00 -100.00
  80    46.466 55445.39914880 53.69 204.761113  64.833781   -100 -100.00 -100.00 -100.00
  81    73.399 55455.31479045  4.77 204.747016  64.837381  4.883 -100.00 -100.00 -100.00
  81    73.358 55455.31479104  4.81 204.752864  64.836544  4.441 -100.00 -100.00 -100.00
  81    71.623 55455.31479163  9.29 204.758712  64.835707 10.497 -100.00 -100.00 -100.00
  81    45.215 55455.31479222 13.35 204.764559  64.834870   -100 -100.00 -100.00 -100.00
  82    92.823 55465.23043325 21.09 204.751766  64.838499 11.043 -100.00 -100.00 -100.00
  82    91.612 55465.23043384 26.24 204.757614  64.837662 17.399 -100.00 -100.00 -100.00
  82    91.550 55465.23043443 30.53 204.763462  64.836824 24.795 -100.00 -100.00 -100.00
  82    91.139 55465.23043502 18.72 204.769310  64.835987 10.654 -100.00 -100.00 -100.00
  83    44.633 55475.14607300 36.51 204.753643  64.838345 24.375 -100.00 -100.00 -100.00
  83    44.246 55475.14607359 39.68 204.759492  64.837508   -100 -100.00 -100.00 -100.00
  83    44.152 55475.14607418 34.20 204.765340  64.836671   -100 -100.00 -100.00 -100.00
  83    44.533 55475.14607477 31.92 204.771188  64.835833 23.945 -100.00 -100.00 -100.00
  84    43.840 55485.06170902 34.64 204.747578  64.837690 28.090 -100.00 -100.00 -100.00
  84    43.665 55485.06170961 33.23 204.753427  64.836853   -100 -100.00 -100.00 -100.00
  84    43.492 55485.06171020 39.27 204.759276  64.836016   -100 -100.00 -100.00 -100.00
  84    43.995 55485.06171080 39.37 204.765124  64.835179   -100 -100.00 -100.00 -100.00
  85    90.713 55494.97734361 18.92 204.747881  64.836111 12.423 -100.00 -100.00 -100.00
  85    90.121 55494.97734420 23.13 204.753730  64.835274 25.719 -100.00 -100.00 -100.00
  85    90.074 55494.97734479  3.40 204.759578  64.834437 10.323 -100.00 -100.00 -100.00
  85   104.099 55494.97734538  1.15 204.765426  64.833600 21.333 -100.00 -100.00 -100.00
  86    99.506 55504.89297725  2.85 204.748940  64.836726  2.949 -100.00 -100.00 -100.00
  86   100.421 55504.89297784  1.56 204.754789  64.835890  4.623 -100.00 -100.00 -100.00
  86    98.937 55504.89297843  5.49 204.760637  64.835053  8.583 -100.00 -100.00 -100.00
  86    99.108 55504.89297902  7.72 204.766485  64.834215 10.214 -100.00 -100.00 -100.00
  87    45.063 55514.80862854 14.99 204.760220  64.836981   -100 -100.00 -100.00 -100.00
  87    64.824 55514.80862913  1.95 204.766068  64.836143  6.477 -100.00 -100.00 -100.00
  88   100.171 55524.72427748  1.00 204.754324  64.839862  4.934 -100.00 -100.00 -100.00
  88   101.156 55524.72427807  1.98 204.760173  64.839025  5.753 -100.00 -100.00 -100.00
  88    98.173 55524.72427866  2.91 204.766021  64.838188  6.135 -100.00 -100.00 -100.00
  88    94.270 55524.72427925  9.30 204.771870  64.837350 14.325 -100.00 -100.00 -100.00
  90    44.228 55544.55557146 14.47 204.757616  64.839070  7.787 -100.00 -100.00 -100.00
  90    44.155 55544.55557205 15.19 204.763464  64.838233  8.576 -100.00 -100.00 -100.00
  90    44.205 55544.55557264 16.90 204.769312  64.837395  9.974 -100.00 -100.00 -100.00
  91    44.143 55554.47121501 12.55 204.753644  64.838900  5.531 -100.00 -100.00 -100.00
  91    44.304 55554.47121560 13.10 204.759492  64.838063  5.633 -100.00 -100.00 -100.00
  91    44.401 55554.47121619 13.87 204.765340  64.837225  6.512 -100.00 -100.00 -100.00
  91    44.517 55554.47121679 15.06 204.771187  64.836388  9.228 -100.00 -100.00 -100.00
  94    77.429 55584.21814100  0.40 204.755489  64.839500  4.856 -100.00 -100.00 -100.00
  94    94.724 55584.21814277  0.00 204.773035  64.836987  5.139 -100.00 -100.00 -100.00
  95    44.224 55594.13377817 12.62 204.752919  64.838664  5.923 -100.00 -100.00 -100.00
  95    44.323 55594.13377876 13.03 204.758768  64.837827  6.142 -100.00 -100.00 -100.00
  95    44.462 55594.13377935 13.14 204.764617  64.836990  7.110 -100.00 -100.00 -100.00
  95    44.386 55594.13377994 14.38 204.770465  64.836152  8.840 -100.00 -100.00 -100.00
  96    44.109 55604.04941217 11.19 204.751554  64.837349  5.217 -100.00 -100.00 -100.00
  96    44.246 55604.04941276 12.03 204.757403  64.836512  6.659 -100.00 -100.00 -100.00
  96    44.446 55604.04941335 11.82 204.763252  64.835675  5.837 -100.00 -100.00 -100.00
  96    44.658 55604.04941394 12.52 204.769100  64.834837  6.704 -100.00 -100.00 -100.00
  99    69.977 55633.79633447  1.10 204.748879  64.838388  5.175 -100.00 -100.00 -100.00
  99    68.220 55633.79633507  1.23 204.754728  64.837552  4.554 -100.00 -100.00 -100.00
  99    66.209 55633.79633566  3.26 204.760577  64.836715  8.103 -100.00 -100.00 -100.00
  99    44.686 55633.79633625 10.25 204.766424  64.835877 15.979 -100.00 -100.00 -100.00
 100    83.621 55643.71198532  0.38 204.752518  64.838197  4.400 -100.00 -100.00 -100.00
 100    83.215 55643.71198591  0.00 204.758366  64.837360  3.995 -100.00 -100.00 -100.00
 100    65.368 55643.71198650  1.51 204.764214  64.836523  6.619 -100.00 -100.00 -100.00
 100    50.713 55643.71198709  8.90 204.770062  64.835685 17.410 -100.00 -100.00 -100.00
 103    96.539 55673.45891606  0.07 204.747715  64.836502  4.009 -100.00 -100.00 -100.00
 103    85.948 55673.45891665  0.57 204.753562  64.835665  5.654 -100.00 -100.00 -100.00
 104    72.190 55683.37455466  7.12 204.747794  64.837092  6.809 -100.00 -100.00 -100.00
 104    44.469 55683.37455525 14.90 204.753642  64.836255 23.536 -100.00 -100.00 -100.00
 104    44.449 55683.37455584 15.26 204.759489  64.835418 17.299 -100.00 -100.00 -100.00
 104    44.592 55683.37455643 16.23 204.765336  64.834581 12.741 -100.00 -100.00 -100.00
 105    95.876 55693.29019211  3.47 204.751008  64.838569  6.809 -100.00 -100.00 -100.00
 105    79.918 55693.29019270  9.04 204.756856  64.837733 10.056 -100.00 -100.00 -100.00
 105   102.000 55693.29019329  5.43 204.762704  64.836896  6.419 -100.00 -100.00 -100.00
 105   100.612 55693.29019388  6.10 204.768551  64.836058  5.124 -100.00 -100.00 -100.00
 106    50.560 55703.20582852 20.80 204.759036  64.839463 12.876 -100.00 -100.00 -100.00
 106    46.207 55703.20582911 28.24 204.764885  64.838626 24.732 -100.00 -100.00 -100.00
 106    50.762 55703.20582971 28.04 204.770733  64.837789 14.657 -100.00 -100.00 -100.00
 107    49.860 55713.12147240 36.69 204.755197  64.840697 15.324 -100.00 -100.00 -100.00
 107    49.857 55713.12147299 42.43 204.761046  64.839860 19.455 -100.00 -100.00 -100.00
 107    49.505 55713.12147358 50.64 204.766894  64.839023   -100 -100.00 -100.00 -100.00
 107    49.203 55713.12147418 50.85 204.772743  64.838186   -100 -100.00 -100.00 -100.00
 108    46.710 55723.03712212 26.39 204.759195  64.839559 19.046 -100.00 -100.00 -100.00
 108    46.660 55723.03712271 25.17 204.765044  64.838721 16.186 -100.00 -100.00 -100.00
 108    46.443 55723.03712330 26.83 204.770892  64.837884 22.184 -100.00 -100.00 -100.00
 109   102.044 55732.95276901 19.83 204.754627  64.839691 18.030 -100.00 -100.00 -100.00
 109   103.481 55732.95276960 22.38 204.760475  64.838854 11.260 -100.00 -100.00 -100.00
 109   105.322 55732.95277019 21.46 204.766324  64.838016  9.791 -100.00 -100.00 -100.00
 109    95.672 55732.95277078 29.58 204.772172  64.837179 19.756 -100.00 -100.00 -100.00
 110    69.166 55742.86841494  9.85 204.752979  64.839796 10.539 -100.00 -100.00 -100.00
 110    47.587 55742.86841553 13.89 204.758828  64.838958 17.529 -100.00 -100.00 -100.00
 110    47.747 55742.86841612 15.52 204.764676  64.838121 14.354 -100.00 -100.00 -100.00
 110    47.587 55742.86841671 15.81 204.770524  64.837283 14.175 -100.00 -100.00 -100.00
 111    47.503 55752.78405998 26.15 204.755654  64.839286 22.410 -100.00 -100.00 -100.00
 111    46.869 55752.78406057 28.06 204.761502  64.838449 25.151 -100.00 -100.00 -100.00
 111    46.871 55752.78406116 27.82 204.767350  64.837611 25.888 -100.00 -100.00 -100.00
 111    46.777 55752.78406175 30.02 204.773198  64.836774 27.261 -100.00 -100.00 -100.00
 112    95.083 55762.69970218 20.07 204.752450  64.839059  9.619 -100.00 -100.00 -100.00
 112    93.323 55762.69970277 25.41 204.758298  64.838222 17.917 -100.00 -100.00 -100.00
 112    92.950 55762.69970336 29.50 204.764146  64.837385   -100 -100.00 -100.00 -100.00
 112    93.269 55762.69970395 17.20 204.769994  64.836547   -100 -100.00 -100.00 -100.00
 113    46.947 55772.61534181 12.78 204.751358  64.838060 22.850 -100.00 -100.00 -100.00
 113    47.043 55772.61534240 12.36 204.757206  64.837223 14.062 -100.00 -100.00 -100.00
 113    46.921 55772.61534299 14.47 204.763054  64.836386 11.200 -100.00 -100.00 -100.00
 113    46.685 55772.61534358 16.11 204.768901  64.835549 13.036 -100.00 -100.00 -100.00
 114   103.089 55782.53097806 21.38 204.751406  64.836777  9.914 -100.00 -100.00 -100.00
 114   104.106 55782.53097865 18.03 204.757253  64.835940  9.693 -100.00 -100.00 -100.00
 114    95.393 55782.53097924 27.45 204.763101  64.835103 14.877 -100.00 -100.00 -100.00
 115   103.590 55792.44661126 20.20 204.748210  64.837350 10.822 -100.00 -100.00 -100.00
 115   102.286 55792.44661185 15.25 204.754058  64.836513  8.088 -100.00 -100.00 -100.00
 115   107.652 55792.44661244 25.49 204.759905  64.835677 14.398 -100.00 -100.00 -100.00
 115    92.557 55792.44661303 28.45 204.765753  64.834840   -100 -100.00 -100.00 -100.00
 116    94.758 55802.36224516 20.16 204.748831  64.838419 11.709 -100.00 -100.00 -100.00
 116    92.639 55802.36224575 24.43 204.754679  64.837582 16.158 -100.00 -100.00 -100.00
 116    92.260 55802.36224634 29.68 204.760527  64.836745   -100 -100.00 -100.00 -100.00
 116    92.337 55802.36224693 19.17 204.766375  64.835908   -100 -100.00 -100.00 -100.00
 117   103.127 55812.27789574 16.10 204.755633  64.838060 11.674 -100.00 -100.00 -100.00
 117    98.384 55812.27789633 24.44 204.761481  64.837224 16.328 -100.00 -100.00 -100.00
 117    94.337 55812.27789692 28.30 204.767329  64.836386   -100 -100.00 -100.00 -100.00
 118    74.987 55822.19354366  6.64 204.751926  64.838516  5.281 -100.00 -100.00 -100.00
 118    97.003 55822.19354425  5.80 204.757775  64.837679  4.408 -100.00 -100.00 -100.00
 118    97.691 55822.19354484  6.09 204.763623  64.836842  3.252 -100.00 -100.00 -100.00
 118    98.086 55822.19354543  6.08 204.769471  64.836005  3.596 -100.00 -100.00 -100.00
 119    45.638 55832.10918742 25.42 204.754183  64.837498 23.419 -100.00 -100.00 -100.00
 119    45.340 55832.10918801 23.15 204.760031  64.836661 16.740 -100.00 -100.00 -100.00
 119    44.453 55832.10918860 27.00 204.765880  64.835824 31.154 -100.00 -100.00 -100.00
 120    45.246 55842.02482588 40.51 204.748019  64.837648 21.921 -100.00 -100.00 -100.00
 120    45.063 55842.02482647 45.87 204.753868  64.836812   -100 -100.00 -100.00 -100.00
 120    44.810 55842.02482706 56.66 204.759717  64.835975 11.289 -100.00 -100.00 -100.00
 120    45.038 55842.02482765 50.19 204.765565  64.835138   -100 -100.00 -100.00 -100.00
 121    90.874 55851.94046214 23.44 204.750717  64.837431 20.005 -100.00 -100.00 -100.00
 121    91.280 55851.94046273 28.50 204.756566  64.836594 13.388 -100.00 -100.00 -100.00
 121    90.531 55851.94046332 29.94 204.762415  64.835757 19.510 -100.00 -100.00 -100.00
 121    89.182 55851.94046391 19.61 204.768263  64.834920 19.797 -100.00 -100.00 -100.00
 122    90.446 55861.85609631 21.45 204.754238  64.838516 18.512 -100.00 -100.00 -100.00
 122    88.666 55861.85609690 25.63 204.760087  64.837679 24.235 -100.00 -100.00 -100.00
 122    88.423 55861.85609749  6.32 204.765936  64.836842 18.286 -100.00 -100.00 -100.00
 122   106.390 55861.85609808  3.69 204.771784  64.836005 32.000 -100.00 -100.00 -100.00
 123    91.086 55871.77175047 16.22 204.753345  64.839562 13.316 -100.00 -100.00 -100.00
 123    89.116 55871.77175106 18.20 204.759194  64.838725 16.103 -100.00 -100.00 -100.00
 123    88.848 55871.77175165  9.25 204.765043  64.837887 24.108 -100.00 -100.00 -100.00
 123   110.238 55871.77175224  0.66 204.770891  64.837050 13.241 -100.00 -100.00 -100.00
 135    43.811 55990.75946128 10.37 204.756720  64.838540  5.332 -100.00 -100.00 -100.00
 135    43.857 55990.75946187 10.59 204.762568  64.837703  5.876 -100.00 -100.00 -100.00
 135    44.758 55990.75946246 10.57 204.768416  64.836866  5.635 -100.00 -100.00 -100.00
 136    43.901 56000.67510578  8.94 204.749957  64.838755  4.574 -100.00 -100.00 -100.00
 136    43.949 56000.67510637  9.17 204.755805  64.837918  4.626 -100.00 -100.00 -100.00
 136    44.402 56000.67510697  8.65 204.761653  64.837081  4.601 -100.00 -100.00 -100.00
 136    44.514 56000.67510756  9.64 204.767501  64.836244  5.357 -100.00 -100.00 -100.00
 137    44.258 56010.59075654  8.55 204.751055  64.836901  4.910 -100.00 -100.00 -100.00
 137    44.474 56010.59075713  8.27 204.756903  64.836064  4.715 -100.00 -100.00 -100.00
 137    45.034 56010.59075772  8.31 204.762750  64.835227  4.749 -100.00 -100.00 -100.00
 138    44.137 56020.50640265  8.68 204.746245  64.836964  5.185 -100.00 -100.00 -100.00
 138    44.418 56020.50640324  9.13 204.752093  64.836128  5.170 -100.00 -100.00 -100.00
 138    44.386 56020.50640383  8.95 204.757940  64.835291  4.743 -100.00 -100.00 -100.00
 138    44.860 56020.50640442  8.95 204.763787  64.834454  5.152 -100.00 -100.00 -100.00
 139    44.303 56030.42204661 11.97 204.750865  64.837052  8.558 -100.00 -100.00 -100.00
 139    42.868 56030.42204720 15.36 204.756713  64.836215 13.791 -100.00 -100.00 -100.00
 139    42.559 56030.42204779 17.67 204.762560  64.835378 18.065 -100.00 -100.00 -100.00
 139    43.084 56030.42204838 16.17 204.768407  64.834540 14.547 -100.00 -100.00 -100.00
 141   102.894 56050.25332782 11.64 204.755599  64.839556 11.147 -100.00 -100.00 -100.00
 141   100.907 56050.25332841 13.16 204.761447  64.838719  8.742 -100.00 -100.00 -100.00
 141    96.751 56050.25332900 16.14 204.767295  64.837882 12.403 -100.00 -100.00 -100.00
 141    93.716 56050.25332959 21.66 204.773142  64.837044 29.428 -100.00 -100.00 -100.00
 142    93.974 56060.16896467 23.57 204.757323  64.840093 13.709 -100.00 -100.00 -100.00
 142    92.167 56060.16896526 28.80 204.763172  64.839256 27.591 -100.00 -100.00 -100.00
 142    92.002 56060.16896585 28.11 204.769020  64.838419   -100 -100.00 -100.00 -100.00
 142    92.173 56060.16896644 30.91 204.774868  64.837581 16.984 -100.00 -100.00 -100.00
 143    80.611 56070.08460091 10.40 204.757876  64.839860  8.029 -100.00 -100.00 -100.00
 143    84.857 56070.08460150  9.13 204.763724  64.839023  6.947 -100.00 -100.00 -100.00
 143    73.509 56070.08460210 12.71 204.769573  64.838185 13.564 -100.00 -100.00 -100.00
 143   100.379 56070.08460269  7.09 204.775421  64.837348  5.533 -100.00 -100.00 -100.00
 144    48.513 56080.00025178 19.51 204.757038  64.839286 18.163 -100.00 -100.00 -100.00
 144    48.183 56080.00025237 23.53 204.762887  64.838449 11.534 -100.00 -100.00 -100.00
 144    48.052 56080.00025296 24.40 204.768735  64.837612 12.137 -100.00 -100.00 -100.00
 144    47.828 56080.00025355 25.49 204.774583  64.836774 14.035 -100.00 -100.00 -100.00
 145    47.693 56089.91589981 16.75 204.755121  64.839601 25.865 -100.00 -100.00 -100.00
 145    47.625 56089.91590040 23.92 204.760970  64.838764 17.102 -100.00 -100.00 -100.00
 145    47.432 56089.91590099 25.49 204.766818  64.837927 22.464 -100.00 -100.00 -100.00
 145    47.321 56089.91590158 26.87 204.772665  64.837089 22.858 -100.00 -100.00 -100.00
 146    71.616 56099.83154563 10.55 204.755980  64.840109 12.446 -100.00 -100.00 -100.00
 146    66.386 56099.83154622 10.60 204.761829  64.839272 11.340 -100.00 -100.00 -100.00
 146    47.510 56099.83154681 14.15 204.767677  64.838435 13.252 -100.00 -100.00 -100.00
 146    47.272 56099.83154740 16.20 204.773525  64.837597 14.838 -100.00 -100.00 -100.00
 147    66.361 56109.74717726  9.45 204.754516  64.839928 12.030 -100.00 -100.00 -100.00
 147    46.863 56109.74717785 12.15 204.760364  64.839091 14.283 -100.00 -100.00 -100.00
 147    46.798 56109.74717844 13.13 204.766212  64.838253 11.557 -100.00 -100.00 -100.00
 147    46.706 56109.74717903 14.86 204.772060  64.837416 13.172 -100.00 -100.00 -100.00
 148   101.595 56119.66281769 21.78 204.754724  64.838225 14.949 -100.00 -100.00 -100.00
 148    97.888 56119.66281828 24.69 204.760572  64.837388 16.551 -100.00 -100.00 -100.00
 148    93.983 56119.66281887 30.80 204.766420  64.836551   -100 -100.00 -100.00 -100.00
 149   102.051 56129.57845362 15.05 204.746645  64.837477  9.600 -100.00 -100.00 -100.00
 149   106.998 56129.57845421 21.59 204.752493  64.836641 16.127 -100.00 -100.00 -100.00
 149    93.412 56129.57845480 26.66 204.758340  64.835804   -100 -100.00 -100.00 -100.00
 149    93.677 56129.57845539 19.29 204.764188  64.834967  0.403 -100.00 -100.00 -100.00
 150    69.040 56139.49408693  8.94 204.745507  64.837042 12.919 -100.00 -100.00 -100.00
 150    46.800 56139.49408752 12.26 204.751355  64.836205 16.546 -100.00 -100.00 -100.00
 150    46.787 56139.49408811 12.94 204.757202  64.835369 10.872 -100.00 -100.00 -100.00
 150    46.688 56139.49408870 15.31 204.763050  64.834532 12.716 -100.00 -100.00 -100.00
 151   103.764 56149.40973663 18.51 204.747370  64.837647  8.933 -100.00 -100.00 -100.00
 151   100.778 56149.40973722 14.54 204.753218  64.836810  8.842 -100.00 -100.00 -100.00
 151    95.226 56149.40973781 23.63 204.759066  64.835973 12.091 -100.00 -100.00 -100.00
 151    92.873 56149.40973840 26.70 204.764913  64.835136 19.510 -100.00 -100.00 -100.00
 152    93.406 56159.32538592 19.30 204.751353  64.838852  9.433 -100.00 -100.00 -100.00
 152    92.692 56159.32538651 18.16 204.757202  64.838016 22.270 -100.00 -100.00 -100.00
 152    90.776 56159.32538710 27.95 204.763050  64.837178  1.606 -100.00 -100.00 -100.00
 152    91.133 56159.32538769 25.28 204.768897  64.836341   -100 -100.00 -100.00 -100.00
 153   100.250 56169.24103359  9.48 204.751739  64.839485  9.098 -100.00 -100.00 -100.00
 153   102.581 56169.24103418 14.36 204.757588  64.838648 11.073 -100.00 -100.00 -100.00
 153    98.954 56169.24103477 15.42 204.763436  64.837811 12.573 -100.00 -100.00 -100.00
 153    95.607 56169.24103536 22.78 204.769284  64.836973 15.689 -100.00 -100.00 -100.00
 154    96.962 56179.15667803  7.33 204.751812  64.838239  9.118 -100.00 -100.00 -100.00
 154    71.926 56179.15667862 10.31 204.757661  64.837402 10.765 -100.00 -100.00 -100.00
 154    99.688 56179.15667921  8.47 204.763509  64.836564  9.537 -100.00 -100.00 -100.00
 154    71.600 56179.15667980  7.43 204.769357  64.835727  8.345 -100.00 -100.00 -100.00
 155   101.806 56189.07231766 16.65 204.745966  64.837392 15.205 -100.00 -100.00 -100.00
 155    72.077 56189.07231825  8.96 204.751815  64.836555  8.914 -100.00 -100.00 -100.00
 155    92.858 56189.07231884 21.84 204.757663  64.835718   -100 -100.00 -100.00 -100.00
 155   105.927 56189.07231943 18.38 204.763511  64.834881 10.609 -100.00 -100.00 -100.00
 156    71.752 56198.98795464  8.52 204.746300  64.836946  7.405 -100.00 -100.00 -100.00
 156    72.037 56198.98795523  8.15 204.752149  64.836110  5.979 -100.00 -100.00 -100.00
 156    56.989 56198.98795582 13.98 204.757998  64.835273 16.152 -100.00 -100.00 -100.00
 156    45.590 56198.98795641 16.28 204.763846  64.834435 15.504 -100.00 -100.00 -100.00
 157    93.005 56208.90358915 17.06 204.750300  64.838321   -100 -100.00 -100.00 -100.00
 157    71.965 56208.90358974  7.94 204.756149  64.837484  5.766 -100.00 -100.00 -100.00
 157   100.785 56208.90359033 23.67 204.761998  64.836647 24.822 -100.00 -100.00 -100.00
 157   101.226 56208.90359092 15.19 204.767846  64.835810 17.768 -100.00 -100.00 -100.00
 158    92.208 56218.81922198 21.65 204.755103  64.840525 16.040 -100.00 -100.00 -100.00
 158    90.762 56218.81922257 24.70 204.760952  64.839688 16.698 -100.00 -100.00 -100.00
 158    90.221 56218.81922316 29.46 204.766801  64.838851   -100 -100.00 -100.00 -100.00
 158    90.476 56218.81922375 14.27 204.772650  64.838014   -100 -100.00 -100.00 -100.00
 159    91.435 56228.73486928 21.84 204.762833  64.840798 19.141 -100.00 -100.00 -100.00
 159    89.483 56228.73486987 26.72 204.768682  64.839961   -100 -100.00 -100.00 -100.00
 159    89.699 56228.73487046  7.68 204.774531  64.839123 24.889 -100.00 -100.00 -100.00
 160    44.563 56238.65052308 38.53 204.760756  64.840263 29.012 -100.00 -100.00 -100.00
 160    44.385 56238.65052367 34.41 204.766605  64.839426 27.408 -100.00 -100.00 -100.00
 160    44.364 56238.65052426 33.35 204.772453  64.838589 22.700 -100.00 -100.00 -100.00
 161    44.461 56248.56617280 28.06 204.756315  64.839466 14.769 -100.00 -100.00 -100.00
 161    44.133 56248.56617339 31.12 204.762164  64.838629 24.489 -100.00 -100.00 -100.00
 161    44.309 56248.56617398 26.27 204.768012  64.837792 10.729 -100.00 -100.00 -100.00
 161    44.248 56248.56617457 27.38 204.773859  64.836954 14.573 -100.00 -100.00 -100.00
 162    44.806 56258.48181786 22.88 204.755146  64.838799 13.375 -100.00 -100.00 -100.00
 162    44.821 56258.48181845 25.90 204.760995  64.837962 19.931 -100.00 -100.00 -100.00
 162    44.782 56258.48181904 23.57 204.766843  64.837125 13.202 -100.00 -100.00 -100.00
 162    44.810 56258.48181963 22.08 204.772690  64.836287  9.643 -100.00 -100.00 -100.00
 163    44.792 56268.39746009 20.13 204.757482  64.839139  9.320 -100.00 -100.00 -100.00
 163    44.676 56268.39746068 20.24 204.763330  64.838302  8.284 -100.00 -100.00 -100.00
 163    44.659 56268.39746128 20.70 204.769178  64.837464  8.440 -100.00 -100.00 -100.00
 164    44.631 56278.31310021 18.82 204.756078  64.840128  6.264 -100.00 -100.00 -100.00
 164    44.533 56278.31310080 19.01 204.761927  64.839291  7.630 -100.00 -100.00 -100.00
 164    44.531 56278.31310139 19.85 204.767775  64.838453  8.286 -100.00 -100.00 -100.00
 164    44.346 56278.31310198 19.99 204.773623  64.837616  8.009 -100.00 -100.00 -100.00
 165    44.214 56288.22874937 20.14 204.755933  64.839791 10.407 -100.00 -100.00 -100.00
 165    44.236 56288.22874996 20.01 204.761781  64.838954 10.367 -100.00 -100.00 -100.00
 165    44.178 56288.22875055 20.23 204.767630  64.838117  9.791 -100.00 -100.00 -100.00
 165    43.983 56288.22875114 20.62 204.773478  64.837279 10.544 -100.00 -100.00 -100.00
 166    43.960 56298.14439776 20.73 204.749841  64.838469 12.857 -100.00 -100.00 -100.00
 166    44.130 56298.14439835 19.12 204.755690  64.837632  9.761 -100.00 -100.00 -100.00
 166    44.061 56298.14439894 19.79 204.761538  64.836795 11.178 -100.00 -100.00 -100.00
 166    44.037 56298.14439953 18.96 204.767386  64.835957  8.223 -100.00 -100.00 -100.00
 167    43.947 56308.06004269 14.40 204.748107  64.836237  5.060 -100.00 -100.00 -100.00
 167    43.882 56308.06004328 14.58 204.753955  64.835400  4.685 -100.00 -100.00 -100.00
 167    44.204 56308.06004388 14.09 204.759804  64.834563  4.300 -100.00 -100.00 -100.00
 167    43.942 56308.06004447 14.46 204.765651  64.833725  4.745 -100.00 -100.00 -100.00
 168    43.668 56317.97568495 15.40 204.746408  64.835469  6.874 -100.00 -100.00 -100.00
 168    43.741 56317.97568554 15.05 204.752256  64.834632  5.120 -100.00 -100.00 -100.00
 168    43.752 56317.97568613 16.06 204.758104  64.833795  7.507 -100.00 -100.00 -100.00
 168    43.950 56317.97568672 15.57 204.763952  64.832957  5.630 -100.00 -100.00 -100.00
 169    43.606 56327.89132635 16.05 204.750399  64.836468  6.499 -100.00 -100.00 -100.00
 169    43.756 56327.89132694 15.42 204.756248  64.835631  6.360 -100.00 -100.00 -100.00
 169    43.860 56327.89132753 15.72 204.762096  64.834793  6.378 -100.00 -100.00 -100.00
 170    43.397 56337.80696641 17.25 204.751302  64.838761  9.699 -100.00 -100.00 -100.00
 170    43.391 56337.80696700 18.26 204.757151  64.837924 10.153 -100.00 -100.00 -100.00
 170    43.398 56337.80696759 16.95 204.763000  64.837087  8.095 -100.00 -100.00 -100.00
 170    43.901 56337.80696818 16.25 204.768848  64.836249  7.014 -100.00 -100.00 -100.00
 171    43.361 56347.72260508 16.02 204.755561  64.839512  8.689 -100.00 -100.00 -100.00
 171    43.419 56347.72260567 15.46 204.761410  64.838675  6.401 -100.00 -100.00 -100.00
 171    43.789 56347.72260626 14.76 204.767258  64.837837  6.014 -100.00 -100.00 -100.00
 171    43.989 56347.72260685 14.55 204.773106  64.837000  5.883 -100.00 -100.00 -100.00
 173    44.080 56367.55388970 10.71 204.750899  64.836949  4.057 -100.00 -100.00 -100.00
 173    44.222 56367.55389029 11.33 204.756747  64.836112  5.419 -100.00 -100.00 -100.00
 173    44.379 56367.55389088 10.81 204.762594  64.835275  4.446 -100.00 -100.00 -100.00
 173    44.409 56367.55389147 11.02 204.768441  64.834438  4.075 -100.00 -100.00 -100.00
 176    44.184 56397.30082708 10.89 204.754220  64.839791  4.353 -100.00 -100.00 -100.00
 176    44.175 56397.30082767 11.09 204.760068  64.838953  4.646 -100.00 -100.00 -100.00
 176    44.291 56397.30082826 11.12 204.765916  64.838116  3.944 -100.00 -100.00 -100.00
 176    44.256 56397.30082885 11.49 204.771763  64.837278  4.319 -100.00 -100.00 -100.00
 179    86.154 56427.04773809  0.36 204.754193  64.840391  5.188 -100.00 -100.00 -100.00
 179    72.417 56427.04773868  0.96 204.760042  64.839554  5.405 -100.00 -100.00 -100.00
 179    98.269 56427.04773927  0.21 204.765891  64.838717  5.036 -100.00 -100.00 -100.00
 179    98.184 56427.04773986  0.25 204.771739  64.837880  4.602 -100.00 -100.00 -100.00
 180   115.240 56436.96338982 17.45 204.752516  64.839155 17.668 -100.00 -100.00 -100.00
 180   104.278 56436.96339041 11.64 204.758364  64.838318 14.619 -100.00 -100.00 -100.00
 180   101.148 56436.96339100  8.51 204.764213  64.837481 10.222 -100.00 -100.00 -100.00
 180   101.822 56436.96339159 19.45 204.770061  64.836644   -100 -100.00 -100.00 -100.00
 181    50.472 56446.87904173 42.81 204.755299  64.838576 24.487 -100.00 -100.00 -100.00
 181    50.133 56446.87904232 51.72 204.761147  64.837739   -100 -100.00 -100.00 -100.00
 181    49.976 56446.87904291 51.28 204.766995  64.836902   -100 -100.00 -100.00 -100.00
 181    50.238 56446.87904350 47.79 204.772843  64.836064   -100 -100.00 -100.00 -100.00
 182   101.429 56456.79469126 18.74 204.757569  64.839047  9.297 -100.00 -100.00 -100.00
 182    97.232 56456.79469185 14.06 204.763417  64.838210 26.353 -100.00 -100.00 -100.00
 182    95.529 56456.79469244 28.89 204.769265  64.837372   -100 -100.00 -100.00 -100.00
 183    47.930 56466.71033734 41.76 204.756259  64.839024 27.525 -100.00 -100.00 -100.00
 183    47.968 56466.71033793 44.06 204.762107  64.838186   -100 -100.00 -100.00 -100.00
 183    47.607 56466.71033852 47.78 204.767955  64.837349   -100 -100.00 -100.00 -100.00
 183    47.642 56466.71033911 48.10 204.773802  64.836511   -100 -100.00 -100.00 -100.00
 184    47.410 56476.62597917 43.01 204.751538  64.838171 22.724 -100.00 -100.00 -100.00
 184    47.291 56476.62597976 47.26 204.757386  64.837334 32.310 -100.00 -100.00 -100.00
 184    47.259 56476.62598035 51.55 204.763233  64.836497   -100 -100.00 -100.00 -100.00
 184    47.083 56476.62598094 53.21 204.769081  64.835659   -100 -100.00 -100.00 -100.00
 185    47.075 56486.54161749 43.08 204.747848  64.836712 20.595 -100.00 -100.00 -100.00
 185    46.671 56486.54161808 54.61 204.753695  64.835875   -100 -100.00 -100.00 -100.00
 185    46.896 56486.54161867 52.10 204.759543  64.835038   -100 -100.00 -100.00 -100.00
 185    46.960 56486.54161926 50.56 204.765389  64.834201   -100 -100.00 -100.00 -100.00
 187    94.409 56506.37288792  6.13 204.751679  64.837297  6.106 -100.00 -100.00 -100.00
 187   113.681 56506.37288851  1.64 204.757527  64.836460  5.155 -100.00 -100.00 -100.00
 187    93.395 56506.37288910  6.29 204.763375  64.835623  5.138 -100.00 -100.00 -100.00
 187    91.014 56506.37288969 13.26 204.769222  64.834786  9.309 -100.00 -100.00 -100.00
 188    93.627 56516.28852249 21.94 204.756704  64.839298 16.045 -100.00 -100.00 -100.00
 188    91.636 56516.28852308 28.03 204.762552  64.838462 25.157 -100.00 -100.00 -100.00
 188    91.757 56516.28852367 32.00 204.768401  64.837625 30.143 -100.00 -100.00 -100.00
 188    91.471 56516.28852426 25.94 204.774248  64.836787   -100 -100.00 -100.00 -100.00
 189    46.525 56526.20417700 40.99 204.757313  64.839750 18.132 -100.00 -100.00 -100.00
 189    45.939 56526.20417760 52.00 204.763162  64.838913   -100 -100.00 -100.00 -100.00
 189    45.833 56526.20417819 52.26 204.769010  64.838076   -100 -100.00 -100.00 -100.00
 189    45.595 56526.20417878 52.76 204.774858  64.837239  7.298 -100.00 -100.00 -100.00
 190    46.071 56536.11982700 33.30 204.752685  64.839279 21.474 -100.00 -100.00 -100.00
 190    45.752 56536.11982759 39.52 204.758534  64.838442   -100 -100.00 -100.00 -100.00
 190    45.862 56536.11982818 42.90 204.764383  64.837605 32.720 -100.00 -100.00 -100.00
 190    46.173 56536.11982877 44.23 204.770231  64.836767 26.941 -100.00 -100.00 -100.00
 192    93.221 56555.95111742 14.80 204.749574  64.837081 13.834 -100.00 -100.00 -100.00
 192   113.170 56555.95111801  2.79 204.755423  64.836244  5.474 -100.00 -100.00 -100.00
 192    91.904 56555.95111860 20.53 204.761272  64.835407 19.057 -100.00 -100.00 -100.00
 192    94.649 56555.95111919 15.54 204.767119  64.834569  7.588 -100.00 -100.00 -100.00
 193   100.492 56565.86676011  4.67 204.749981  64.838482  6.428 -100.00 -100.00 -100.00
 193    83.812 56565.86676070  5.98 204.755830  64.837645  9.348 -100.00 -100.00 -100.00
 193    98.748 56565.86676129  2.38 204.761679  64.836808  4.005 -100.00 -100.00 -100.00
 193   104.730 56565.86676188  0.57 204.767527  64.835970  2.713 -100.00 -100.00 -100.00
 194    72.223 56575.78240181  8.73 204.754436  64.840430 12.011 -100.00 -100.00 -100.00
 194    72.195 56575.78240240  7.00 204.760286  64.839593  8.297 -100.00 -100.00 -100.00
 194    97.834 56575.78240299  3.96 204.766134  64.838755  4.873 -100.00 -100.00 -100.00
 195   100.377 56585.69804063 16.10 204.761255  64.841274 11.720 -100.00 -100.00 -100.00
 195   100.504 56585.69804122 25.02 204.767104  64.840436 16.958 -100.00 -100.00 -100.00
 195    97.586 56585.69804181 20.84 204.772952  64.839599 14.154 -100.00 -100.00 -100.00
 195    92.868 56585.69804240 30.14 204.778801  64.838761   -100 -100.00 -100.00 -100.00
 196    91.864 56595.61367839 25.15 204.762926  64.840994 18.248 -100.00 -100.00 -100.00
 196    89.893 56595.61367898 30.40 204.768775  64.840157 28.460 -100.00 -100.00 -100.00
 196    89.757 56595.61367957 21.04 204.774624  64.839320   -100 -100.00 -100.00 -100.00
 197    93.432 56605.52933056 17.78 204.757949  64.839710 12.364 -100.00 -100.00 -100.00
 197    91.354 56605.52933115 21.84 204.763798  64.838873 13.555 -100.00 -100.00 -100.00
 197    89.010 56605.52933174  7.02 204.769646  64.838036 19.794 -100.00 -100.00 -100.00
 197   107.473 56605.52933233  1.53 204.775494  64.837198 12.800 -100.00 -100.00 -100.00
 198    44.410 56615.44497791 32.31 204.753740  64.838843 28.090 -100.00 -100.00 -100.00
 198    44.461 56615.44497850 33.16 204.759589  64.838006 29.028 -100.00 -100.00 -100.00
 198    44.400 56615.44497909 35.96 204.765437  64.837168   -100 -100.00 -100.00 -100.00
 198    44.581 56615.44497968 30.57 204.771285  64.836331 26.332 -100.00 -100.00 -100.00
 199    44.155 56625.36062169 27.70 204.751867  64.839069 23.964 -100.00 -100.00 -100.00
 199    44.173 56625.36062229 28.88 204.757716  64.838232 25.137 -100.00 -100.00 -100.00
 199    44.066 56625.36062288 25.80 204.763564  64.837394 21.211 -100.00 -100.00 -100.00
 199    44.050 56625.36062347 26.09 204.769412  64.836557 19.651 -100.00 -100.00 -100.00
 200    44.217 56635.27626301 31.24 204.753482  64.839367 24.703 -100.00 -100.00 -100.00
 200    44.251 56635.27626360 32.49 204.759331  64.838530 30.470 -100.00 -100.00 -100.00
 200    44.241 56635.27626419 30.39 204.765179  64.837692 23.094 -100.00 -100.00 -100.00
 200    44.296 56635.27626478 30.29 204.771028  64.836855 22.261 -100.00 -100.00 -100.00
 201    44.406 56645.19190164 30.76 204.756886  64.839229 26.936 -100.00 -100.00 -100.00
 201    44.539 56645.19190223 29.41 204.762735  64.838392 22.394 -100.00 -100.00 -100.00
 201    44.744 56645.19190282 28.74 204.768583  64.837554 16.559 -100.00 -100.00 -100.00
 201    44.412 56645.19190341 29.53 204.774431  64.836717 20.914 -100.00 -100.00 -100.00
 202    44.533 56655.10755386 20.86 204.752134  64.838370  9.019 -100.00 -100.00 -100.00
 202    44.594 56655.10755445 23.08 204.757983  64.837533 13.903 -100.00 -100.00 -100.00
 202    44.624 56655.10755504 22.58 204.763832  64.836695 12.639 -100.00 -100.00 -100.00
 202    44.618 56655.10755563 21.61 204.769680  64.835858 10.240 -100.00 -100.00 -100.00
 203    44.272 56665.02320224 21.64 204.751380  64.836582 13.654 -100.00 -100.00 -100.00
 203    44.460 56665.02320283 21.15 204.757229  64.835745 11.276 -100.00 -100.00 -100.00
 203    44.554 56665.02320342 21.31 204.763077  64.834908  9.659 -100.00 -100.00 -100.00
 205    43.753 56684.85449222 20.03 204.747860  64.837213 12.817 -100.00 -100.00 -100.00
 205    43.909 56684.85449281 20.62 204.753709  64.836376 16.113 -100.00 -100.00 -100.00
 205    43.932 56684.85449340 18.25 204.759557  64.835539  9.908 -100.00 -100.00 -100.00
 205    44.108 56684.85449399 19.55 204.765405  64.834702 11.690 -100.00 -100.00 -100.00
 206    44.381 56694.77013494 13.77 204.749881  64.838667  5.275 -100.00 -100.00 -100.00
 206    44.376 56694.77013553 14.54 204.755730  64.837830  7.397 -100.00 -100.00 -100.00
 206    44.718 56694.77013612 14.70 204.761578  64.836993  6.457 -100.00 -100.00 -100.00
 206    44.733 56694.77013671 14.69 204.767426  64.836155  6.851 -100.00 -100.00 -100.00
 207    44.385 56704.68577351 13.01 204.754582  64.839306  5.130 -100.00 -100.00 -100.00
 207    44.489 56704.68577410 13.77 204.760430  64.838469  5.821 -100.00 -100.00 -100.00
 207    44.609 56704.68577469 13.35 204.766279  64.837631  4.887 -100.00 -100.00 -100.00
 207    44.512 56704.68577528 13.99 204.772126  64.836794  5.818 -100.00 -100.00 -100.00
 208    44.302 56714.60140614 12.82 204.753289  64.839447  4.858 -100.00 -100.00 -100.00
 208    44.500 56714.60140673 13.23 204.759137  64.838610  4.461 -100.00 -100.00 -100.00
 208    44.594 56714.60140732 14.13 204.764986  64.837773  6.209 -100.00 -100.00 -100.00
 208    44.751 56714.60140791 13.38 204.770833  64.836936  4.868 -100.00 -100.00 -100.00
 210    44.603 56734.43270726 12.92 204.749745  64.837717  4.859 -100.00 -100.00 -100.00
 210    44.672 56734.43270785 13.42 204.755592  64.836880  5.382 -100.00 -100.00 -100.00
 210    45.000 56734.43270844 13.31 204.761440  64.836043  4.547 -100.00 -100.00 -100.00
 210    44.893 56734.43270903 13.73 204.767287  64.835205  5.165 -100.00 -100.00 -100.00
 211    44.441 56744.34835401 11.70 204.751000  64.838865  4.366 -100.00 -100.00 -100.00
 211    44.488 56744.34835460 12.05 204.756848  64.838028  4.390 -100.00 -100.00 -100.00
 211    45.031 56744.34835519 11.90 204.762695  64.837191  4.230 -100.00 -100.00 -100.00
 211    45.082 56744.34835578 12.13 204.768543  64.836353  4.649 -100.00 -100.00 -100.00
 212    44.396 56754.26399679 11.19 204.756114  64.840173  4.509 -100.00 -100.00 -100.00
 212    44.562 56754.26399738 11.65 204.761963  64.839336  4.521 -100.00 -100.00 -100.00
 212    44.835 56754.26399797 11.72 204.767811  64.838498  4.733 -100.00 -100.00 -100.00
 212    45.128 56754.26399856 12.29 204.773658  64.837661  5.873 -100.00 -100.00 -100.00
 213    43.493 56764.17963500 25.98 204.769740  64.839559   -100 -100.00 -100.00 -100.00
 213    43.339 56764.17963559 25.85 204.775588  64.838721   -100 -100.00 -100.00 -100.00
 214    72.522 56774.09526961  8.93 204.761308  64.840531 13.617 -100.00 -100.00 -100.00
 214   104.562 56774.09527020  4.67 204.767157  64.839694  7.104 -100.00 -100.00 -100.00
 214   104.337 56774.09527079  2.47 204.773005  64.838857  3.882 -100.00 -100.00 -100.00
 215   101.737 56784.01092654 16.65 204.757866  64.839200 11.423 -100.00 -100.00 -100.00
 215    97.802 56784.01092714 18.65 204.763715  64.838363 13.861 -100.00 -100.00 -100.00
 215    93.828 56784.01092773 26.16 204.769563  64.837525 29.879 -100.00 -100.00 -100.00
 216   102.435 56793.92657973  7.94 204.753524  64.838551  4.951 -100.00 -100.00 -100.00
 216   104.751 56793.92658032  7.45 204.759372  64.837713  7.364 -100.00 -100.00 -100.00
 216   101.865 56793.92658091 15.78 204.765220  64.836876 10.656 -100.00 -100.00 -100.00
 216   102.620 56793.92658150 15.77 204.771067  64.836038 10.585 -100.00 -100.00 -100.00
 217   101.651 56803.84223013 18.89 204.753810  64.838073 10.507 -100.00 -100.00 -100.00
 217    97.879 56803.84223072 21.11 204.759658  64.837235 10.100 -100.00 -100.00 -100.00
 217    93.810 56803.84223131 27.26 204.765506  64.836397 25.328 -100.00 -100.00 -100.00
 217   109.802 56803.84223190  2.20 204.771353  64.835560  9.481 -100.00 -100.00 -100.00
 218    86.570 56813.75787268  9.71 204.750811  64.838589 13.931 -100.00 -100.00 -100.00
 218    72.156 56813.75787327  7.63 204.756659  64.837752  6.042 -100.00 -100.00 -100.00
 218   103.423 56813.75787386  6.49 204.762506  64.836914  7.395 -100.00 -100.00 -100.00
 218   100.977 56813.75787445  8.70 204.768354  64.836077  8.051 -100.00 -100.00 -100.00
 219    71.620 56823.67351237 11.40 204.753818  64.837810 10.153 -100.00 -100.00 -100.00
 219    56.441 56823.67351296 14.85 204.759665  64.836973 12.454 -100.00 -100.00 -100.00
 219    46.508 56823.67351355 16.16 204.765513  64.836135 14.853 -100.00 -100.00 -100.00
 221   103.399 56843.50477941 21.62 204.752896  64.837311 17.160 -100.00 -100.00 -100.00
 221   103.093 56843.50478000 23.05 204.758743  64.836474  9.975 -100.00 -100.00 -100.00
 221    98.411 56843.50478059 23.14 204.764590  64.835637  9.238 -100.00 -100.00 -100.00
 222    71.761 56853.42042119  8.81 204.750363  64.837989  8.600 -100.00 -100.00 -100.00
 222    71.647 56853.42042178 10.48 204.756211  64.837152  8.136 -100.00 -100.00 -100.00
 222    46.660 56853.42042237 15.07 204.762058  64.836315 17.294 -100.00 -100.00 -100.00
 222    46.432 56853.42042296 16.47 204.767905  64.835478 14.779 -100.00 -100.00 -100.00
 223    46.551 56863.33607533 18.71 204.752947  64.837921 21.526 -100.00 -100.00 -100.00
 223    46.657 56863.33607592 18.70 204.758795  64.837084 14.648 -100.00 -100.00 -100.00
 223    46.121 56863.33607651 21.95 204.764642  64.836247 19.410 -100.00 -100.00 -100.00
 223    46.195 56863.33607710 23.89 204.770490  64.835409 24.999 -100.00 -100.00 -100.00
 224    46.577 56873.25172850 48.42 204.751709  64.838492   -100 -100.00 -100.00 -100.00
 224    46.720 56873.25172909 48.45 204.757557  64.837655   -100 -100.00 -100.00 -100.00
 224    46.411 56873.25172968 52.47 204.763405  64.836817 16.726 -100.00 -100.00 -100.00
 224    46.474 56873.25173027 54.51 204.769252  64.835980 29.645 -100.00 -100.00 -100.00
 225    72.330 56883.16737861  4.87 204.751158  64.838514  4.954 -100.00 -100.00 -100.00
 225    71.650 56883.16737921 13.45 204.757007  64.837676 20.294 -100.00 -100.00 -100.00
 225    47.135 56883.16737980 13.06 204.762855  64.836839 13.748 -100.00 -100.00 -100.00
 225    47.103 56883.16738039 16.22 204.768702  64.836002 11.323 -100.00 -100.00 -100.00
 226    94.060 56893.08302556 23.25 204.752959  64.837937 11.639 -100.00 -100.00 -100.00
 226    91.903 56893.08302615 27.83 204.758808  64.837099   -100 -100.00 -100.00 -100.00
 226    91.873 56893.08302674 10.39 204.764656  64.836262 29.867 -100.00 -100.00 -100.00
 226    92.112 56893.08302733 14.49 204.770503  64.835424   -100 -100.00 -100.00 -100.00
 227    72.088 56902.99866880  9.64 204.749172  64.838164  6.895 -100.00 -100.00 -100.00
 227    72.311 56902.99866939  8.35 204.755021  64.837327  6.021 -100.00 -100.00 -100.00
 227    71.611 56902.99866998 13.00 204.760869  64.836489 13.240 -100.00 -100.00 -100.00
 227    46.149 56902.99867057 15.00 204.766717  64.835652 16.618 -100.00 -100.00 -100.00
 228    83.864 56912.91431063  7.18 204.750977  64.838565  7.947 -100.00 -100.00 -100.00
 228    71.719 56912.91431122 13.50 204.756825  64.837728 18.046 -100.00 -100.00 -100.00
 228    46.029 56912.91431181 14.73 204.762673  64.836891 17.590 -100.00 -100.00 -100.00
 228    46.044 56912.91431240 15.95 204.768521  64.836053 14.914 -100.00 -100.00 -100.00
 229    73.117 56922.82995076  6.42 204.752515  64.839640  5.633 -100.00 -100.00 -100.00
 229    72.023 56922.82995136  7.24 204.758364  64.838802  5.433 -100.00 -100.00 -100.00
 229    72.076 56922.82995195  6.72 204.764212  64.837965  6.073 -100.00 -100.00 -100.00
 229    46.064 56922.82995254 15.17 204.770060  64.837127 22.985 -100.00 -100.00 -100.00
 230   100.816 56932.74558906 11.86 204.759205  64.840166 13.014 -100.00 -100.00 -100.00
 230   101.597 56932.74558965 14.77 204.765054  64.839329 10.188 -100.00 -100.00 -100.00
 230    99.581 56932.74559024 15.66 204.770902  64.838491 12.518 -100.00 -100.00 -100.00
 230    95.818 56932.74559083 23.28 204.776750  64.837653 13.536 -100.00 -100.00 -100.00
 231   101.783 56942.66122174 21.13 204.761840  64.840530 10.498 -100.00 -100.00 -100.00
 231    99.200 56942.66122233 13.81 204.767689  64.839693 10.516 -100.00 -100.00 -100.00
 231    94.726 56942.66122292 25.16 204.773537  64.838855 18.971 -100.00 -100.00 -100.00
 232    92.221 56952.57686553 21.04 204.755518  64.840732 12.907 -100.00 -100.00 -100.00
 232    90.321 56952.57686613 25.09 204.761367  64.839895 20.136 -100.00 -100.00 -100.00
 232    89.928 56952.57686672 31.32 204.767215  64.839057   -100 -100.00 -100.00 -100.00
 232    89.993 56952.57686731 21.48 204.773063  64.838220 18.628 -100.00 -100.00 -100.00
 233    90.831 56962.49251660 23.15 204.757648  64.839078 16.093 -100.00 -100.00 -100.00
 233    90.631 56962.49251719 27.07 204.763496  64.838241 28.850 -100.00 -100.00 -100.00
 233   104.400 56962.49251778  5.27 204.769344  64.837404   -100 -100.00 -100.00 -100.00
 234    45.447 56972.40816224 36.26 204.755297  64.838901 17.895 -100.00 -100.00 -100.00
 234    44.453 56972.40816283 41.19 204.761145  64.838063 23.806 -100.00 -100.00 -100.00
 234    43.875 56972.40816342 35.01 204.766993  64.837226   -100 -100.00 -100.00 -100.00
 234    43.863 56972.40816401 34.47 204.772840  64.836388   -100 -100.00 -100.00 -100.00
 235    45.452 56982.32380357 33.37 204.752576  64.839480 24.699 -100.00 -100.00 -100.00
 235    45.626 56982.32380416 36.29 204.758425  64.838642 32.237 -100.00 -100.00 -100.00
 235    45.488 56982.32380475 36.36 204.764273  64.837805 32.168 -100.00 -100.00 -100.00
 235    45.653 56982.32380534 34.83 204.770121  64.836967 27.881 -100.00 -100.00 -100.00
 236    44.468 56992.23944078 26.68 204.754190  64.839348 13.896 -100.00 -100.00 -100.00
 236    44.619 56992.23944137 26.90 204.760039  64.838511 14.835 -100.00 -100.00 -100.00
 236    44.759 56992.23944196 26.63 204.765888  64.837674 13.198 -100.00 -100.00 -100.00
 236    44.836 56992.23944255 27.60 204.771735  64.836836 16.000 -100.00 -100.00 -100.00
 237    44.536 57002.15507474 23.71 204.755824  64.838579 12.360 -100.00 -100.00 -100.00
 237    44.537 57002.15507533 23.90 204.761673  64.837742 12.477 -100.00 -100.00 -100.00
 237    44.681 57002.15507592 24.76 204.767521  64.836905 14.950 -100.00 -100.00 -100.00
 238    44.100 57012.07073128 23.18 204.748574  64.837860 10.684 -100.00 -100.00 -100.00
 238    44.617 57012.07073187 23.11 204.754423  64.837023 11.599 -100.00 -100.00 -100.00
 238    44.576 57012.07073246 23.95 204.760271  64.836186 14.293 -100.00 -100.00 -100.00
 238    44.320 57012.07073305 24.57 204.766119  64.835349 14.810 -100.00 -100.00 -100.00
 239    44.525 57021.98638311 20.22 204.751589  64.836617  9.365 -100.00 -100.00 -100.00
 239    44.570 57021.98638370 20.74 204.757438  64.835780  9.414 -100.00 -100.00 -100.00
 239    44.364 57021.98638429 20.67 204.763286  64.834942  9.704 -100.00 -100.00 -100.00
 240    44.363 57031.90203181 20.69 204.751858  64.837381  9.670 -100.00 -100.00 -100.00
 240    44.170 57031.90203240 21.13 204.757706  64.836544 11.323 -100.00 -100.00 -100.00
 240    44.306 57031.90203299 20.78 204.763555  64.835707  9.061 -100.00 -100.00 -100.00
 240    44.332 57031.90203358 21.77 204.769402  64.834869 11.268 -100.00 -100.00 -100.00
 241    43.708 57041.81767837 20.32 204.750925  64.838614 10.749 -100.00 -100.00 -100.00
 241    44.120 57041.81767896 20.03 204.756773  64.837777 10.622 -100.00 -100.00 -100.00
 241    44.017 57041.81767955 20.01 204.762622  64.836939 10.394 -100.00 -100.00 -100.00
 241    44.061 57041.81768014 20.42 204.768469  64.836102 10.901 -100.00 -100.00 -100.00
