# NaN NaN NaN ;Mean Elev.(m), Avg Gradient(m/km), RMS Gradient(m/km)
   1 201.071596  63.969674    83.377    81.885  7 54663.93302162 10.338
   2 201.089013  63.974450    29.111    29.066 13 54673.84866846 44.992
   3 201.090178  63.976348    18.848    18.804 13 54683.76431213 26.649
   4 201.091761  63.977139    29.019    29.045 13 54693.67995436 43.140
   5 201.090123  63.975358    19.424    19.382 12 54703.59559357 20.339
   6 201.088043  63.972808    28.351    28.283 13 54713.51124304 52.080
   7 201.092015  63.972013    10.952    11.019 13 54723.42689400 22.270
   8 201.092791  63.972348    27.643    27.591 13 54733.34254247 52.264
   9 201.090467  63.973816    27.452    27.425 12 54743.25818933 49.693
  10 201.090864  63.975247    26.764    26.754 13 54753.17383619 47.607
  11 201.088706  63.974388    73.951    73.729 13 54763.08948213 20.982
  12 201.090803  63.972632    27.174    27.150 13 54773.00512582 36.525
  13 201.083739  63.969557    75.466    75.604 11 54782.92076574 10.587
  14 201.088325  63.970368    27.340    27.320 13 54792.83640468 34.520
  17 201.090441  63.973694    27.240    27.221 13 54822.58332227 24.643
  18 201.090178  63.973345    27.335    27.012 13 54832.49896252 21.615
  19 201.090025  63.973852    26.763    26.779 12 54842.41461266 17.556
  20 201.089503  63.975603    28.972    28.591 13 54852.33026172 10.463
  21 201.091397  63.978217    28.267    28.198 12 54862.24591078 10.067
  22 201.091262  63.979146    28.461    27.961 12 54872.16155950 10.601
  23 201.090254  63.977464    31.042    31.180 13 54882.07720604 12.272
  24 201.090063  63.974330    30.819    30.918 13 54891.99284920 10.240
  25 201.091277  63.972235    28.025    28.332 13 54901.90848971 13.176
  26 201.091999  63.972623    31.133    31.127 13 54911.82412876  8.791
  27 201.090164  63.974023    30.739    30.832 13 54921.73976658  8.739
  28 201.090614  63.974975    31.014    31.097 12 54931.65540388  9.853
  29 201.090375  63.973331    31.364    31.436 13 54941.57103933  8.585
  30 201.088649  63.970051    26.100    26.082 13 54951.48667282 33.232
  31 201.085480  63.967699    30.934    30.938 12 54961.40231370 41.501
  32 201.085801  63.968902    31.672    31.663 11 54971.31796248 53.647
  33 201.090622  63.972137    31.562    31.804 13 54981.23361076 30.549
  34 201.088953  63.973831    30.496    30.400 13 54991.14925802 41.056
  35 201.089682  63.974444    30.172    30.215 13 55001.06490503 46.409
  36 201.089377  63.974239    30.671    30.646 13 55010.98055008 28.936
  37 201.090331  63.974107    29.510    29.327 13 55020.89619372 32.853
  38 201.090171  63.975074    28.470    28.243 13 55030.81183622 37.938
  39 201.089509  63.976329    28.790    28.156 13 55040.72747799 32.903
  40 201.090061  63.976787    27.768    27.479 13 55050.64311836 38.528
  41 201.089264  63.974826    27.522    27.232 13 55060.55875623 45.010
  42 201.090791  63.972273    27.210    27.146 13 55070.47439745 37.446
  43 201.088657  63.970061    27.322    27.297 13 55080.39004622 37.615
  44 201.088169  63.970467    27.728    27.629 13 55090.30569358 36.188
  45 201.088563  63.972798    77.875    76.904 13 55100.22134029 13.583
  46 201.104282  63.977772    28.277    28.005  8 55110.13698816 29.063
  47 201.088834  63.974313    26.832    26.790 13 55120.05263081 50.005
  48 201.090216  63.972122    26.226    26.170 12 55129.96827247 51.334
  49 201.090045  63.969964    26.317    26.268 12 55139.88391196 41.821
  50 201.087077  63.969679    27.113    26.989 12 55149.79955026 30.601
  51 201.092472  63.972766    26.584    26.540 13 55159.71518935 26.402
  52 201.088743  63.973796    26.457    26.469 13 55169.63082704 24.851
  53 201.090004  63.974206    26.470    26.448 13 55179.54646397 24.821
  54 201.090217  63.973725    26.773    26.775 12 55189.46211062 22.818
  55 201.091726  63.974465    26.505    26.537 13 55199.37776131 19.727
  56 201.089209  63.975282    26.531    26.481 13 55209.29341089 16.648
  57 201.091159  63.977101    26.576    26.584 12 55219.20906050 14.494
  58 201.088858  63.976733    27.007    26.761 13 55229.12470870 13.002
  59 201.091760  63.975878    26.780    26.670 13 55239.04035417 13.331
  60 201.091344  63.973436    30.837    30.951 13 55248.95599561 13.105
  61 201.089807  63.971647    29.954    29.784 13 55258.87163460 12.057
  62 201.087925  63.971356    29.483    29.583 13 55268.78727289 11.875
  63 201.088449  63.972657    29.591    29.563 13 55278.70291125 10.529
  64 201.091854  63.973770    30.173    30.277 13 55288.61854857 10.171
  65 201.092809  63.972926    30.433    30.134 13 55298.53418310 11.000
  66 201.088105  63.970293    26.830    26.507 13 55308.44982549 28.686
  67 201.085000  63.968799    29.808    30.245 12 55318.36547120 29.541
  68 201.088769  63.970220    29.698    29.688 12 55328.28111678 42.856
  69 201.089260  63.972325    27.841    27.803 13 55338.19676156 51.431
  70 201.091603  63.974553    28.257    28.274 13 55348.11240611 50.532
  71 201.091214  63.975131    29.269    29.614 13 55358.02804849 27.315
  72 201.090787  63.974882    28.151    28.067 12 55367.94368870 49.655
  73 201.088435  63.974088    29.160    29.008 13 55377.85932720 24.784
  74 201.090035  63.974452    28.711    28.687 13 55387.77496532 27.500
  75 201.089726  63.974394    28.608    28.575 13 55397.69060228 39.894
  76 201.092204  63.974318    28.836    28.817 13 55407.60624628 51.495
  77 201.090508  63.973015    29.283    29.284 12 55417.52189698 44.946
  78 201.090097  63.971539    29.553    29.631 13 55427.43754434 29.619
  79 201.090710  63.971172    28.905    28.924 13 55437.35318924 40.629
  80 201.090374  63.971817    28.342    28.247 12 55447.26883288 34.720
  81 201.091640  63.973143    90.968    89.127 13 55457.18447638 22.727
  82 201.088075  63.972956    28.640    28.881 13 55467.10011863 31.067
  83 201.088134  63.972005    26.521    26.504 13 55477.01575792 50.616
  84 201.088390  63.970440    25.850    25.809 12 55486.93139399 44.459
  85 201.088726  63.969386    25.544    25.552 12 55496.84702786 47.273
  86 201.087827  63.969941    25.156    25.188 12 55506.76266404 48.392
  87 201.090721  63.972561    26.157    26.136 13 55516.67831497 38.289
  88 201.092530  63.974566    26.397    26.359 13 55526.59396480 35.676
  89 201.088855  63.974588    26.250    26.229 13 55536.50961196 30.933
  90 201.090349  63.975117    25.837    25.794 12 55546.42525746 29.526
  91 201.092361  63.976029    25.893    25.881 13 55556.34090127 23.911
  92 201.091941  63.976578    26.099    26.108 13 55566.25654398 23.438
  93 201.089507  63.975701    26.134    25.965 13 55576.17218576 19.920
  94 201.091383  63.974281    25.897    25.871 13 55586.08782607 16.548
  95 201.089487  63.971569    25.849    25.874 13 55596.00346269 16.799
  96 201.086605  63.969550    26.076    26.018 12 55605.91909615 16.622
  97 201.086525  63.969257    25.549    25.467 12 55615.83472787 18.018
  98 201.090443  63.971090    26.014    25.773 13 55625.75036988 17.875
  99 201.090089  63.971962    25.550    25.528 13 55635.66602193 17.093
 100 201.091161  63.972105    24.994    24.964 13 55645.58167193 20.875
 101 201.090891  63.971280    25.468    25.463 13 55655.49731894 16.505
 102 201.087530  63.970103    25.614    25.503 13 55665.41296116 16.012
 104 201.092026  63.972492    26.655    25.491 13 55685.24423955 30.417
 105 201.090064  63.973052    27.784    27.792 13 55695.15987634 41.896
 106 201.087991  63.972745    29.033    28.955 13 55705.07551176 50.079
 107 201.090902  63.973435    31.287    31.299 12 55714.99115973 52.372
 108 201.088180  63.973518    29.664    29.650 13 55724.90680846 43.685
 109 201.090545  63.975063    29.081    28.976 13 55734.82245584 50.740
 110 201.091822  63.976247    29.979    30.015 13 55744.73810178 30.637
 111 201.090796  63.975696    29.879    29.736 13 55754.65374574 26.334
 112 201.091926  63.973753    29.090    29.138 13 55764.56938744 39.023
 113 201.089026  63.970622    29.430    29.378 13 55774.48502586 51.788
 114 201.097723  63.970910    29.478    29.453  8 55784.40066242 35.225
 115 201.088462  63.969869    28.952    28.850 13 55794.31629498 49.005
 116 201.090214  63.971654    28.847    28.762 13 55804.23193256 47.370
 117 201.096059  63.973705    28.537    28.392 11 55814.14758290 28.250
 118 201.089147  63.971348    29.150    29.456 13 55824.06322957 23.798
 119 201.085914  63.969087    75.438    75.610 12 55833.97887191 30.499
 120 201.087017  63.968598    27.769    27.593 12 55843.89451078 31.978
 121 201.088130  63.969816    26.653    26.550 12 55853.81014676 53.963
 122 201.092409  63.972623    25.815    25.789 13 55863.72578469 51.366
 123 201.089955  63.974220    24.785    24.801 12 55873.64143830 45.412
 133 201.089693  63.970985    28.267    28.218 13 55972.79787454 13.582
 134 201.089826  63.972856    27.192    27.234 13 55982.71351073 13.532
 135 201.092309  63.973255    27.531    27.078 13 55992.62914523 12.633
 136 201.090837  63.971826    28.565    28.594 13 56002.54479322 11.295
 137 201.087205  63.969428    27.973    27.681 12 56012.46044220 11.238
 139 201.092740  63.972280    30.352    30.314 13 56032.29173237  7.234
 141 201.090370  63.975640    27.496    27.481 12 56052.12301262 37.985
 142 201.091868  63.975168    29.836    29.720 13 56062.03864867 38.849
 143 201.091366  63.973416    29.013    28.963 13 56071.95428808 49.114
 144 201.090246  63.973262    30.893    30.849 12 56081.86993839 45.718
 145 201.089954  63.974334    30.670    30.613 12 56091.78558628 49.425
 146 201.090224  63.975682    30.133    30.139 12 56101.70123189 30.724
 147 201.089287  63.975128    29.357    29.325 13 56111.61686290 32.087
 148 201.092201  63.973359    30.251    30.241 13 56121.53250228 51.649
 149 201.085551  63.968960    29.382    29.374 12 56131.44813681 46.286
 150 201.086371  63.967733    29.204    29.194 11 56141.36377198 53.295
 151 201.089289  63.970360    28.653    28.596 13 56151.27942344 52.415
 152 201.089973  63.973148    28.230    28.251 13 56161.19507296 47.427
 153 201.088317  63.973876    28.139    27.975 13 56171.11072036 32.077
 154 201.089384  63.972706    28.826    28.782 13 56181.02636358 33.656
 155 201.089108  63.970575    28.487    28.453 13 56190.94200269 52.815
 156 201.088276  63.969554    76.891    76.815 12 56200.85763902 24.033
 157 201.092811  63.971698    28.088    27.970 12 56210.77327379 33.675
 158 201.091713  63.973428    27.429    27.387 13 56220.68890610 50.681
 159 201.090051  63.975234    26.533    26.550 13 56230.60455713 47.646
 160 201.090949  63.975564    26.410    26.390 13 56240.52021021 38.839
 161 201.090974  63.974831    27.774    27.981 13 56250.43585915 21.253
 162 201.091430  63.974076    26.853    26.883 13 56260.35150338 26.903
 163 201.089657  63.974017    27.323    27.222 13 56270.26714503 20.292
 164 201.088273  63.974164    26.544    26.556 13 56280.18278504 23.788
 165 201.089094  63.974817    27.385    27.732 13 56290.09843692 16.065
 166 201.090172  63.973659    27.007    26.874 12 56300.01408512 16.926
 167 201.088980  63.971364    27.915    27.863 13 56309.92972896 16.883
 168 201.088162  63.970185    28.354    28.660 13 56319.84537053 16.186
 169 201.088898  63.971435    28.386    28.438 13 56329.76101158 14.787
 170 201.088339  63.972968    28.298    28.318 13 56339.67665176 14.476
 171 201.090199  63.973743    28.385    28.343 13 56349.59228994 13.193
 172 201.087993  63.971760    28.543    28.520 13 56359.50792586 13.182
 173 201.089995  63.971122    28.876    28.826 12 56369.42357622 13.543
 175 201.091805  63.973771    29.503    29.604 13 56389.25486940 12.680
 176 201.088309  63.975262    28.457    28.543 13 56399.17051261 12.105
 177 201.102366  63.978891    28.847    28.843  8 56409.08615508 14.969
 178 201.091339  63.975849    28.566    28.611 13 56419.00179020 18.795
 179 201.088242  63.973504    30.314    30.914 13 56428.91742370 25.299
 180 201.091777  63.974388    28.398    27.379 13 56438.83307772 43.201
 181 201.091880  63.975029    31.575    31.532 13 56448.74872884 37.286
 182 201.091017  63.975324    32.135    32.073 13 56458.66437764 53.375
 183 201.091818  63.974838    30.340    30.151 13 56468.58002321 31.397
 184 201.088990  63.972996    29.886    29.754 13 56478.49566433 33.249
 185 201.090949  63.971736    29.057    28.782 13 56488.41130208 28.568
 187 201.088220  63.970629    28.867    28.809 13 56508.24257098 36.333
 188 201.090659  63.971837    28.309    28.269 13 56518.15821011 49.977
 189 201.102007  63.974969    27.998    27.650  9 56528.07386563 40.708
 190 201.088191  63.972306    28.305    28.202 13 56537.98951412 35.943
 191 201.091412  63.972519    28.287    28.019 13 56547.90516038 44.992
 192 201.090613  63.972943    28.340    28.265 12 56557.82080367 47.309
 193 201.090711  63.974227    27.524    27.473 12 56567.73644618 47.322
 194 201.091134  63.975750    27.595    27.106 13 56577.65208741 38.293
 195 201.091657  63.975967    27.910    27.797 13 56587.56772493 47.408
 196 201.088378  63.974625    27.001    26.907 13 56597.48336575 49.581
 197 201.090339  63.974712    25.832    25.818 13 56607.39901750 46.934
 198 201.091941  63.975016    25.244    25.245 13 56617.31466436 43.492
 199 201.089859  63.974610    26.449    26.455 13 56627.23030747 32.106
 200 201.090022  63.974151    26.323    26.324 12 56637.14594802 33.852
 201 201.091674  63.973194    26.568    26.559 13 56647.06158977 28.867
 202 201.091451  63.972472    26.563    26.550 13 56656.97724182 26.254
 203 201.091199  63.971952    26.872    26.545 13 56666.89288952 24.874
 205 201.088628  63.973076    26.846    26.437 13 56686.72417840 21.322
 206 201.091827  63.974056    27.344    27.178 13 56696.63982066 18.231
 207 201.091945  63.973217    27.793    28.121 13 56706.55545788 17.938
 208 201.091506  63.971844    27.076    27.225 13 56716.47109167 20.897
 209 201.090445  63.972521    28.055    28.428 13 56726.38674479 15.675
 211 201.089045  63.976063    27.990    28.196 13 56746.21804008 15.048
 212 201.090976  63.976888    27.453    27.955 13 56756.13368191 14.405
 213 201.090549  63.975623    26.623    26.355 12 56766.04931762 35.051
 214 201.088407  63.973960    27.636    26.093 13 56775.96495789 39.355
 215 201.090349  63.974990    28.465    28.430 12 56785.88061473 51.442
 216 201.092376  63.976541    30.181    30.024 13 56795.79626795 31.937
 217 201.090214  63.976746    29.479    29.467 13 56805.71191632 43.463
 219 201.092347  63.973806    29.796    29.636 13 56825.54319652 27.926
 220 201.090707  63.971521    29.783    29.773 13 56835.45883094 31.455
 221 201.088788  63.970556    30.245    30.281 12 56845.37446221 45.211
 222 201.087967  63.971784    30.011    29.933 13 56855.29010889 26.980
 223 201.091128  63.974063    30.261    30.301 13 56865.20576299 52.128
 224 201.089818  63.974214    29.538    29.494 13 56875.12141566 35.215
 225 201.090936  63.974087    29.592    29.314 13 56885.03706538 28.689
 226 201.089794  63.973418    28.742    28.750 13 56894.95271184 49.763
 227 201.088429  63.973895    29.371    28.821 13 56904.86835520 25.244
 228 201.092271  63.976428    28.783    28.764 13 56914.78399705 40.838
 229 201.090014  63.977404    28.285    28.213 13 56924.69963638 50.996
 230 201.090095  63.977261    28.360    27.907 13 56934.61527300 27.512
 231 201.089584  63.975141    27.189    27.178 13 56944.53090411 42.479
 232 201.089540  63.973749    26.873    26.894 13 56954.44655291 49.676
 233 201.091759  63.974079    26.517    26.456 13 56964.36220299 46.281
 234 201.091732  63.975177    27.262    27.291 13 56974.27784833 47.317
 235 201.091244  63.975884    27.249    27.242 13 56984.19348922 31.814
 236 201.091938  63.974785    27.638    27.598 13 56994.10912508 36.063
 237 201.088115  63.971295    27.150    27.124 13 57004.02476309 28.003
 238 201.089222  63.970260    27.085    27.102 13 57013.94041924 23.147
 239 201.090012  63.970929    27.493    27.132 13 57023.85607043 24.877
 240 201.091297  63.973580    27.527    27.522 13 57033.77171930 17.716
 241 201.089445  63.975067    27.495    27.409 13 57043.68736537 15.956
