#   26.980  -0.186  18.262 ;Mean Elev.(m), Avg Gradient(m/km), RMS Gradient(m/km)
   1 203.218002  64.646617    39.862    39.910  5 54659.09658227 32.618
   2 203.219688  64.645398    45.011    44.986  4 54669.01222869 18.816
   4 203.216857  64.648177    40.581    40.588  4 54688.84351545 31.077
   6 203.218491  64.648566    39.703    39.712  4 54708.67479999 52.639
   8 203.221037  64.642911    38.943    38.942  4 54728.50610129 52.522
   9 203.218346  64.642224    38.857    38.806  4 54738.42174850 50.844
  10 203.221618  64.642341    85.642    85.711  4 54748.33739602 29.522
  11 203.220209  64.643635    38.284    38.272  4 54758.25304271 50.761
  12 203.216647  64.644496    38.564    38.613  4 54768.16868704 37.407
  13 203.221195  64.642772    38.469    38.483  4 54778.08432896 31.560
  14 203.220033  64.641638    38.151    38.172  5 54787.99996791 30.151
  15 203.221586  64.641259    38.582    38.608  4 54797.91560609 27.561
  17 203.216589  64.646093    38.161    38.158  4 54817.74688066 26.755
  18 203.215278  64.647117    38.221    38.247  4 54827.66253073 25.790
  19 203.215449  64.646463    37.864    37.871  4 54837.57816985 19.625
  20 203.217293  64.645648    41.701    41.800  4 54847.49381945 13.534
  21 203.218357  64.645628    43.158    43.278  5 54857.40946831 11.543
  22 203.217186  64.646627    42.559    42.541  4 54867.32511693 12.291
  23 203.217859  64.646564    43.153    43.117  4 54877.24076514 11.512
  24 203.218215  64.645534    43.582    43.526  4 54887.15641037 11.012
  25 203.218676  64.643439    45.359    45.418  5 54897.07205232 10.258
  26 203.219559  64.641803    45.687    45.847  5 54906.98769167 10.266
  27 203.219640  64.641830    44.770    44.675  5 54916.90332967  9.773
  28 203.221543  64.642593    44.651    44.542  4 54926.81896767 10.063
  29 203.218952  64.643947    45.985    46.127  5 54936.73460459 11.249
  30 203.220401  64.644033    36.544    36.459  4 54946.65024013 15.358
  31 203.218892  64.643826    39.677    39.715  4 54956.56587330 41.158
  32 203.219565  64.642649    44.074    44.073  4 54966.48152211 48.878
  33 203.218871  64.642752    40.475    40.499  4 54976.39716969 43.548
  35 203.216801  64.645203    43.759    43.522  4 54996.22846463 26.747
  36 203.218332  64.645591    43.414    42.940  4 55006.14411080 26.602
  37 203.217995  64.645821    40.664    40.612  4 55016.05975464 49.577
  38 203.218812  64.645893    39.433    39.407  4 55025.97539721 31.096
  39 203.215792  64.647179    39.608    39.580  4 55035.89103892 49.738
  40 203.216966  64.647655    40.755    40.273  4 55045.80668025 23.300
  41 203.215771  64.647634    38.707    38.687  4 55055.72231963 22.786
  42 203.215906  64.646132    38.434    38.403  4 55065.63795692 36.776
  43 203.216647  64.644048    45.158    45.213  4 55075.55360572 19.147
  44 203.219410  64.642564    41.974    42.133  5 55085.46925392 23.157
  45 203.220398  64.642674    38.532    38.527  4 55095.38490017 30.250
  46 203.220436  64.643166    44.702    44.822  4 55105.30054607 21.509
  47 203.221367  64.642962    43.417    45.025  4 55115.21619185 23.893
  48 203.219550  64.642484    37.479    37.350  5 55125.13183499 41.840
  49 203.219455  64.641875    37.406    37.424  4 55135.04747566 46.782
  50 203.220345  64.641739    38.391    38.364  5 55144.96311429 28.303
  51 203.218066  64.643221    38.711    37.837  4 55154.87875188 23.326
  52 203.216854  64.644749    39.041    38.785  4 55164.79438987 21.610
  53 203.217782  64.645947    41.032    41.107  4 55174.71002789 18.446
  54 203.215576  64.646758    40.326    40.459  4 55184.62566745 17.423
  55 203.216168  64.646410    40.859    41.004  4 55194.54131872 16.285
  56 203.219794  64.645969    40.783    40.784  4 55204.45696896 15.619
  57 203.214969  64.647422    38.208    38.043  4 55214.37261759 15.686
  58 203.217490  64.647081    37.881    37.618  5 55224.28826650 15.835
  59 203.219529  64.645332    39.936    39.941  4 55234.20391372 14.212
  60 203.217081  64.643418    38.517    37.992  4 55244.11955732 13.758
  61 203.219643  64.641191    38.842    38.287  5 55254.03519838 12.557
  62 203.221516  64.640938    39.564    39.616  4 55263.95083736 12.112
  63 203.219432  64.643028    39.070    38.595  5 55273.86647492 11.737
  64 203.218055  64.644621    40.551    40.990  4 55283.78211212 10.419
  65 203.220925  64.643940    40.370    40.697  4 55293.69774845 10.079
  66 203.218251  64.642944    40.642    41.090  4 55303.61338537 12.195
  67 203.221946  64.640945    37.010    36.979  4 55313.52903343 30.635
  68 203.219892  64.641840    39.540    39.555  4 55323.44467861 40.551
  69 203.221096  64.643412    38.998    38.956  4 55333.36032270 41.778
  70 203.216734  64.645516    41.404    42.214  4 55343.27596612 32.091
  71 203.218745  64.645364    38.945    38.940  4 55353.19160986 39.201
  72 203.216812  64.645419    43.526    43.168  4 55363.10725109 26.095
  73 203.217828  64.645460    44.286    43.312  5 55373.02289076 22.792
  74 203.217181  64.646751    39.754    39.580  4 55382.93852889 30.478
  75 203.218641  64.647876    42.671    42.322  4 55392.85416648 23.371
  76 203.214620  64.649110    41.714    40.473  4 55402.76980203 25.329
  77 203.219612  64.646316    42.559    43.035  4 55412.68545450 22.703
  78 203.219527  64.643364    44.327    43.959  4 55422.60110398 20.989
  79 203.219234  64.641283    40.129    40.133  4 55432.51675068 33.210
  80 203.220520  64.641356    39.723    39.724  4 55442.43239538 50.050
  81 203.218825  64.643244    39.405    39.342  5 55452.34803815 52.793
  82 203.218105  64.644890    40.556    40.561  4 55462.26368022 25.224
  83 203.218722  64.644307    37.824    37.908  4 55472.17932084 47.415
  84 203.217239  64.642921    37.121    37.104  4 55482.09495850 33.953
  85 203.220721  64.641135    36.449    36.356  5 55492.01059442 47.400
  86 203.220022  64.642375    38.782    38.732  4 55501.92622803 33.032
  87 203.218663  64.644753    38.391    38.383  5 55511.84187255 31.554
  88 203.218493  64.646453    38.489    38.516  4 55521.75752206 31.630
  89 203.217655  64.646771    38.438    38.353  4 55531.67317038 25.940
  90 203.216839  64.645854    37.877    37.890  4 55541.58881713 15.245
  91 203.218751  64.644830    38.108    38.111  4 55551.50446202 14.598
  92 203.215875  64.645818    38.248    38.258  4 55561.42010483 15.808
  93 203.217787  64.646928    38.104    38.121  5 55571.33574729 22.297
  94 203.217946  64.647367    38.107    38.078  4 55581.25138849 18.480
  95 203.215836  64.646149    38.587    38.263  4 55591.16702653 16.602
  96 203.216919  64.643525    38.672    37.951  4 55601.08266176 14.976
  97 203.221299  64.641444    42.048    42.022  4 55610.99829511 10.842
  98 203.219782  64.642817    42.732    43.050  5 55620.91392667 11.078
  99 203.217129  64.644963    41.699    41.650  4 55630.82957919 10.391
 100 203.216677  64.646089    41.776    41.707  4 55640.74522999 10.758
 101 203.218396  64.644814    42.881    42.837  5 55650.66087853 10.874
 102 203.221874  64.641761    43.835    43.714  4 55660.57652375  9.836
 103 203.221066  64.640484    43.710    43.638  4 55670.49216501  9.566
 104 203.222144  64.641391    37.856    37.857  4 55680.40780443 23.573
 105 203.219020  64.644778    40.470    39.543  4 55690.32344139 31.473
 106 203.217186  64.647491    41.478    41.548  5 55700.23907694 50.865
 107 203.218875  64.647761    41.693    41.690  4 55710.15471640 49.946
 108 203.219039  64.646394    41.590    41.586  4 55720.07036666 51.248
 109 203.216714  64.645859    40.181    40.009  4 55729.98601443 32.513
 110 203.219542  64.645538    40.512    40.506  4 55739.90166135 47.920
 111 203.215249  64.646829    41.441    41.418  4 55749.81730630 40.069
 112 203.216943  64.646612    40.893    40.886  4 55759.73294955 44.774
 113 203.218642  64.645271    41.748    40.864  4 55769.64859003 25.064
 114 203.220092  64.643045    40.706    40.693  4 55779.56422724 47.462
 115 203.218317  64.642138    41.285    40.220  4 55789.47986147 29.338
 116 203.221651  64.642447    40.095    40.099  4 55799.39549483 41.565
 117 203.216752  64.644700    40.750    39.908  4 55809.31114076 29.662
 118 203.216748  64.646015    39.344    39.236  4 55819.22678950 52.628
 119 203.218205  64.645517    39.773    38.975  4 55829.14243416 29.122
 120 203.218565  64.643799    38.325    38.274  4 55839.05807438 52.082
 121 203.220292  64.642138    44.330    44.673  4 55848.97371170 21.667
 122 203.217791  64.643527    37.248    37.261  4 55858.88934641 48.092
 123 203.218218  64.645558    36.658    36.594  4 55868.80499456 45.242
 133 203.219469  64.641806    43.392    43.612  5 55967.96143814 10.428
 134 203.217951  64.643110    42.872    42.749  4 55977.87707472 10.688
 135 203.216515  64.644931    42.686    42.679  4 55987.79271064 11.910
 136 203.216266  64.645781    42.656    42.752  4 55997.70835026 10.796
 137 203.219094  64.644406    42.856    43.154  5 56007.62400197 11.123
 138 203.219724  64.642895    43.561    43.651  4 56017.53964929  9.640
 139 203.220017  64.642333    44.477    44.513  4 56027.45529355  9.946
 141 203.220082  64.645029    38.393    38.338  4 56047.28657638 33.671
 142 203.217628  64.647107    40.714    40.664  5 56057.20221373 36.521
 144 203.217545  64.647336    44.852    44.593  5 56077.03349590 25.408
 145 203.221139  64.646034    88.944    88.944  2 56086.94914524  7.195
 146 203.217784  64.646248    43.656    44.725  5 56096.86479142 28.472
 147 203.217166  64.646023    43.344    43.218  4 56106.78043575 26.696
 148 203.217567  64.645095    42.992    42.556  4 56116.69606581 24.254
 149 203.220069  64.643842    41.200    41.213  4 56126.61170395 50.638
 150 203.219310  64.643336    41.382    41.077  4 56136.52733785 24.068
 151 203.217565  64.643538    40.340    40.414  4 56146.44298153 49.226
 152 203.218193  64.643884    39.166    39.107  4 56156.35863100 37.548
 153 203.216760  64.644696    44.090    44.116  4 56166.27427930 21.903
 154 203.217853  64.644459    39.036    38.913  4 56176.18992557 34.075
 155 203.220364  64.643633    39.300    39.309  4 56186.10556705 44.693
 156 203.217723  64.643535    45.837    45.991  4 56196.02120427 19.929
 157 203.217031  64.644255    45.798    45.978  4 56205.93683866 21.162
 158 203.219054  64.645715    38.298    38.365  4 56215.85247181 39.672
 159 203.218619  64.647617    37.266    37.235  4 56225.76811118 45.706
 160 203.214877  64.648315    37.656    37.652  4 56235.68376616 32.526
 161 203.218299  64.647073    37.302    37.309  4 56245.59941804 24.384
 162 203.218305  64.646345    38.877    38.213  4 56255.51506446 22.635
 163 203.215597  64.646902    39.867    39.571  4 56265.43070658 20.678
 164 203.218774  64.646792    42.107    42.081  4 56275.34634755 18.727
 165 203.217537  64.646390    42.933    42.875  5 56285.26199306 14.880
 166 203.218023  64.644404    42.518    42.661  4 56295.17764377 14.604
 167 203.218340  64.642215    41.730    41.680  4 56305.09329032 13.867
 168 203.218048  64.641629    42.486    42.610  4 56315.00893313 13.673
 169 203.221621  64.642338    42.891    42.912  4 56324.92457432 12.922
 170 203.216289  64.644971    42.421    42.243  4 56334.84021379 13.181
 171 203.217686  64.645389    42.864    42.900  4 56344.75585315 11.806
 172 203.219476  64.644522    42.530    42.711  4 56354.67149032 11.934
 173 203.217305  64.643508    42.803    42.866  4 56364.58713502 10.669
 174 203.220349  64.642599    43.310    43.251  4 56374.50278429 10.499
 176 203.218243  64.645901    43.269    43.427  4 56394.33407368  9.659
 177 203.217703  64.647083    43.138    43.111  4 56404.24971550  9.397
 178 203.216183  64.647580    41.984    41.970  4 56414.16535426  9.388
 179 203.219155  64.646775    37.721    37.834  4 56424.08098865 28.859
 180 203.217419  64.646549    37.889    37.886  4 56433.99663384 43.090
 181 203.217409  64.646191    44.331    44.342  4 56443.91228610 53.374
 182 203.216565  64.646690    44.415    44.306  4 56453.82793571 33.016
 183 203.217789  64.645859    41.607    41.638  5 56463.74358287 44.548
 184 203.219993  64.643788    40.561    40.580  4 56473.65922678 43.648
 185 203.221439  64.641655    44.061    44.036  4 56483.57486722 27.153
 187 203.219482  64.643512    40.071    40.060  4 56503.40613810 52.388
 188 203.216072  64.646762    40.736    40.153  4 56513.32177035 33.227
 189 203.217440  64.647019    39.126    39.136  4 56523.23741976 42.396
 190 203.218102  64.645316    39.456    39.423  4 56533.15307189 53.750
 192 203.220026  64.642554    45.327    45.326  5 56552.98436522 21.618
 193 203.217244  64.644787    45.460    45.524  4 56562.90000754 19.776
 194 203.215905  64.647543    45.164    45.130  4 56572.81564875 19.758
 195 203.218052  64.648790    37.989    37.903  4 56582.73128830 35.170
 196 203.214831  64.649080    39.881    39.806  4 56592.64692300 27.131
 197 203.218291  64.646511    37.099    37.100  4 56602.56257466 46.106
 198 203.216761  64.645432    38.359    38.328  4 56612.47822390 32.857
 199 203.217998  64.645827    37.913    37.850  5 56622.39386891 26.101
 201 203.216988  64.647065    39.142    38.483  5 56642.22514836 22.713
 202 203.219273  64.644495    42.297    42.471  4 56652.14079817 19.270
 203 203.218394  64.642103    39.021    37.841  4 56662.05644795 23.435
 204 203.219874  64.640982    43.210    43.236  4 56671.97209494 16.855
 205 203.218226  64.643007    41.908    43.057  4 56681.88773974 17.818
 206 203.220152  64.644919    40.120    40.131  4 56691.80338289 18.949
 207 203.215538  64.646817    42.281    42.317  4 56701.71902160 16.426
 208 203.218780  64.645428    42.390    42.190  4 56711.63465633 16.523
 210 203.221086  64.642522    44.505    45.003  4 56731.46595338 13.999
 211 203.220328  64.644396    44.344    44.796  4 56741.38160102 12.915
 212 203.218311  64.647236    43.620    43.931  4 56751.29724418 12.487
 213 203.218451  64.648751    42.283    42.148  4 56761.21288254 13.930
 214 203.215971  64.648930    40.042    40.062  4 56771.12851408 36.965
 215 203.218679  64.646100    38.948    38.952  4 56781.04416898 41.396
 216 203.220634  64.644058    44.383    44.364  4 56790.95982413 26.124
 217 203.218997  64.644092    44.447    44.424  4 56800.87547577 24.711
 218 203.218120  64.645214    44.629    45.350  5 56810.79112045 25.944
 219 203.216050  64.645877    40.741    40.684  4 56820.70676038 36.816
 221 203.219705  64.642771    41.713    41.666  5 56840.53802986 48.439
 222 203.219366  64.642549    41.116    41.052  5 56850.45366522 53.098
 223 203.221339  64.643070    45.095    45.146  4 56860.36931978 20.891
 224 203.218520  64.645299    40.542    40.373  4 56870.28497298 48.105
 225 203.219108  64.645903    40.628    40.626  4 56880.20062394 40.742
 226 203.218178  64.645017    41.439    41.310  4 56890.11627127 26.520
 227 203.219466  64.643077    41.798    41.022  4 56900.03191608 25.887
 228 203.219501  64.642933    40.787    39.967  5 56909.94755854 32.544
 229 203.219725  64.644702    39.264    39.256  4 56919.86319924 32.206
 230 203.217823  64.647634    44.292    44.229  4 56929.77883756 19.525
 231 203.215930  64.649394    38.945    38.275  4 56939.69447128 34.975
 232 203.217348  64.648740    37.683    37.680  4 56949.61010834 50.433
 233 203.216341  64.646583    37.135    37.088  4 56959.52576078 46.610
 234 203.217494  64.644978    37.836    37.830  4 56969.44140823 36.787
 235 203.217311  64.645116    37.935    37.962  4 56979.35705149 36.076
 236 203.216981  64.646086    38.369    38.369  4 56989.27269022 30.452
 237 203.218518  64.646433    37.590    37.614  4 56999.18832290 26.964
 238 203.218084  64.645111    37.896    37.932  4 57009.10397473 26.769
 239 203.220118  64.642895    38.122    38.137  4 57019.01962768 25.348
 240 203.220183  64.642155    38.040    38.041  5 57028.93527729 28.850
 241 203.219117  64.643162    37.771    37.737  5 57038.85092503 28.744
