#   12.379   0.324   1.659 ;Mean Elev.(m), Avg Gradient(m/km), RMS Gradient(m/km)
   1 196.060576  62.118617     4.183     4.158  3 54666.89900667 40.405
   2 196.057409  62.119194     5.124     4.295  3 54676.81465095 37.325
   3 196.058314  62.121409     3.763     4.082  3 54686.73029438 26.930
   4 196.055219  62.121159     4.610     4.612  3 54696.64593542 50.106
   5 196.058025  62.120249     4.625     4.709  3 54706.56157580 35.711
   6 196.058468  62.118275     4.101     4.075  3 54716.47722773 40.412
   7 196.061961  62.117304     4.997     4.992  4 54726.39287761 40.673
   8 196.060633  62.117297     4.539     4.113  3 54736.30852545 35.884
   9 196.059078  62.119318     5.113     4.784  4 54746.22417290 34.368
  10 196.057248  62.120924     2.532     2.455  3 54756.13981986 38.822
  11 196.058846  62.121006     3.422     3.430  3 54766.05546537 34.592
  12 196.059991  62.118579     4.695     4.618  4 54775.97110750 25.140
  13 196.061167  62.116437     5.714     5.749  3 54785.88674717 22.080
  14 196.062625  62.116601     5.897     5.971  3 54795.80238572 21.567
  17 196.058953  62.119406     5.500     5.430  3 54825.54930740 13.296
  18 196.058944  62.119459     5.655     5.565  4 54835.46494684 12.938
  19 196.057764  62.120039     6.093     6.057  3 54845.38059646 13.276
  20 196.057113  62.121369     6.282     6.180  3 54855.29624553 11.627
  21 196.055443  62.122834     6.353     6.523  4 54865.21189446 11.586
  22 196.054967  62.123263     6.413     6.470  3 54875.12754303 10.910
  23 196.056568  62.122447     6.663     6.466  3 54885.04318889 10.757
  24 196.058358  62.120380     6.570     6.541  4 54894.95883118 11.355
  25 196.061602  62.119256     6.508     6.557  3 54904.87447099 12.700
  26 196.060174  62.118451     6.832     6.870  4 54914.79010920 12.696
  27 196.057852  62.118715     6.636     6.552  3 54924.70574695 11.094
  28 196.058046  62.119330     6.927     7.083  3 54934.62138421 11.627
  29 196.060180  62.118735     6.717     6.801  3 54944.53701955  4.461
  30 196.063091  62.116605     5.496     5.276  3 54954.45265251 25.214
  31 196.063587  62.115355     4.489     4.537  3 54964.36829824 42.313
  32 196.062886  62.115933     7.170     7.177  3 54974.28394649 44.865
  33 196.062644  62.118157     5.904     5.863  3 54984.19959450 44.881
  34 196.061096  62.119839     6.063     5.590  3 54994.11524222 29.493
  35 196.059773  62.120554     6.059     5.711  3 55004.03088860 28.697
  36 196.058397  62.120375     6.410     6.334  4 55013.94653279 28.767
  37 196.058794  62.120447     5.053     5.020  3 55023.86217574 50.472
  38 196.057010  62.120757     5.168     4.293  3 55033.77781783 34.659
  39 196.057774  62.121565     3.949     3.832  3 55043.69345946 42.224
  40 196.057903  62.120737     6.045     6.586  3 55053.60909921 31.381
  41 196.059864  62.118908     5.580     5.773  4 55063.52473678 32.445
  42 196.062357  62.118019     4.568     4.376  3 55073.44038225 34.598
  43 196.060903  62.117227     4.955     5.315  3 55083.35603016 35.031
  44 196.061706  62.118431     4.613     4.276  3 55093.27167701 35.363
  45 196.057786  62.118587     6.333     6.841  3 55103.18732318 32.166
  46 196.058245  62.119574     6.146     6.829  3 55113.10296960 30.679
  47 196.061027  62.119704     3.590     3.991  3 55123.01861373 34.920
  48 196.061437  62.118333     2.206     2.101  3 55132.93425455 37.372
  49 196.061104  62.117003     1.721     1.606  3 55142.84989319 38.547
  50 196.062704  62.117721     4.104     4.186  3 55152.76553157 19.179
  51 196.060546  62.118093     4.589     4.471  3 55162.68116984 17.355
  52 196.058064  62.118224     2.080     2.044  3 55172.59680771 42.503
  53 196.058776  62.118283     4.696     4.695  3 55182.51244427 25.509
  54 196.057394  62.118947     5.824     5.654  3 55192.42809520 26.642
  55 196.057755  62.120631     6.160     5.993  3 55202.34374547 21.975
  56 196.056791  62.121821     6.356     6.651  3 55212.25939497 22.249
  57 196.055130  62.121839     6.351     6.449  3 55222.17504387 21.561
  58 196.055454  62.120922     6.571     6.619  3 55232.09069157 20.121
  59 196.060726  62.120374     6.168     6.164  3 55242.00633655 19.554
  60 196.059997  62.118702     5.734     5.712  3 55251.92197742 17.190
  61 196.061654  62.118987     6.080     6.179  3 55261.83761639 15.885
  62 196.061328  62.119588     5.860     5.644  3 55271.75325424 15.957
  63 196.058602  62.118839     5.854     5.913  3 55281.66889156 15.538
  64 196.060921  62.118316     5.804     5.573  3 55291.58452818 14.968
  65 196.062282  62.116651     5.763     5.763  4 55301.50016232 12.333
  66 196.062894  62.116329     5.776     6.064  3 55311.41580981 13.775
  67 196.062177  62.116699     5.914     6.153  4 55321.33145522 19.685
  68 196.060918  62.117854     4.466     4.414  3 55331.24709960 42.443
  69 196.057696  62.118555     6.872     6.922  3 55341.16274374 29.933
  70 196.059479  62.119609     5.069     4.049  3 55351.07838819 33.864
  71 196.060853  62.119923     5.317     4.889  3 55360.99403034 27.844
  72 196.058782  62.119530     6.158     6.757  3 55370.90966995 31.210
  73 196.056785  62.119633     5.396     4.647  3 55380.82530810 30.778
  74 196.059185  62.120934     3.881     3.676  3 55390.74094603 37.310
  75 196.058277  62.119812     4.277     4.080  3 55400.65658219 40.173
  76 196.058575  62.118226     4.392     4.233  3 55410.57223049 47.707
  77 196.061596  62.117107     4.419     4.306  3 55420.48788067 43.711
  78 196.062583  62.116662     4.964     4.742  3 55430.40352769 34.711
  79 196.061593  62.117855     4.798     4.688  3 55440.31917237 39.709
  80 196.059187  62.119142     4.670     4.513  3 55450.23481551 48.914
  81 196.059189  62.119690     3.863     3.856  3 55460.15045830 39.510
  82 196.060921  62.118744     5.289     5.513  3 55470.06610009 31.159
  83 196.062447  62.116961     5.411     5.273  3 55479.98173866 28.618
  84 196.061634  62.115345     1.780     1.834  3 55489.89737435 40.160
  85 196.063435  62.116110     2.451     1.850  3 55499.81300829 33.167
  86 196.062212  62.117792     1.554     1.530  3 55509.72864937 34.238
  87 196.060135  62.119329     3.771     4.565  3 55519.64429920 25.799
  88 196.058515  62.119694     6.182     6.265  3 55529.55994796 20.777
  89 196.058338  62.119571     5.708     5.538  3 55539.47559507 18.025
  90 196.056924  62.119393     5.568     5.659  3 55549.39123987 16.584
  91 196.057796  62.120919     5.627     5.618  4 55559.30688342 15.836
  92 196.057060  62.122037     6.582     6.593  3 55569.22252597 13.880
  93 196.057474  62.121736     5.423     5.061  3 55579.13816758 12.108
  94 196.060929  62.119964     5.578     5.369  3 55589.05380678 11.058
  95 196.063447  62.116858     5.536     5.582  3 55598.96944267 10.763
  96 196.064455  62.115014     5.835     5.881  3 55608.88507604 11.563
  97 196.065137  62.115655     5.619     5.636  3 55618.80070786 13.047
  98 196.060579  62.117535     5.833     5.787  3 55628.71635555 13.098
  99 196.058311  62.118453     6.246     6.374  3 55638.63200647 12.464
 100 196.059589  62.117753     5.916     5.754  3 55648.54765536 11.237
 101 196.062599  62.116386     6.178     6.235  3 55658.46330129 10.000
 102 196.061468  62.115228     6.406     6.393  3 55668.37894296 11.437
 103 196.060195  62.116304     5.533     5.488  3 55678.29458245 12.806
 104 196.059246  62.118289     5.927     5.544  3 55688.21022018 26.044
 105 196.059144  62.119411     4.190     4.217  4 55698.12585658 45.642
 106 196.061478  62.119196     6.276     6.593  3 55708.04149292 30.035
 107 196.058481  62.118024     6.394     6.801  3 55717.95714361 29.646
 108 196.060061  62.118975     5.445     5.418  4 55727.87279228 35.002
 109 196.057625  62.119713     4.890     4.917  3 55737.78843894 50.861
 110 196.055884  62.120658     4.598     4.591  3 55747.70408440 35.629
 111 196.058860  62.121268     6.347     6.669  3 55757.61972805 25.862
 112 196.058454  62.118742     4.735     4.542  3 55767.53536837 44.844
 113 196.062802  62.116697     4.623     4.615  3 55777.45100614 36.405
 114 196.063717  62.114954     4.837     4.852  4 55787.36664107 37.366
 115 196.061668  62.114972     4.789     4.771  3 55797.28227445 37.386
 116 196.059599  62.116678     5.025     4.655  3 55807.19791730 39.163
 117 196.061752  62.119008     4.223     4.119  3 55817.11356688 38.491
 118 196.059883  62.117297     4.556     3.955  3 55827.02921220 37.524
 119 196.064653  62.116433     3.955     3.963  3 55836.94485383 39.245
 120 196.063878  62.114783     5.257     4.579  3 55846.86049163 29.523
 121 196.063106  62.115594     5.863     6.334  3 55856.77612720 27.811
 122 196.062732  62.118411     2.289     2.284  3 55866.69177108 39.102
 123 196.058506  62.120076     3.081     2.574  3 55876.60742315 28.919
 133 196.062387  62.116882     5.503     5.356  4 55975.76385495 13.081
 134 196.062661  62.118413     5.982     5.993  3 55985.67949132 11.152
 135 196.060410  62.117797     6.022     5.949  4 55995.59512631 10.789
 136 196.062136  62.117843     6.184     6.119  3 56005.51077827 10.451
 137 196.063345  62.116758     5.766     5.760  3 56015.42642611  9.644
 139 196.059723  62.117632     6.431     6.602  3 56035.25771389  8.584
 141 196.058752  62.120537     4.594     4.681  3 56055.08899351 34.503
 142 196.058657  62.119597     5.399     5.283  3 56065.00462781 46.370
 143 196.058252  62.118747     6.901     7.316  3 56074.92027252 31.362
 144 196.059254  62.119543     6.882     6.945  3 56084.83592220 28.743
 145 196.059756  62.120191     6.167     5.792  3 56094.75156941 28.036
 146 196.059053  62.120214     5.897     5.848  3 56104.66721428 52.099
 147 196.058441  62.119060     6.464     6.997  3 56114.58284450 31.250
 148 196.060549  62.117950     4.974     4.959  3 56124.49848280 36.171
 149 196.062797  62.116309     4.793     4.811  3 56134.41411707 37.366
 150 196.064692  62.116223     4.908     4.938  3 56144.32975743 45.257
 151 196.061998  62.116838     4.316     4.358  3 56154.24540756 36.503
 152 196.062251  62.118689     4.714     4.786  3 56164.16105694 34.591
 153 196.058212  62.118371     4.584     4.468  3 56174.07670358 36.404
 154 196.060127  62.118198     4.522     4.529  4 56183.99234565 42.476
 155 196.061790  62.117228     4.683     4.683  4 56193.90798382 42.434
 156 196.062338  62.116758     4.665     4.699  3 56203.82361909 39.898
 157 196.062494  62.117420     4.806     4.511  3 56213.73925279 31.477
 158 196.061489  62.118363     3.885     3.825  3 56223.65488692 40.523
 159 196.058367  62.119618     3.364     3.231  3 56233.57054279 38.029
 160 196.059073  62.120457     2.549     2.543  3 56243.48619497 38.650
 161 196.058405  62.120072     4.736     4.777  3 56253.40184221 24.772
 162 196.060605  62.120550     4.145     4.838  3 56263.31748546 24.185
 164 196.058938  62.119734     4.957     4.858  4 56283.14876961 16.395
 165 196.060487  62.119610     5.384     5.527  3 56293.06442149 15.663
 166 196.062147  62.118815     5.041     5.127  3 56302.98006887 15.342
 167 196.061390  62.117841     5.718     5.694  4 56312.89571183 12.638
 168 196.060950  62.118071     5.648     5.649  4 56322.81135274 12.116
 169 196.059776  62.118624     6.087     6.019  3 56332.72699297 12.463
 170 196.059638  62.118578     5.964     5.907  4 56342.64263274 11.260
 171 196.061200  62.117878     6.122     6.038  4 56352.55827028 10.698
 172 196.060585  62.116574     6.461     6.433  3 56362.47391126 11.124
 173 196.061104  62.117335     6.543     6.565  4 56372.38956053 10.686
 175 196.059455  62.120737     6.664     6.742  3 56392.22085170 10.858
 176 196.057920  62.121060     6.746     6.709  4 56402.13649442 10.461
 177 196.059450  62.121081     6.584     6.525  3 56412.05213461  8.243
 178 196.058954  62.119451     6.340     6.354  4 56421.96776942  6.831
 179 196.061413  62.119785     5.175     4.956  3 56431.88341025 13.749
 180 196.059377  62.120684     5.469     4.919  3 56441.79906282 37.398
 181 196.056636  62.120884     6.335     6.305  3 56451.71471269 45.881
 182 196.056543  62.120141     6.719     6.871  3 56461.63036027 27.922
 183 196.059418  62.119115     6.769     6.952  4 56471.54600479 33.458
 184 196.059600  62.117304     5.366     5.239  3 56481.46164545 35.458
 185 196.059814  62.116750     4.696     4.725  3 56491.37728249 47.456
 187 196.060963  62.117536     5.073     4.868  4 56511.20855052 32.861
 188 196.059283  62.117159     4.885     4.566  3 56521.12419545 34.621
 189 196.060561  62.117498     4.992     4.662  3 56531.03984883 37.430
 191 196.060396  62.117691     4.209     4.208  3 56550.87114333 42.616
 192 196.059743  62.119481     4.029     4.044  4 56560.78678623 47.159
 193 196.059504  62.121363     5.793     5.261  3 56570.70242807 27.930
 194 196.057440  62.121434     4.625     4.483  3 56580.61806806 36.421
 195 196.058587  62.119970     5.675     4.827  3 56590.53370408 31.111
 196 196.060091  62.119207     3.936     3.879  3 56600.44935124 44.320
 197 196.061169  62.119773     5.697     5.498  3 56610.36500165 34.976
 198 196.058403  62.120347     3.585     2.280  3 56620.28064704 33.082
 199 196.058136  62.121174     3.098     2.183  3 56630.19628962 30.907
 200 196.059551  62.120276     5.773     5.726  3 56640.11192868 28.761
 201 196.060325  62.117987     5.702     5.508  3 56650.02757482 27.570
 202 196.061663  62.116753     5.428     5.179  4 56659.94322575 24.813
 203 196.059967  62.116648     5.874     5.518  3 56669.85887280 23.017
 205 196.057399  62.120031     3.540     3.956  3 56689.69016105 34.555
 206 196.057053  62.119337     5.455     5.264  3 56699.60580115 24.189
 207 196.059011  62.117230     5.210     5.176  3 56709.52143664 23.049
 208 196.061680  62.116568     4.899     4.883  4 56719.43707725 28.840
 209 196.060806  62.118031     5.045     5.082  4 56729.35272959 26.394
 211 196.056499  62.122524     4.615     4.630  4 56749.18402261 34.891
 212 196.055646  62.122122     3.566     4.708  3 56759.09966229 36.570
 213 196.057988  62.120227     3.776     4.905  3 56769.01529585 40.048
 214 196.058310  62.119040     3.266     2.692  3 56778.93094449 38.469
 215 196.057927  62.119659     5.564     4.886  3 56788.84660021 32.305
 216 196.057445  62.121373     5.574     5.035  4 56798.76225256 32.455
 217 196.057517  62.122775     4.963     4.971  3 56808.67789890 32.031
 219 196.059410  62.119353     5.967     5.895  4 56828.50917609 36.400
 220 196.063291  62.116964     4.946     4.973  3 56838.42480987 48.930
 221 196.064495  62.115841     5.282     5.295  3 56848.34044090 38.081
 222 196.061407  62.117824     5.347     5.187  3 56858.25609505 28.469
 223 196.060164  62.120510     6.064     6.188  3 56868.17174881 29.315
 224 196.059113  62.121203     5.239     5.130  3 56878.08740045 42.664
 225 196.056641  62.119620     4.447     4.451  3 56888.00304844 38.819
 226 196.059568  62.119155     5.092     4.300  3 56897.91869433 34.675
 227 196.060907  62.120148     5.138     4.470  3 56907.83433759 33.423
 228 196.058995  62.121859     4.338     4.396  3 56917.74997853 41.347
 229 196.055836  62.122842     3.987     3.994  3 56927.66561725 47.313
 230 196.054825  62.122136     3.818     3.654  3 56937.58125204 44.121
 231 196.058241  62.120153     3.878     3.301  4 56947.49688378 34.670
 232 196.061256  62.119680     2.762     2.747  3 56957.41253773 36.501
 233 196.059348  62.118874     2.784     2.749  3 56967.32818583 37.805
 234 196.059064  62.119874     2.841     2.431  3 56977.24383027 37.981
 235 196.058804  62.120696     4.912     4.856  3 56987.15947022 31.877
 236 196.057835  62.119031     4.913     5.026  3 56997.07510393 27.510
 237 196.061880  62.118152     5.571     5.443  3 57006.99075040 21.968
 238 196.063028  62.117184     5.628     5.694  3 57016.90640439 21.649
 239 196.060364  62.116755     4.778     4.815  3 57026.82205439 27.137
 240 196.061553  62.119368     4.954     4.977  3 57036.73770314 28.854
 241 196.059423  62.120660     4.950     4.982  3 57046.65334881 20.740
