# NaN NaN NaN ;Mean Elev.(m), Avg Gradient(m/km), RMS Gradient(m/km)
   2 197.879965  61.824631     8.749     8.473  3 54669.86576647 28.652
   3 197.878992  61.825675     9.776     9.638  3 54679.78141054 27.117
   4 197.879120  61.826667     9.650     9.648  3 54689.69705350 49.444
   5 197.880468  61.826628     9.811     9.976  3 54699.61269427 22.196
   6 197.880126  61.824954     8.946     8.779  3 54709.52833856 29.387
   7 197.882124  61.824467     9.314     9.462  3 54719.44399004 25.120
   8 197.881132  61.823439     8.852     9.258  3 54729.35963863 35.031
   9 197.881403  61.824077     8.723     8.951  4 54739.27528602 31.077
  10 197.880868  61.825073     8.978     9.040  4 54749.19093341 34.681
  11 197.879135  61.825515     6.622     6.637  4 54759.10658041 44.574
  12 197.880740  61.825694     7.128     7.129  4 54769.02222538 33.735
  13 197.881458  61.824366     6.370     6.432  3 54778.93786670 31.709
  14 197.882145  61.822906     6.258     6.258  3 54788.85350548 30.294
  15 197.883652  61.822927     6.314     6.324  3 54798.76914339 25.216
  17 197.881168  61.823569     6.106     6.190  4 54818.60041824 21.772
  18 197.879850  61.824496     7.630     8.009  4 54828.51606976 14.939
  19 197.879616  61.825499     7.114     6.986  3 54838.43170867 12.725
  20 197.879081  61.826896     5.629     5.650  3 54848.34735798 27.285
  21 197.878674  61.828314     7.920     7.907  3 54858.26300683 10.555
  22 197.877033  61.828896     7.082     7.024  3 54868.17865563 11.331
  23 197.877394  61.828425     7.594     7.887  3 54878.09430373 18.370
  24 197.878755  61.826775     8.084     8.010  4 54888.00994868 13.268
  25 197.881204  61.825528     9.940     9.939  3 54897.92559044 12.841
  26 197.881661  61.825144    10.019     9.965  3 54907.84122947 12.225
  27 197.879511  61.824949     9.774    10.024  3 54917.75686697 11.843
  28 197.880539  61.825376     7.659     8.078  4 54927.67250466 13.820
  29 197.881014  61.824299     9.539     9.605  4 54937.58814146 12.771
  30 197.882115  61.822549     5.024     5.082  4 54947.50377646 33.389
  31 197.883372  61.820869     7.614     6.744  3 54957.41941097 35.272
  32 197.885015  61.821937    10.172    10.159  3 54967.33505974 42.308
  33 197.883374  61.822995    12.008    12.008  3 54977.25070727 30.472
  35 197.881136  61.824826    10.817    10.828  4 54997.08200272 28.625
  36 197.880790  61.825206    10.571    10.569  4 55006.99764881 27.964
  37 197.878869  61.825283    10.422    10.380  4 55016.91329256 48.251
  38 197.878295  61.826273     9.959     9.950  3 55026.82893507 23.023
  39 197.877147  61.827312     8.979     8.917  4 55036.74457703 29.210
  40 197.877554  61.827263     8.082     7.521  4 55046.66021803 32.874
  41 197.881124  61.825970     8.792     9.661  3 55056.57585729 25.577
  42 197.882164  61.822900     6.837     6.812  3 55066.49149377 42.192
  43 197.884334  61.822746     8.631     9.284  3 55076.40714372 30.489
  44 197.882472  61.823422     7.459     7.437  3 55086.32279145 48.371
  45 197.880873  61.825021     7.871     7.312  4 55096.23843773 34.157
  46 197.878794  61.825399     7.163     7.241  4 55106.15408357 49.625
  47 197.881658  61.825511     7.397     6.513  3 55116.06972947 33.129
  48 197.881305  61.823579     7.693     7.682  4 55125.98537249 34.022
  49 197.882524  61.822692     5.002     5.030  4 55135.90101324 42.054
  50 197.882115  61.822636     5.346     5.313  4 55145.81665179 29.908
  51 197.882360  61.824032     5.011     4.987  3 55155.73228976 23.728
  52 197.880251  61.824299     4.748     4.785  4 55165.64792754 24.648
  53 197.881931  61.824804     5.696     5.630  3 55175.56356543 26.997
  54 197.881570  61.823868     5.218     5.054  3 55185.47920631 23.799
  55 197.881857  61.824984     5.163     5.177  3 55195.39485751 28.113
  56 197.878120  61.826060     5.245     4.960  3 55205.31050712 23.907
  57 197.877073  61.828022     5.467     5.505  3 55215.22615648 22.559
  58 197.876261  61.828424     5.489     5.639  4 55225.14180519 21.316
  59 197.878537  61.827233     5.146     5.071  4 55235.05745199 19.308
  60 197.880471  61.824487     4.322     4.219  3 55244.97309527 20.073
  61 197.882657  61.823157     5.793     5.795  4 55254.88873581 24.269
  62 197.882131  61.823867     5.021     5.618  3 55264.80437460 23.819
  63 197.879290  61.825165     5.547     5.741  3 55274.72001231 20.527
  64 197.879877  61.825741     5.868     5.851  4 55284.63564955 20.169
  65 197.881049  61.823659     4.055     3.414  3 55294.55128488 22.613
  66 197.885152  61.821743     4.695     5.232  3 55304.46692300 37.629
  67 197.886020  61.821305     7.663     7.058  3 55314.38257029 27.140
  68 197.884388  61.822486     5.176     5.077  3 55324.29821574 42.998
  69 197.882075  61.824451    12.593    12.602  4 55334.21385999 43.925
  70 197.879168  61.825415     8.979     8.996  3 55344.12950386 48.597
  71 197.879757  61.825514    10.288    10.342  3 55354.04514735 24.168
  72 197.881023  61.825135    10.132    10.098  3 55363.96078872 25.080
  73 197.881014  61.824857     9.006     9.527  3 55373.87642823 30.728
  74 197.880288  61.825367     9.487     9.653  3 55383.79206648 21.944
  75 197.878255  61.825513     8.317     8.333  3 55393.70770371 40.326
  76 197.880696  61.825687     8.758     8.763  4 55403.62334094 42.432
  77 197.880873  61.824542     9.027     8.945  3 55413.53899254 50.601
  78 197.883303  61.823051     9.291     9.219  4 55423.45464140 27.337
  79 197.884467  61.821974     9.345     9.312  3 55433.37028762 27.508
  80 197.881853  61.822543     9.306     9.185  3 55443.28593204 26.337
  81 197.881386  61.824787     9.006     8.987  4 55453.20157553 28.930
  82 197.878973  61.825541     9.129     9.135  3 55463.11721788 27.026
  83 197.880605  61.824536     9.061     9.184  3 55473.03285832 29.048
  84 197.883271  61.822375     8.316     9.032  4 55482.94849586 28.800
  85 197.886089  61.820950     5.251     5.445  4 55492.86413130 45.181
  86 197.883839  61.820651     4.316     4.292  3 55502.77976484 43.794
  87 197.881439  61.823084     4.735     4.681  3 55512.69541119 38.614
  88 197.880597  61.825660     4.302     4.339  4 55522.61106090 45.270
  89 197.878054  61.825833     4.559     4.488  3 55532.52670873 35.151
  90 197.878721  61.825434     4.441     4.438  3 55542.44235513 32.916
  91 197.879494  61.825326     3.906     3.844  3 55552.35799958 26.985
  92 197.878399  61.826001     4.087     4.120  4 55562.27364270 21.531
  93 197.877893  61.826930     4.226     4.219  3 55572.18928525 23.435
  94 197.877379  61.826402     4.433     4.370  3 55582.10492644 17.724
  95 197.879818  61.824560     4.074     4.056  4 55592.02056448 31.061
  96 197.884143  61.822319     3.808     3.780  4 55601.93619934 19.406
  97 197.884786  61.820251     3.453     3.465  3 55611.85183168 20.357
  98 197.885682  61.820757     3.465     3.384  4 55621.76746533 19.766
  99 197.881818  61.822887     5.477     5.456  3 55631.68311799 14.886
 100 197.881994  61.824591     3.957     3.485  4 55641.59876881 17.713
 101 197.882032  61.823938     3.654     3.121  3 55651.51441657 21.601
 102 197.884616  61.822611     5.237     5.151  3 55661.43006064 14.032
 103 197.883815  61.821557     3.390     3.332  4 55671.34570128 22.935
 104 197.882273  61.822120     6.741     7.314  4 55681.26134050 37.451
 105 197.882006  61.823920     7.321     8.444  3 55691.17697829 31.764
 106 197.881654  61.824859     9.159     9.087  4 55701.09261436 47.479
 107 197.880232  61.824521     9.352     9.333  4 55711.00825507 27.648
 108 197.879894  61.824634    11.347    11.285  4 55720.92390498 46.902
 109 197.879935  61.825109    10.525    10.461  4 55730.83955281 50.591
 110 197.879023  61.825418     9.819     9.878  3 55740.75519919 22.125
 111 197.879636  61.826056     9.772     9.731  3 55750.67084448 23.776
 112 197.880214  61.825572     9.827     9.867  4 55760.58648725 25.567
 113 197.880818  61.824098     9.745     9.828  4 55770.50212706 35.121
 114 197.882628  61.822272     9.796     9.808  3 55780.41776356 29.467
 115 197.884251  61.821113     9.753     9.692  3 55790.33339761 26.981
 116 197.883795  61.820614     9.647     9.620  3 55800.24903045 50.537
 117 197.882814  61.822322     9.631     9.640  3 55810.16467884 23.362
 118 197.882659  61.823685     9.576     9.647  3 55820.08032798 24.792
 119 197.882488  61.823106     9.549     9.579  3 55829.99597230 26.605
 120 197.883342  61.821602     8.979     9.457  3 55839.91161206 30.968
 121 197.884432  61.820848     6.945     6.959  3 55849.82724882 37.703
 122 197.883272  61.821194     7.187     6.117  3 55859.74288342 29.960
 123 197.881990  61.823770     5.484     5.497  4 55869.65853356 38.608
 133 197.881717  61.822621     5.211     5.296  4 55968.81497555 17.203
 134 197.881846  61.823144     4.914     4.926  3 55978.73061208 16.787
 135 197.881286  61.822627     3.946     4.089  3 55988.64624770 16.059
 136 197.883007  61.822432     4.951     4.833  3 55998.56188895 14.313
 137 197.883002  61.822308     4.455     4.479  4 56008.47753987 13.250
 138 197.882562  61.822226     3.555     3.548  4 56018.39318659 19.853
 139 197.881283  61.822986     3.804     3.784  4 56028.30883048 23.968
 141 197.881082  61.825443     7.815     5.845  3 56048.14011340 31.336
 142 197.880610  61.825337     6.909     6.885  3 56058.05575097 36.527
 143 197.880479  61.823997    13.159    13.166  4 56067.97138403 56.163
 144 197.880090  61.824714    10.309    10.295  4 56077.88703462 30.094
 145 197.879196  61.825621    11.215    11.253  4 56087.80268331 33.283
 146 197.879169  61.826295    11.049    11.050  4 56097.71832952 32.759
 147 197.879424  61.825568    10.786    10.785  3 56107.63397334 53.546
 148 197.880697  61.823770     9.981     9.985  4 56117.54960274 30.676
 149 197.883772  61.822285     9.992     9.972  3 56127.46524025 29.612
 150 197.883857  61.820910    10.013    10.038  4 56137.38087382 27.819
 151 197.883834  61.822375     9.650     9.637  4 56147.29651948 29.427
 152 197.881550  61.823685     9.491     9.504  4 56157.21216880 24.992
 153 197.881422  61.824468     9.927     9.875  4 56167.12781734 24.141
 154 197.882119  61.823834     9.989    10.037  3 56177.04346326 25.128
 155 197.882245  61.822469     9.859     9.843  3 56186.95910425 25.426
 156 197.882722  61.821953     9.962    10.015  3 56196.87474166 28.215
 157 197.882354  61.822693     9.947     9.925  4 56206.79037607 25.678
 158 197.881965  61.823931     9.561     9.553  4 56216.70600895 29.632
 159 197.881085  61.824849     7.020     7.042  3 56226.62165049 48.249
 160 197.879143  61.824806     6.351     6.388  3 56236.53730515 40.164
 161 197.879827  61.824800     6.078     6.092  3 56246.45295622 26.170
 162 197.880044  61.824974     6.265     6.254  4 56256.36860222 26.289
 163 197.878956  61.825658     6.386     6.434  3 56266.28424452 31.903
 164 197.878468  61.826202     6.028     6.243  4 56276.19988524 30.155
 165 197.878891  61.825833     5.910     5.877  3 56286.11553200 17.367
 166 197.881601  61.824569     5.557     5.573  4 56296.03118231 19.170
 167 197.883375  61.822943     5.460     5.441  4 56305.94682840 44.655
 168 197.883136  61.822662     6.028     5.414  3 56315.86247111 21.036
 169 197.881309  61.824023     6.352     6.780  3 56325.77811199 18.413
 170 197.881349  61.825587     5.253     5.038  3 56335.69375210 18.731
 171 197.880122  61.824591     6.706     6.901  3 56345.60939060 15.045
 172 197.883625  61.823114     5.777     6.024  3 56355.52502710 14.893
 173 197.884460  61.822127     6.271     6.214  3 56365.44067303 21.824
 174 197.882538  61.822567     6.576     6.494  3 56375.35632164 15.223
 176 197.878114  61.826674     6.412     6.492  3 56395.18761136 16.579
 177 197.878348  61.827356     7.669     7.888  3 56405.10325326 32.672
 178 197.878740  61.826240     9.631     9.727  4 56415.01889180 26.451
 179 197.880219  61.824031    10.985    11.290  4 56424.93452544 35.029
 180 197.881682  61.824428    11.161    11.175  3 56434.85017288 30.339
 181 197.879739  61.825643    11.425    11.430  3 56444.76582482 47.761
 182 197.878275  61.827061    11.667    11.696  4 56454.68147431 32.342
 183 197.878443  61.826848    11.978    11.964  3 56464.59712085 53.180
 184 197.879947  61.824862    10.785    10.722  3 56474.51276373 27.635
 185 197.883861  61.822887     9.685     9.725  3 56484.42840344 33.777
 187 197.882592  61.822364     8.943     8.943  4 56504.25967431 46.774
 188 197.880996  61.823100     9.652     9.615  3 56514.17530724 27.485
 189 197.879815  61.823883     8.633     8.293  3 56524.09095858 37.461
 190 197.881528  61.823552     9.116     9.330  4 56534.00661036 31.254
 192 197.882413  61.823022     9.157     9.467  3 56553.83790292 31.630
 193 197.880653  61.824930     9.183     9.358  3 56563.75354571 23.372
 194 197.878917  61.826972     9.265     9.205  4 56573.66918719 22.314
 195 197.878364  61.827374     7.933     7.935  4 56583.58482615 51.728
 196 197.879142  61.825281     9.121     9.198  4 56593.50046035 29.158
 197 197.881432  61.825056     6.985     6.966  4 56603.41611321 41.307
 198 197.881203  61.824793     5.914     5.806  3 56613.33176201 47.126
 199 197.880942  61.825700     5.159     4.909  3 56623.24740688 39.735
 200 197.878979  61.825909     6.224     6.226  4 56633.16304869 43.517
 201 197.879989  61.825272     6.080     6.042  4 56643.07868610 39.055
 202 197.880749  61.824005     5.081     4.851  3 56652.99433705 24.337
 203 197.882389  61.822848     6.136     6.120  4 56662.90998644 25.931
 204 197.881829  61.822340     6.118     6.199  3 56672.82563282 32.632
 205 197.880634  61.823933     6.179     6.103  4 56682.74127783 38.293
 206 197.881013  61.825745     5.266     5.309  3 56692.65692088 37.033
 207 197.880557  61.825559     5.128     5.202  3 56702.57255951 29.631
 208 197.881566  61.823465     4.790     4.756  3 56712.48819297 31.611
 210 197.882156  61.824084     4.142     4.196  4 56732.31949093 30.177
 211 197.879686  61.826070     4.659     4.000  3 56742.23513859 30.011
 212 197.878214  61.827831     4.671     3.978  4 56752.15078200 38.024
 213 197.878755  61.827984     3.772     3.766  3 56762.06642022 45.936
 214 197.879112  61.825658     4.809     4.886  3 56771.98205127 41.254
 215 197.879122  61.825414     6.180     6.337  3 56781.89770811 41.424
 216 197.880625  61.826148     9.677     9.660  3 56791.81336273 52.347
 217 197.878461  61.826726    10.197    10.144  4 56801.72901401 25.435
 218 197.877113  61.826932     9.956     9.892  4 56811.64465794 50.773
 219 197.878503  61.826577     9.475     9.461  4 56821.56029780 31.379
 221 197.883202  61.822516    10.076    10.125  3 56841.39156574 28.154
 222 197.884075  61.821745    10.513    10.504  4 56851.30720301 48.477
 223 197.882871  61.823693    10.092    10.047  3 56861.22285757 30.387
 224 197.881197  61.825674    10.413    10.397  3 56871.13851146 29.527
 225 197.878958  61.826042     9.667     9.702  3 56881.05416226 22.281
 226 197.878455  61.825570     9.168     9.161  3 56890.96980942 44.446
 227 197.880117  61.825489     9.014     8.978  4 56900.88545387 33.512
 228 197.880253  61.826473     8.928     8.946  3 56910.80109623 33.841
 229 197.877675  61.827013     8.901     8.841  3 56920.71673662 23.342
 230 197.878450  61.828027     8.377     8.421  3 56930.63237520 50.729
 231 197.879040  61.827102     8.607     8.607  3 56940.54800857 32.947
 232 197.878462  61.825315     6.861     6.870  3 56950.46364724 41.793
 233 197.879376  61.825256     6.302     6.318  3 56960.37929911 43.339
 234 197.879228  61.825283     6.140     6.137  4 56970.29494594 41.830
 235 197.880442  61.825631     6.115     6.057  3 56980.21058905 43.993
 236 197.879686  61.824785     6.042     6.024  4 56990.12622745 39.518
 237 197.882265  61.823500     6.489     6.550  3 57000.04185978 34.370
 238 197.883246  61.823745     6.210     6.173  3 57009.95751429 34.317
 239 197.881055  61.822983     6.195     6.238  3 57019.87316629 31.931
 240 197.880891  61.823627     6.765     6.194  3 57029.78881556 27.745
 241 197.880953  61.824781     6.120     6.099  3 57039.70446312 32.202
