#   49.008   0.430  16.053 ;Mean Elev.(m), Avg Gradient(m/km), RMS Gradient(m/km)
   1 203.318796  64.630981    42.442    42.573  4 54659.09659260 23.479
   2 203.314721  64.630653    47.038    43.847  5 54669.01223843 20.526
   4 203.323414  64.631643    41.055    41.010  3 54688.84352638 40.708
   6 203.325047  64.632036    40.390    40.368  3 54708.67481091 45.697
   8 203.307418  64.629509    39.537    39.522  6 54728.50611015 48.858
   9 203.301848  64.629269    39.330    39.247  5 54738.42175706 48.747
  10 203.305120  64.629383    86.913    87.180  5 54748.33740458 26.691
  11 203.309475  64.629781    39.039    39.005  5 54758.25305186 45.602
  12 203.311679  64.629748    39.055    39.116  5 54768.16869678 43.867
  13 203.304710  64.629814    38.945    38.872  5 54778.08433752 34.816
  14 203.300669  64.629129    38.659    38.695  5 54787.99997618 31.457
  15 203.302219  64.628749    38.930    38.971  6 54797.91561435 30.800
  17 203.317388  64.630457    39.132    39.100  5 54817.74689099 20.963
  18 203.318955  64.631034    38.594    38.629  4 54827.66254135 20.817
  19 203.316241  64.630826    38.643    38.426  5 54837.57818018 18.438
  20 203.315198  64.630454    42.353    42.360  4 54847.49382949 11.645
  21 203.316261  64.630431    45.160    44.422  5 54857.40947835 10.684
  22 203.317974  64.630982    42.984    42.968  5 54867.32512727 11.262
  23 203.318648  64.630919    43.518    43.470  5 54877.24077547 11.016
  24 203.313249  64.630785    45.196    44.194  5 54887.15642012 10.117
  25 203.307947  64.629585    45.962    46.107  6 54897.07206147 10.113
  26 203.303068  64.628843    46.940    46.945  6 54906.98770023 10.518
  27 203.303146  64.628870    46.758    46.774  6 54916.90333823  9.980
  28 203.305049  64.629634    44.698    44.197  5 54926.81897623 10.426
  29 203.311096  64.629649    45.749    46.898  5 54936.73461404 11.820
  30 203.309665  64.630185    40.310    40.082  5 54946.65024928 10.383
  31 203.308156  64.629982    40.470    39.936  5 54956.56588245 40.325
  32 203.305944  64.629251    44.256    44.256  6 54966.48153096 51.386
  33 203.305250  64.629353    40.876    40.873  6 54976.39717855 53.187
  35 203.311828  64.630460    42.805    42.564  5 54996.22847437 26.678
  36 203.313362  64.630847    42.718    42.582  5 55006.14412054 26.557
  37 203.315906  64.630629    41.464    41.427  4 55016.05976468 31.733
  38 203.316724  64.630698    40.449    40.409  4 55025.97540725 39.322
  39 203.319465  64.631090    40.467    40.052  4 55035.89104954 32.316
  40 203.320639  64.631567    42.219    42.224  4 55045.80669088 24.716
  41 203.319445  64.631550    42.293    42.322  4 55055.72233025 22.894
  42 203.316695  64.630499    42.507    42.610  5 55065.63796725 21.697
  43 203.308791  64.629756    43.358    43.171  6 55075.55361517 21.184
  44 203.305790  64.629162    43.755    43.514  5 55085.46926277 19.004
  45 203.303900  64.629717    39.534    38.802  5 55095.38490873 33.516
  46 203.309698  64.629313    42.828    43.759  5 55105.30055523 24.092
  47 203.307754  64.629555    43.197    43.524  6 55115.21620071 22.622
  48 203.305941  64.629080    38.104    38.103  5 55125.13184384 50.852
  49 203.302968  64.628918    37.737    37.814  5 55135.04748422 45.638
  50 203.300980  64.629230    38.829    38.894  5 55144.96312255 31.671
  51 203.307342  64.629371    39.401    39.423  5 55154.87876103 25.573
  52 203.311890  64.630005    40.472    40.725  5 55164.79439961 20.719
  53 203.315699  64.630757    41.533    41.968  4 55174.71003792 17.849
  54 203.319252  64.630676    41.986    41.984  4 55184.62567808 15.928
  55 203.316959  64.630774    41.372    41.352  5 55194.54132906 15.365
  56 203.317700  64.630774    41.469    41.514  4 55204.45697899 14.223
  57 203.318639  64.631333    41.344    41.475  4 55214.37262821 13.896
  58 203.321158  64.630990    41.427    41.247  5 55224.28827713 13.538
  59 203.314558  64.630582    41.181    40.892  5 55234.20392347 13.002
  60 203.306352  64.629567    40.548    40.572  5 55244.11956647 13.159
  61 203.300272  64.628682    40.443    40.298  5 55254.03520664 13.693
  62 203.299263  64.628874    41.020    41.025  5 55263.95084533 12.050
  63 203.305818  64.629622    42.513    41.808  5 55273.86648377 11.178
  64 203.313081  64.629876    39.459    40.197  5 55283.78212186 13.749
  65 203.310189  64.630091    43.127    41.541  5 55293.69775760 10.305
  66 203.304633  64.629547    42.017    42.043  6 55303.61339423 11.568
  67 203.299683  64.628887    39.145    39.652  5 55313.52904140 27.779
  68 203.303387  64.628887    40.443    39.959  5 55323.44468717 40.295
  69 203.310352  64.629562    40.050    39.368  5 55333.36033185 39.522
  70 203.314635  64.630325    39.103    39.070  4 55343.27597615 51.646
  71 203.313770  64.630620    40.126    39.567  5 55353.19161960 41.611
  72 203.311842  64.630677    42.410    42.302  5 55363.10726084 26.158
  73 203.315737  64.630269    42.247    42.127  5 55373.02290079 24.394
  74 203.317975  64.631113    42.139    42.237  5 55382.93853922 23.296
  75 203.322316  64.631791    42.040    41.986  4 55392.85417711 23.070
  76 203.324057  64.632134    40.576    40.531  4 55402.76981324 40.222
  77 203.317520  64.631127    42.217    42.256  4 55412.68546453 20.180
  78 203.308788  64.629517    41.113    40.823  5 55422.60111313 26.101
  79 203.299853  64.628777    40.753    40.710  6 55432.51675894 38.689
  80 203.301138  64.628849    40.461    40.480  6 55442.43240365 53.464
  81 203.305207  64.629841    39.860    39.776  5 55452.34804700 52.824
  82 203.313131  64.630144    44.232    44.614  5 55462.26368996 19.839
  83 203.307995  64.630457    38.471    38.451  5 55472.17932999 48.350
  84 203.303635  64.629520    39.213    39.505  6 55482.09496735 27.652
  85 203.298477  64.629075    37.034    36.924  6 55492.01060239 47.044
  86 203.303540  64.629423    39.241    39.240  5 55501.92623659 34.431
  87 203.310822  64.630457    38.846    38.944  5 55511.84188199 28.040
  88 203.319290  64.630813    39.043    39.028  5 55521.75753239 22.801
  89 203.318450  64.631131    42.036    42.034  5 55531.67318071 15.002
  90 203.314750  64.630662    41.855    41.994  4 55541.58882716 13.025
  91 203.313777  64.630084    41.949    41.872  5 55551.50447176 12.521
  92 203.316662  64.630178    41.802    41.758  5 55561.42011516 12.545
  93 203.318578  64.631286    41.806    41.706  4 55571.33575762 14.091
  94 203.321621  64.631278    42.247    42.255  4 55581.25139912 12.859
  95 203.316634  64.630511    41.757    41.749  5 55591.16703686 12.077
  96 203.306197  64.629679    41.326    41.184  5 55601.08267091 12.103
  97 203.301934  64.628939    41.938    41.891  6 55610.99830337 10.863
  98 203.306179  64.629419    42.341    42.301  5 55620.91393552 11.417
  99 203.312164  64.630223    42.626    42.683  5 55630.82958893 10.652
 100 203.317468  64.630453    42.894    42.837  5 55640.74524032 10.741
 101 203.310542  64.630520    42.226    42.304  5 55650.66088798 11.060
 102 203.302494  64.629254    44.475    42.625  6 55660.57653201  9.737
 103 203.295924  64.628872    41.896    41.892  6 55670.49217268 10.488
 104 203.302761  64.628884    37.410    37.434  6 55680.40781269 24.360
 105 203.314042  64.630036    40.485    40.500  5 55690.32345113 33.922
 106 203.323735  64.630961    41.834    41.760  4 55700.23908786 52.794
 107 203.322550  64.631679    42.039    42.034  4 55710.15472703 50.957
 108 203.319832  64.630757    42.129    42.041  5 55720.07037700 41.699
 109 203.317506  64.630221    40.725    40.819  5 55729.98602476 47.377
 110 203.314573  64.630792    40.859    40.849  5 55739.90167109 46.678
 111 203.318920  64.630743    41.719    41.650  4 55749.81731693 54.197
 112 203.317732  64.630974    41.259    41.294  5 55759.73295988 44.241
 113 203.313667  64.630528    41.958    41.915  5 55769.64859977 24.628
 114 203.306474  64.629646    41.087    41.081  6 55779.56423610 51.523
 115 203.301820  64.629188    40.524    40.550  5 55789.47987003 32.523
 116 203.305156  64.629496    41.551    41.201  5 55799.39550339 32.878
 117 203.311782  64.629961    43.709    43.723  5 55809.31115050 19.787
 118 203.317544  64.630380    39.796    39.747  5 55819.22679984 51.039
 119 203.313246  64.630776    44.387    44.794  5 55829.14244390 21.268
 120 203.307846  64.629953    39.160    39.180  5 55839.05808353 49.668
 121 203.303811  64.629185    43.218    42.125  5 55848.97372026 19.708
 122 203.307072  64.629681    37.833    37.944  5 55858.88935556 42.375
 123 203.313260  64.630816    37.155    37.120  5 55868.80500430 38.353
 133 203.302981  64.628850    42.168    42.147  6 55967.96144670 10.677
 134 203.307223  64.629261    42.126    42.216  5 55977.87708387 10.569
 135 203.311549  64.630191    41.767    41.953  5 55987.79272038 12.830
 136 203.317057  64.630149    42.191    42.264  5 55997.70836059 12.649
 137 203.311238  64.630113    42.582    42.530  5 56007.62401142 10.922
 138 203.306103  64.629496    42.371    42.426  6 56017.53965814 10.139
 139 203.303515  64.629379    46.029    46.922  5 56027.45530211 10.324
 141 203.315104  64.630284    38.789    38.759  5 56047.28658612 30.943
 142 203.321296  64.631022    41.131    41.050  5 56057.20222435 36.292
 143 203.322651  64.631770    40.178    40.170  3 56067.11785784 50.039
 144 203.321220  64.631252    41.999    42.037  5 56077.03350652 34.565
 145 203.319049  64.630840    88.941    88.877  4 56086.94915527 27.871
 146 203.318572  64.630608    42.368    42.259  4 56096.86480175 28.050
 147 203.317952  64.630384    42.412    42.217  5 56106.78044608 26.575
 148 203.312592  64.630354    42.837    42.696  5 56116.69607555 22.127
 149 203.309331  64.629996    41.419    41.334  5 56126.61171310 42.095
 150 203.308570  64.629492    41.356    41.244  5 56136.52734700 33.183
 151 203.306827  64.629694    40.614    40.622  5 56146.44299069 51.194
 152 203.307457  64.630038    41.952    42.167  5 56156.35864015 23.410
 153 203.311787  64.629954    43.289    43.823  5 56166.27428904 21.015
 154 203.312883  64.629716    43.890    43.979  5 56176.18993531 21.592
 155 203.309638  64.629784    39.735    39.697  5 56186.10557620 36.115
 156 203.307001  64.629687    45.374    45.410  5 56196.02121342 19.582
 157 203.312069  64.629514    44.818    45.332  5 56205.93684840 22.011
 158 203.316974  64.630525    38.767    38.740  4 56215.85248184 37.206
 159 203.322302  64.631533    38.004    37.977  4 56225.76812181 45.943
 160 203.324317  64.631338    38.511    38.531  4 56235.68377738 31.654
 161 203.321971  64.630988    41.515    41.846  4 56245.59942867 21.397
 162 203.319095  64.630707    43.415    43.048  5 56255.51507479 20.210
 163 203.319267  64.630817    41.061    40.947  4 56265.43071721 20.015
 164 203.319566  64.631151    41.905    41.931  5 56275.34635788 17.650
 165 203.318331  64.630750    42.282    42.391  4 56285.26200339 15.914
 166 203.313056  64.629659    41.809    41.990  5 56295.17765351 15.429
 167 203.301854  64.629260    41.553    41.252  5 56305.09329888 14.916
 168 203.298682  64.629121    41.106    41.062  6 56315.00894140 14.586
 169 203.305133  64.629380    41.701    41.836  5 56324.92458288 13.577
 170 203.311323  64.630226    42.010    41.973  5 56334.84022353 13.712
 171 203.312719  64.630646    41.955    42.006  5 56344.75586289 13.073
 172 203.314502  64.629781    41.864    41.751  5 56354.67150006 12.892
 173 203.306569  64.629664    41.840    41.889  5 56364.58714417 11.322
 174 203.303849  64.629646    42.528    42.276  5 56374.50279285 10.788
 176 203.316145  64.630707    42.677    42.778  4 56394.33408372 10.224
 177 203.321368  64.630994    42.429    42.487  4 56404.24972612  9.991
 178 203.319856  64.631494    42.261    42.302  4 56414.16536489  9.816
 179 203.319950  64.631138    37.934    37.331  5 56424.08099899 38.980
 180 203.318214  64.630913    38.997    38.399  5 56433.99664417 36.536
 181 203.318199  64.630551    44.450    44.319  5 56443.91229643 44.523
 182 203.317354  64.631049    44.225    44.223  5 56453.82794604 32.657
 183 203.315693  64.630665    42.063    42.047  5 56463.74359290 54.288
 184 203.309253  64.629937    41.126    41.061  5 56473.65923593 50.621
 185 203.302058  64.629147    43.694    43.730  6 56483.57487549 28.714
 187 203.308744  64.629665    40.737    40.734  5 56503.40614725 51.485
 188 203.319743  64.630682    43.460    43.585  4 56513.32178098 25.552
 189 203.321114  64.630937    39.861    39.864  4 56523.23743039 53.770
 190 203.313139  64.630575    39.944    39.962  5 56533.15308163 43.496
 192 203.306420  64.629150    43.841    43.653  5 56552.98437407 25.598
 193 203.312281  64.630041    43.153    43.259  5 56562.90001728 26.675
 194 203.319586  64.631456    44.243    44.042  4 56572.81565937 22.009
 195 203.324613  64.632255    38.948    38.943  3 56582.73129923 40.298
 196 203.324274  64.632104    38.777    38.642  4 56592.64693421 38.170
 197 203.319085  64.630874    37.793    37.855  5 56602.56258499 48.848
 198 203.311792  64.630690    39.883    40.143  5 56612.47823364 30.036
 199 203.315908  64.630635    45.238    45.301  5 56622.39387895 20.668
 200 203.319184  64.631051    43.793    43.819  4 56632.30952121 22.154
 201 203.320667  64.630979    43.728    43.765  5 56642.22515899 21.060
 202 203.314309  64.629750    43.648    43.683  5 56652.14080792 19.017
 203 203.301910  64.629148    43.342    43.499  5 56662.05645651 17.497
 204 203.300506  64.628473    43.291    43.262  6 56671.97210320 17.350
 205 203.304619  64.629603    43.550    43.571  6 56681.88774860 15.276
 206 203.315184  64.630171    43.134    43.250  5 56691.80339264 17.175
 207 203.319210  64.630733    43.419    43.470  4 56701.71903222 15.115
 208 203.313809  64.630688    43.370    43.291  5 56711.63466607 14.740
 210 203.304585  64.629567    43.045    43.093  5 56731.46596194 13.821
 211 203.309589  64.630544    43.068    43.045  5 56741.38161017 12.906
 212 203.321975  64.631146    43.063    43.012  4 56751.29725480 12.388
 213 203.325004  64.632215    45.794    43.838  3 56761.21289346 10.517
 214 203.325410  64.631952    42.308    42.402  4 56771.12852530 28.924
 215 203.316592  64.630907    39.344    39.315  4 56781.04417902 46.406
 216 203.309902  64.630205    43.369    43.112  5 56790.95983328 26.465
 217 203.308263  64.630238    42.999    42.360  5 56800.87548492 25.106
 218 203.316020  64.630017    44.054    44.483  5 56810.79113049 25.534
 219 203.316831  64.630235    41.244    41.237  5 56820.70677071 49.926
 221 203.306083  64.629372    42.874    42.865  5 56840.53803872 28.145
 222 203.305745  64.629151    41.500    41.443  5 56850.45367408 52.621
 223 203.307719  64.629668    41.528    41.524  6 56860.36932863 37.270
 224 203.313544  64.630554    40.727    40.724  5 56870.28498272 40.453
 225 203.317016  64.630708    40.968    40.966  4 56880.20063398 48.021
 226 203.313207  64.630270    42.331    42.429  5 56890.11628101 25.133
 227 203.305856  64.629671    41.847    41.750  6 56900.03192494 31.003
 228 203.305890  64.629525    41.851    41.976  5 56909.94756740 26.918
 229 203.314754  64.629952    39.982    39.938  5 56919.86320898 37.465
 230 203.321497  64.631543    42.773    42.998  4 56929.77884818 23.289
 231 203.328247  64.631965    39.085    39.023  3 56939.69448279 37.576
 232 203.323906  64.632209    38.775    38.843  3 56949.61011926 48.342
 233 203.317131  64.630947    37.906    37.911  5 56959.52577111 45.035
 234 203.312520  64.630234    38.374    38.483  5 56969.44141797 42.094
 235 203.312338  64.630372    38.214    38.196  5 56979.35706123 40.667
 236 203.317773  64.630448    38.705    38.742  5 56989.27270055 30.488
 237 203.319317  64.630796    38.209    38.210  5 56999.18833323 25.913
 238 203.313123  64.630368    38.707    38.872  5 57009.10398447 22.617
 239 203.306513  64.629492    38.862    38.559  6 57019.01963653 21.480
 240 203.303695  64.629198    39.278    39.533  6 57028.93528585 19.618
 241 203.305508  64.629758    39.040    38.894  5 57038.85093389 18.851
