# NaN NaN NaN ;Mean Elev.(m), Avg Gradient(m/km), RMS Gradient(m/km)
   1 195.563296  62.746363     1.755     1.712  3 54663.93240185 32.132
   2 195.562795  62.747822     1.878     1.878  2 54673.84804680 28.495
   3 195.558587  62.748542   -74.193   -74.426  3 54683.76368988  9.632
   4 195.561482  62.749695     1.958     1.983  3 54693.67933227 32.783
   5 195.561748  62.748050   -81.172   -81.080  3 54703.59497162  8.137
   6 195.564780  62.746619     1.318     1.318  2 54713.51062161 32.749
   7 195.566727  62.745633     1.348     1.331  3 54723.42627234 31.687
   8 195.567443  62.746242     1.537     1.590  3 54733.34192084 32.649
   9 195.565467  62.747925     1.239     1.253  3 54743.25756781 34.773
  10 195.563042  62.748781     1.132     1.143  3 54753.17321439 34.007
  11 195.562483  62.748134     0.915     0.959  3 54763.08886052 40.083
  12 195.563276  62.746013     0.827     0.840  3 54773.00450405 33.836
  13 195.567432  62.745224     0.782     0.819  3 54782.92014519 28.847
  14 195.568201  62.745286     0.465     0.486  3 54792.83578373 28.597
  17 195.562716  62.746624     0.813     0.820  3 54822.58270044 16.422
  18 195.563742  62.746698     1.018     0.997  3 54832.49834082 14.377
  19 195.562486  62.747106     0.944     0.952  3 54842.41399085 13.680
  20 195.561061  62.748832     2.432     2.432  2 54852.32963986 12.670
  21 195.556299  62.750066     2.262     2.169  3 54862.24528823 13.548
  22 195.556379  62.751121     2.171     2.256  3 54872.16093702 13.116
  23 195.558872  62.750179     2.264     2.442  3 54882.07658394 11.992
  24 195.562470  62.747826     2.753     2.753  2 54891.99222749 12.920
  25 195.566648  62.746486     2.833     2.760  3 54901.90786832 12.538
  26 195.565057  62.746379     2.762     2.820  3 54911.82350711 12.905
  27 195.562780  62.747606     2.885     2.885  2 54921.73914487 11.996
  28 195.561033  62.747920     2.978     2.900  3 54931.65478189 12.509
  29 195.566309  62.747355     2.939     2.913  3 54941.57041790 11.743
  30 195.570662  62.745157     0.848     0.833  3 54951.48605197 41.797
  31 195.571132  62.743450     1.226     1.214  3 54961.40169320 33.093
  32 195.570890  62.744714     2.514     2.476  3 54971.31734196 44.212
  33 195.567875  62.746428     2.961     2.933  3 54981.23298943 30.151
  34 195.563041  62.747326     2.233     2.042  3 54991.14863636 36.583
  35 195.564337  62.748194     2.042     2.031  3 55001.06428348 34.183
  36 195.564313  62.748096     1.948     1.888  3 55010.97992858 33.638
  37 195.565120  62.748006     1.932     2.060  3 55020.89557221 35.430
  38 195.560852  62.747971     1.776     1.671  3 55030.81121424 30.478
  39 195.560599  62.749315     1.651     1.566  3 55040.72685607 32.296
  40 195.559574  62.749281     1.488     1.488  2 55050.64249623 26.221
  41 195.562199  62.747912     1.310     1.310  2 55060.55813443 32.300
  42 195.563815  62.745342     0.824     0.783  3 55070.47377559 34.678
  43 195.567389  62.744551     0.880     0.849  3 55080.38942498 33.113
  44 195.566170  62.744950     1.063     1.104  3 55090.30507230 39.754
  45 195.566624  62.747534     1.072     1.194  3 55100.22071910 34.134
  46 195.561834  62.748370     1.638     1.638  2 55110.13636478 31.934
  47 195.561095  62.747602     1.475     1.501  3 55120.05200902 35.469
  48 195.564338  62.745806     1.032     0.987  3 55129.96765087 38.637
  49 195.566709  62.744190    -0.042    -0.031  3 55139.88329063 40.522
  50 195.569677  62.745228     1.260     1.351  3 55149.79892961 20.921
  51 195.564764  62.746007     0.863     0.782  3 55159.71456755 17.267
  52 195.563983  62.747462     1.080     1.075  3 55169.63020556 15.712
  53 195.563295  62.747307     1.436     1.547  3 55179.54584224 22.459
  54 195.561906  62.746510     1.001     1.013  3 55189.46148869 38.114
  55 195.561440  62.747083     2.116     2.264  3 55199.37713920 25.055
  56 195.560687  62.748402     2.292     2.446  3 55209.29278901 23.241
  57 195.559403  62.749624     2.243     2.243  2 55219.20843831 23.170
  58 195.560252  62.749935     2.312     2.555  3 55229.12408688 23.302
  59 195.561934  62.748891     2.303     2.278  3 55239.03973223 21.908
  60 195.562726  62.746664     2.072     2.129  3 55248.95537376 19.688
  61 195.566154  62.746038     2.101     2.101  2 55258.87101329 19.540
  62 195.565531  62.745947     2.012     2.023  3 55268.78665170 17.770
  63 195.565304  62.747049     1.996     2.052  3 55278.70228997 17.825
  64 195.564424  62.747121     2.058     2.130  3 55288.61792678 16.477
  65 195.567120  62.746498     2.320     2.313  3 55298.53356145 12.597
  66 195.568343  62.745001     1.987     1.861  3 55308.44920444 10.278
  67 195.568099  62.744143     2.143     2.165  3 55318.36485043 10.358
  68 195.570371  62.745561     1.981     1.989  3 55328.28049591 31.936
  69 195.566557  62.746705     3.083     3.067  3 55338.19614025 37.949
  70 195.564712  62.748026     2.907     2.923  3 55348.11178437 30.742
  71 195.562725  62.748144     1.185     1.220  3 55358.02742659 34.098
  72 195.563364  62.748139     2.294     2.267  3 55367.94306692 29.993
  73 195.561005  62.747186     1.610     1.630  3 55377.85870539 44.463
  74 195.562460  62.747549     1.135     1.141  3 55387.77434350 34.140
  75 195.563183  62.747587     1.760     1.760  2 55397.68998055 30.250
  76 195.561963  62.746602     1.339     1.375  3 55407.60562409 30.661
  77 195.564241  62.746277     1.907     1.924  3 55417.52127522 28.337
  78 195.568926  62.746186     1.748     1.856  3 55427.43692314 34.845
  79 195.567751  62.745547     1.844     1.886  3 55437.35256785 47.776
  80 195.564201  62.745476     1.773     1.738  3 55447.26821114 31.312
  81 195.564696  62.746719     1.144     1.120  3 55457.18385461 32.809
  82 195.562103  62.746494     0.853     0.804  3 55467.09949697 32.594
  83 195.565444  62.746207     1.107     0.960  3 55477.01513664 42.292
  84 195.569514  62.745448     1.255     0.927  3 55486.93077314 29.587
  85 195.569485  62.744214     0.878     0.861  3 55496.84640694 39.023
  86 195.567167  62.744355     0.769     0.672  3 55506.76204296 41.065
  87 195.566584  62.746483     0.291     0.280  3 55516.67769355 33.558
  88 195.563929  62.747558     0.671     0.693  3 55526.59334290 26.680
  89 195.562694  62.748036     0.424     0.424  2 55536.50899031 19.555
  90 195.560049  62.747696     0.613     0.582  3 55546.42463535 17.852
  91 195.562794  62.749052     1.114     1.084  3 55556.34027929 16.565
  92 195.560197  62.749096     0.893     0.893  2 55566.25592177 20.521
  93 195.561950  62.749029     1.213     1.176  3 55576.17156402 24.437
  94 195.561944  62.747038     1.168     1.141  3 55586.08720409 22.533
  95 195.568985  62.746243     1.061     1.036  3 55596.00284170 17.682
  96 195.570781  62.745100     2.107     2.063  3 55605.91847565 13.940
  97 195.568528  62.744171     2.019     1.961  3 55615.83410709 14.236
  98 195.565764  62.744620     2.066     2.004  3 55625.74974837 16.604
  99 195.567755  62.746217     2.017     2.083  3 55635.66540070 17.022
 100 195.567157  62.746043     2.169     2.185  3 55645.58105048 14.670
 101 195.566849  62.745192     2.454     2.611  3 55655.49669746 12.188
 102 195.569765  62.745414     2.580     2.668  3 55665.41234035 12.214
 103 195.566508  62.745024     2.495     2.432  3 55675.32797972  7.245
 104 195.566819  62.746285     1.007     1.110  3 55685.24361796 25.322
 105 195.563828  62.746383     2.106     2.318  3 55695.15925463 34.058
 106 195.564786  62.746511     2.908     2.868  3 55705.07489038 40.792
 107 195.566846  62.747188     2.031     2.041  3 55714.99053830 35.406
 108 195.562265  62.746812     2.012     2.032  3 55724.90618682 30.749
 109 195.562885  62.748261     1.913     1.951  3 55734.82183405 31.349
 110 195.561025  62.748855     1.792     1.792  2 55744.73747965 44.051
 111 195.562772  62.748924     2.179     2.080  3 55754.65312389 28.178
 112 195.564050  62.746890     1.644     1.614  3 55764.56876555 29.194
 113 195.567823  62.745065     1.855     1.822  4 55774.48440463 25.774
 114 195.570568  62.744278     1.681     1.667  3 55784.40004054 27.283
 115 195.568984  62.744589     2.096     2.208  3 55794.31567393 22.387
 116 195.565336  62.745102     1.839     1.779  3 55804.23131094 23.238
 117 195.566046  62.746312     2.145     1.980  3 55814.14696078 21.877
 118 195.566235  62.745296     0.858     0.922  3 55824.06260822 34.498
 119 195.570206  62.744581     1.021     1.012  3 55833.97825136 34.445
 120 195.570114  62.743811     0.900     0.942  4 55843.89389011 36.330
 121 195.569555  62.744673     0.869     0.849  3 55853.80952592 33.899
 122 195.568520  62.746437     1.255     1.259  3 55863.72516330 49.234
 123 195.564002  62.747624     0.407     0.456  3 55873.64081669 29.307
 133 195.567010  62.745286     1.587     1.574  3 55972.79725330 15.511
 134 195.563791  62.746259     1.898     1.885  3 55982.71288911 14.015
 135 195.563412  62.745835     1.719     1.670  3 55992.62852323 11.808
 136 195.569154  62.746131     1.920     1.898  3 56002.54417201 11.695
 137 195.568950  62.744453     2.149     2.071  3 56012.45982132 11.422
 139 195.565634  62.745713     2.588     2.469  3 56032.29111056  9.867
 141 195.560135  62.748148     1.220     1.308  3 56052.12239051 11.170
 142 195.562038  62.747663     1.408     1.439  3 56062.03802661 36.217
 143 195.563858  62.746311     3.606     3.618  3 56071.95366625 42.698
 144 195.566929  62.747338     2.410     2.521  3 56081.86931706 33.506
 145 195.562793  62.747594     2.778     2.739  3 56091.78496452 31.342
 146 195.562531  62.748909     2.419     2.441  3 56101.70061008 30.177
 147 195.562505  62.748482     2.428     2.442  3 56111.61624116 26.781
 148 195.563525  62.746221     1.996     1.969  3 56121.53188026 27.348
 149 195.568567  62.744117     1.655     1.694  3 56131.44751600 25.652
 150 195.569224  62.742764     1.628     1.623  3 56141.36315112 33.352
 151 195.570511  62.745439     1.667     1.714  3 56151.27880250 46.502
 152 195.566271  62.747217     1.729     1.776  3 56161.19445154 28.145
 153 195.564354  62.747815     1.693     1.701  3 56171.11009893 29.505
 154 195.567483  62.747132     1.512     1.532  3 56181.02574240 29.548
 155 195.569868  62.745559     2.094     1.938  3 56190.94138179 28.962
 156 195.571134  62.744976     2.303     2.248  3 56200.85701834 27.366
 157 195.565297  62.744710     2.296     2.332  3 56210.77265195 29.773
 158 195.564870  62.746410     1.957     1.916  3 56220.68828433 46.736
 159 195.562012  62.747968     0.892     0.936  3 56230.60393525 44.997
 160 195.560714  62.747931     0.754     0.720  3 56240.51958809 40.821
 161 195.561916  62.747605     0.484     0.453  3 56250.43523715 24.196
 162 195.562182  62.746861     0.778     0.740  3 56260.35088135 28.876
 163 195.562973  62.747353     1.070     1.054  3 56270.26652331 21.410
 164 195.561320  62.747305     1.115     1.112  3 56280.18216330 19.270
 165 195.561060  62.747863     1.394     1.420  3 56290.09781510 16.888
 166 195.564044  62.747280     1.415     1.451  3 56300.01346354 17.688
 167 195.567443  62.746050     1.326     1.332  3 56309.92910787 22.815
 168 195.565911  62.744625     1.611     1.635  3 56319.84474934 13.104
 169 195.565328  62.745606     1.704     1.628  3 56329.76039025 12.675
 170 195.566147  62.747399     2.115     2.231  3 56339.67603058 13.287
 171 195.562241  62.746640     2.173     2.137  3 56349.59166806 12.778
 172 195.567537  62.746198     2.652     2.810  3 56359.50730477 12.027
 173 195.565800  62.744913     2.337     2.240  3 56369.42295470 11.394
 175 195.563380  62.747005     2.676     2.624  3 56389.25424749 10.918
 176 195.562866  62.749047     2.805     2.669  3 56399.16989107 11.615
 177 195.561919  62.749627     3.063     3.158  3 56409.08553193 10.514
 178 195.559751  62.747953     2.681     2.665  3 56419.00116796 11.014
 179 195.563892  62.747047     1.736     1.736  2 56428.91680223  8.955
 180 195.561598  62.746956     1.366     1.344  3 56438.83245563 44.273
 181 195.561833  62.747835     4.359     4.356  3 56448.74810679 54.931
 182 195.560955  62.748122     2.682     2.619  3 56458.66375557 33.074
 183 195.564250  62.748279     2.816     2.732  3 56468.57940140 26.615
 184 195.564581  62.746972     2.477     2.427  3 56478.49504281 26.240
 185 195.564309  62.745137     1.967     1.993  3 56488.41068026 26.245
 187 195.565733  62.744614     1.418     1.420  3 56508.24194960 33.100
 188 195.565347  62.745125     1.310     1.335  3 56518.15758844 36.101
 189 195.565416  62.746246     1.270     1.228  3 56528.07324281 34.310
 190 195.563683  62.745892     1.274     1.206  3 56537.98889261 36.680
 191 195.564074  62.745711     1.658     1.696  3 56547.90453860 45.601
 192 195.566733  62.747130     1.103     1.086  3 56557.82018232 34.948
 193 195.562062  62.747283     1.155     1.103  3 56567.73582429 34.106
 194 195.563382  62.749000     1.240     1.218  3 56577.65146563 38.915
 195 195.560796  62.748225     1.309     1.370  3 56587.56710275 35.410
 196 195.560800  62.747377     1.615     1.463  3 56597.48274389 44.678
 197 195.561918  62.747578     1.745     1.614  3 56607.39839557 41.586
 198 195.564608  62.748422     1.999     2.373  3 56617.31404259 34.440
 199 195.561617  62.747688     2.000     2.430  3 56627.22968560 29.323
 200 195.562873  62.747402     0.765     0.792  3 56637.14532628 34.529
 201 195.564373  62.746331     2.158     2.106  3 56647.06096802 25.344
 202 195.567298  62.746512     2.458     2.512  3 56656.97662045 22.171
 203 195.566949  62.746066     1.376     1.420  3 56666.89226816 34.318
 205 195.564449  62.747171     1.197     1.193  3 56686.72355703 36.755
 206 195.562072  62.746830     1.941     1.972  3 56696.63919863 24.801
 207 195.566169  62.746762     2.007     2.042  3 56706.55483627 23.380
 208 195.564998  62.744946     0.993     1.045  3 56716.47046989 32.091
 209 195.564699  62.746071     1.814     1.606  3 56726.38612313 18.291
 211 195.561715  62.749588     1.078     1.001  3 56746.21741836 22.329
 212 195.558621  62.749134     1.425     1.341  3 56756.13305962 16.422
 213 195.560895  62.748203     1.020     1.022  3 56766.04869560 42.224
 214 195.563703  62.747527     0.972     0.972  2 56775.96433641 43.507
 215 195.561218  62.747879     1.392     1.370  3 56785.87999280 40.183
 216 195.561012  62.749309     2.856     2.965  3 56795.79564582 26.881
 217 195.559542  62.749708     2.371     2.061  3 56805.71129425 30.317
 219 195.562292  62.746633     1.745     1.737  3 56825.54257440 25.480
 220 195.565460  62.745199     1.743     1.675  3 56835.45820929 25.817
 221 195.565655  62.744437     1.932     1.883  3 56845.37384074 22.128
 222 195.568251  62.746617     2.180     2.186  3 56855.28948786 27.136
 223 195.564528  62.747562     2.112     1.932  3 56865.20514126 26.565
 224 195.563207  62.747740     1.740     1.740  2 56875.12079395 23.931
 225 195.564094  62.747670     1.779     1.712  3 56885.03644367 25.736
 226 195.564664  62.747400     1.471     1.469  3 56894.95209034 34.229
 227 195.564673  62.748249     1.451     1.455  3 56904.86773388 35.185
 228 195.562155  62.749538     2.360     2.203  3 56914.78337506 25.663
 229 195.558646  62.750038     1.579     1.579  2 56924.69901423 53.378
 230 195.559462  62.749858     1.123     1.123  2 56934.61465089 35.095
 231 195.561772  62.748004     1.199     1.199  2 56944.53028223 32.867
 232 195.564735  62.747356     1.098     1.014  3 56954.44593135 44.489
 233 195.563086  62.747023     1.234     1.160  3 56964.36158101 41.677
 234 195.561572  62.747920     1.562     1.529  3 56974.27722623 47.664
 235 195.559239  62.748144     1.182     1.205  3 56984.19286693 31.497
 236 195.562040  62.747372     1.009     1.010  3 56994.10850302 24.918
 237 195.564708  62.745001     1.068     1.119  3 57004.02414170 20.133
 238 195.566804  62.744444     1.172     1.240  3 57013.93979800 19.092
 239 195.568671  62.745629     1.205     1.129  3 57023.85544935 39.830
 240 195.565487  62.747415     1.272     1.153  3 57033.77109776 23.469
 241 195.562003  62.748429     1.319     1.303  3 57043.68674364 17.847
