# NaN NaN NaN ;Mean Elev.(m), Avg Gradient(m/km), RMS Gradient(m/km)
   2    29.899 54673.84868204 43.88 201.215130  63.998597   -100 -100.00 -100.00 -100.00
   2    29.502 54673.84868263 46.34 201.220618  63.999645 26.102 -100.00 -100.00 -100.00
   2    29.599 54673.84868322 42.25 201.226107  64.000692   -100 -100.00 -100.00 -100.00
   2    29.715 54673.84868381 41.60 201.231597  64.001738   -100 -100.00 -100.00 -100.00
   2    29.674 54673.84868440 41.89 201.237087  64.002785   -100 -100.00 -100.00 -100.00
   3    11.519 54683.76432571 14.80 201.216304  64.000493 10.425 -100.00 -100.00 -100.00
   3    11.754 54683.76432630 10.29 201.221793  64.001540  5.762 -100.00 -100.00 -100.00
   3    -2.582 54683.76432689 26.89 201.227282  64.002587 15.457 -100.00 -100.00 -100.00
   3    -1.250 54683.76432748 22.78 201.232772  64.003633  8.600 -100.00 -100.00 -100.00
   3    -7.899 54683.76432807 25.96 201.238262  64.004680   -100 -100.00 -100.00 -100.00
   4    29.569 54693.67996794 40.33 201.217887  64.001284  0.105  266.55  266.06  262.35
   4    29.503 54693.67996853 34.19 201.223376  64.002331 31.064  266.55  266.06  262.35
   4    29.376 54693.67996912 33.50 201.228866  64.003378 26.301  266.55  266.06  262.35
   4    29.435 54693.67996971 30.48 201.234356  64.004424 20.128  266.55  266.06  262.35
   4    29.462 54693.67997030 29.48 201.239846  64.005471 16.632  266.55  266.06  262.35
   5    -3.261 54703.59560744 23.77 201.218978  64.000030 18.888 -100.00 -100.00 -100.00
   5    -2.958 54703.59560803 25.62 201.224466  64.001077 30.728 -100.00 -100.00 -100.00
   5     7.583 54703.59560862 18.64 201.229955  64.002124 12.040 -100.00 -100.00 -100.00
   5    12.916 54703.59560921 13.13 201.235445  64.003171  3.292 -100.00 -100.00 -100.00
   6    28.889 54713.51125661 45.28 201.214138  63.996958   -100  262.77  261.77  258.17
   6    29.228 54713.51125720 48.01 201.219625  63.998005   -100  262.77  261.77  258.17
   6    29.505 54713.51125779 49.93 201.225113  63.999052 29.690  262.77  261.77  258.17
   6    28.947 54713.51125838 54.01 201.230602  64.000099  5.449  262.77  261.77  258.17
   6    28.763 54713.51125898 55.96 201.236091  64.001146   -100  262.77  261.77  258.17
   7    14.555 54723.42690698 15.23 201.212622  63.995109  5.456 -100.00 -100.00 -100.00
   7    17.091 54723.42690757 17.81 201.218109  63.996156  7.707 -100.00 -100.00 -100.00
   7    19.972 54723.42690816 16.82 201.223597  63.997203  5.076 -100.00 -100.00 -100.00
   7    20.656 54723.42690875 16.40 201.229085  63.998250  4.879 -100.00 -100.00 -100.00
   7    17.680 54723.42690934 16.07 201.234573  63.999297  5.232 -100.00 -100.00 -100.00
   8    28.095 54733.34255545 46.14 201.213405  63.995439   -100  260.42  259.21  258.03
   8    28.151 54733.34255604 47.19 201.218893  63.996486   -100  260.42  259.21  258.03
   8    28.073 54733.34255663 49.01 201.224381  63.997533  4.918  260.42  259.21  258.03
   8    28.040 54733.34255722 53.10 201.229869  63.998579 24.050  260.42  259.21  258.03
   8    28.032 54733.34255782 56.33 201.235358  63.999626   -100  260.42  259.21  258.03
   9    27.982 54743.25820262 43.13 201.213836  63.997430   -100 -100.00 -100.00 -100.00
   9    28.612 54743.25820321 43.96 201.219325  63.998477 25.518 -100.00 -100.00 -100.00
   9    27.950 54743.25820380 46.84 201.224813  63.999524   -100 -100.00 -100.00 -100.00
   9    28.001 54743.25820439 51.22 201.230302  64.000570 21.044 -100.00 -100.00 -100.00
   9    28.113 54743.25820498 51.99 201.235791  64.001616  2.032 -100.00 -100.00 -100.00
  10    27.327 54753.17384976 40.54 201.216990  63.999384   -100  255.51  253.03  251.34
  10    27.305 54753.17385035 42.87 201.222479  64.000431   -100  255.51  253.03  251.34
  10    27.307 54753.17385094 43.97 201.227968  64.001477  2.986  255.51  253.03  251.34
  10    27.464 54753.17385154 41.69 201.233458  64.002524   -100  255.51  253.03  251.34
  11    75.786 54763.08949571 17.33 201.214831  63.998529 15.423  255.87  253.63  251.43
  11    75.974 54763.08949630 18.30 201.220320  63.999576 12.823  255.87  253.63  251.43
  11    74.224 54763.08949689 21.73 201.225810  64.000623 17.732  255.87  253.63  251.43
  11    74.957 54763.08949748 23.63 201.231299  64.001669 14.510  255.87  253.63  251.43
  11    73.933 54763.08949807 27.31 201.236790  64.002716   -100  255.87  253.63  251.43
  12    27.436 54773.00513940 31.61 201.216926  63.996773 24.934  254.56  251.62  247.72
  12    27.588 54773.00513999 32.77 201.222415  63.997820 31.046  254.56  251.62  247.72
  12    27.686 54773.00514058 34.74 201.227904  63.998867   -100  254.56  251.62  247.72
  12    27.927 54773.00514117 36.63 201.233393  63.999913   -100  254.56  251.62  247.72
  13    92.780 54782.92077991  0.73 201.215333  63.994754  4.389  259.52  257.01  253.28
  13    77.232 54782.92078050  2.26 201.220821  63.995801  4.753  259.52  257.01  253.28
  13    76.284 54782.92078109  5.48 201.226310  63.996848  5.910  259.52  257.01  253.28
  13    76.607 54782.92078168  5.19 201.231799  63.997894  5.783  259.52  257.01  253.28
  14    27.633 54792.83641826 23.60 201.214438  63.994514  8.464 -100.00 -100.00 -100.00
  14    27.702 54792.83641885 24.24 201.219926  63.995562 10.291 -100.00 -100.00 -100.00
  14    27.794 54792.83641944 23.46 201.225415  63.996608  9.122 -100.00 -100.00 -100.00
  14    27.714 54792.83642003 25.66 201.230905  63.997655 15.161 -100.00 -100.00 -100.00
  17    27.768 54822.58333585 19.33 201.216557  63.997843 10.616 -100.00 -100.00 -100.00
  17    27.781 54822.58333644 18.63 201.222046  63.998890  8.927 -100.00 -100.00 -100.00
  17    27.841 54822.58333703 18.24 201.227535  63.999937  8.962 -100.00 -100.00 -100.00
  17    27.868 54822.58333762 17.98 201.233024  64.000984  8.334 -100.00 -100.00 -100.00
  18    27.646 54832.49897610 13.80 201.216292  63.997490  5.600 -100.00 -100.00 -100.00
  18    27.625 54832.49897669 13.78 201.221781  63.998538  6.421 -100.00 -100.00 -100.00
  18    27.789 54832.49897728 13.77 201.227270  63.999584  5.106 -100.00 -100.00 -100.00
  18    27.816 54832.49897787 13.92 201.232759  64.000631  6.048 -100.00 -100.00 -100.00
  19    27.583 54842.41462594 13.04 201.213398  63.997471  5.910 -100.00 -100.00 -100.00
  19    27.706 54842.41462653 13.41 201.218887  63.998518  6.342 -100.00 -100.00 -100.00
  19    27.485 54842.41462712 14.24 201.224376  63.999565  8.139 -100.00 -100.00 -100.00
  19    27.621 54842.41462771 12.66 201.229865  64.000612  5.218 -100.00 -100.00 -100.00
  19    27.642 54842.41462830 13.37 201.235354  64.001658  6.242 -100.00 -100.00 -100.00
  20    27.885 54852.33027530  9.11 201.215632  63.999744  3.934  233.07  226.40  215.19
  20    28.505 54852.33027589  9.33 201.221121  64.000790  3.444  233.07  226.40  215.19
  20    28.350 54852.33027648  9.24 201.226610  64.001837  3.637  233.07  226.40  215.19
  20    28.250 54852.33027707  9.43 201.232100  64.002884  3.945  233.07  226.40  215.19
  20    28.931 54852.33027766  9.73 201.237590  64.003930  3.991  233.07  226.40  215.19
  21    28.733 54862.24592465  9.22 201.220288  64.002878  3.636  228.67  220.39  206.95
  21    29.374 54862.24592524  9.34 201.225778  64.003925  3.760  228.67  220.39  206.95
  21    29.454 54862.24592583  9.25 201.231268  64.004971  3.276  228.67  220.39  206.95
  21    29.368 54862.24592642  9.37 201.236759  64.006017  3.748  228.67  220.39  206.95
  22    29.749 54872.16157337  9.14 201.220161  64.003807  3.220 -100.00 -100.00 -100.00
  22    30.276 54872.16157396  9.18 201.225652  64.004854  2.983 -100.00 -100.00 -100.00
  22    30.721 54872.16157456  9.09 201.231142  64.005900  2.870 -100.00 -100.00 -100.00
  22    28.967 54872.16157515  9.27 201.236634  64.006946  2.898 -100.00 -100.00 -100.00
  22    30.784 54872.16157574  9.35 201.242125  64.007992  3.618 -100.00 -100.00 -100.00
  23    27.709 54882.07721961 10.65 201.216403  64.001604  2.565 -100.00 -100.00 -100.00
  23    28.007 54882.07722020 10.55 201.221893  64.002651  2.490 -100.00 -100.00 -100.00
  23    28.309 54882.07722079 10.73 201.227383  64.003697  2.692 -100.00 -100.00 -100.00
  23    29.036 54882.07722138 10.85 201.232874  64.004744  3.219 -100.00 -100.00 -100.00
  23    29.493 54882.07722198 10.88 201.238365  64.005790  3.011 -100.00 -100.00 -100.00
  24    30.191 54891.99286278  9.74 201.216200  63.998471  2.663 -100.00 -100.00 -100.00
  24    30.493 54891.99286337  9.73 201.221689  63.999518  2.430 -100.00 -100.00 -100.00
  24    29.987 54891.99286396  9.97 201.227179  64.000565  2.813 -100.00 -100.00 -100.00
  24    29.864 54891.99286455  9.90 201.232669  64.001611  2.378 -100.00 -100.00 -100.00
  25    28.504 54901.90850270 10.58 201.211918  63.995328  2.606 -100.00 -100.00 -100.00
  25    28.960 54901.90850329 10.63 201.217406  63.996375  2.939 -100.00 -100.00 -100.00
  25    28.921 54901.90850388 10.61 201.222896  63.997422  2.463 -100.00 -100.00 -100.00
  25    28.946 54901.90850447 10.79 201.228385  63.998469  2.750 -100.00 -100.00 -100.00
  25    30.358 54901.90850506 11.05 201.233875  63.999515  2.895 -100.00 -100.00 -100.00
  26    29.528 54911.82414175  8.93 201.212641  63.995715  2.645  238.56  232.34  225.71
  26    30.224 54911.82414234  8.90 201.218130  63.996762  2.238  238.56  232.34  225.71
  26    30.156 54911.82414293  8.95 201.223619  63.997808  2.612  238.56  232.34  225.71
  26    30.725 54911.82414352  9.09 201.229109  63.998855  2.356  238.56  232.34  225.71
  26    30.615 54911.82414411  9.18 201.234599  63.999901  2.704  238.56  232.34  225.71
  27    28.664 54921.73978016  8.61 201.216296  63.998163  2.317  240.81  235.62  228.72
  27    30.053 54921.73978075  8.83 201.221785  63.999210  2.516  240.81  235.62  228.72
  27    29.748 54921.73978134  9.05 201.227275  64.000256  2.823  240.81  235.62  228.72
  27    30.334 54921.73978193  9.06 201.232765  64.001303  2.680  240.81  235.62  228.72
  28    30.419 54931.65541716  9.67 201.213999  63.998592  2.407 -100.00 -100.00 -100.00
  28    30.737 54931.65541775  9.87 201.219487  63.999639  2.578 -100.00 -100.00 -100.00
  28    30.346 54931.65541834  9.93 201.224977  64.000686  2.690 -100.00 -100.00 -100.00
  28    30.656 54931.65541893  9.98 201.230466  64.001733  2.459 -100.00 -100.00 -100.00
  28    30.583 54931.65541952  9.97 201.235957  64.002779  2.771 -100.00 -100.00 -100.00
  29    30.681 54941.57105291  9.16 201.216487  63.997475  2.355 -100.00 -100.00 -100.00
  29    30.359 54941.57105350  9.27 201.221975  63.998522  2.543 -100.00 -100.00 -100.00
  29    31.008 54941.57105409  9.34 201.227464  63.999569  2.601 -100.00 -100.00 -100.00
  29    30.686 54941.57105468  9.41 201.232953  64.000615  2.706 -100.00 -100.00 -100.00
  30    26.214 54951.48668639 37.90 201.214735  63.994201   -100 -100.00 -100.00 -100.00
  30    26.392 54951.48668698 38.98 201.220223  63.995248  0.389 -100.00 -100.00 -100.00
  30    26.509 54951.48668758 38.87 201.225710  63.996295   -100 -100.00 -100.00 -100.00
  30    26.746 54951.48668817 37.33 201.231198  63.997342   -100 -100.00 -100.00 -100.00
  31    31.072 54961.40232758 42.88 201.214292  63.992375 30.464 -100.00 -100.00 -100.00
  31    31.110 54961.40232817 42.89 201.219779  63.993422 27.026 -100.00 -100.00 -100.00
  31    31.100 54961.40232876 40.07 201.225266  63.994469  8.653 -100.00 -100.00 -100.00
  31    31.115 54961.40232935 38.62 201.230753  63.995516   -100 -100.00 -100.00 -100.00
  32    32.120 54971.31797606 54.74 201.211879  63.993050  4.955 -100.00 -100.00 -100.00
  32    31.900 54971.31797665 52.89 201.217366  63.994098 23.202 -100.00 -100.00 -100.00
  32    31.929 54971.31797724 51.75 201.222853  63.995145 24.127 -100.00 -100.00 -100.00
  32    32.279 54971.31797783 55.02 201.228341  63.996191  0.909 -100.00 -100.00 -100.00
  33    32.218 54981.23362434 31.41 201.216722  63.996281 20.409  251.48  249.68  247.98
  33    32.564 54981.23362493 28.70 201.222210  63.997328 13.457  251.48  249.68  247.98
  33    33.158 54981.23362552 27.74 201.227698  63.998375  9.846  251.48  249.68  247.98
  33    33.258 54981.23362611 29.21 201.233187  63.999421 12.022  251.48  249.68  247.98
  34    31.147 54991.14927159 36.66 201.215062  63.997976 28.763  265.45  264.08  259.90
  34    31.115 54991.14927218 30.77 201.220550  63.999023 12.441  265.45  264.08  259.90
  34    32.324 54991.14927278 29.87 201.226039  64.000070 12.651  265.45  264.08  259.90
  34    32.826 54991.14927337 29.25 201.231528  64.001117 10.643  265.45  264.08  259.90
  34    30.893 54991.14927396 39.57 201.237018  64.002163   -100  265.45  264.08  259.90
  35    30.713 55001.06491861 34.55 201.215799  63.998588   -100 -100.00 -100.00 -100.00
  35    31.068 55001.06491920 28.26 201.221288  63.999635 12.709 -100.00 -100.00 -100.00
  35    30.511 55001.06491979 29.04 201.226777  64.000682 16.426 -100.00 -100.00 -100.00
  35    32.551 55001.06492038 28.43 201.232266  64.001728 13.023 -100.00 -100.00 -100.00
  35    30.680 55001.06492097 36.01 201.237756  64.002775   -100 -100.00 -100.00 -100.00
  36    30.715 55010.98056366 31.26 201.215497  63.998383 31.826  264.51  262.71  257.86
  36    31.835 55010.98056425 22.88 201.220985  63.999430  9.426  264.51  262.71  257.86
  36    32.084 55010.98056484 23.85 201.226475  64.000477 10.853  264.51  262.71  257.86
  36    32.288 55010.98056543 25.94 201.231964  64.001524 13.809  264.51  262.71  257.86
  36    32.615 55010.98056602 32.91 201.237454  64.002570   -100  264.51  262.71  257.86
  37    29.671 55020.89620730 32.65 201.216453  63.998250   -100 -100.00 -100.00 -100.00
  37    30.346 55020.89620789 26.21 201.221942  63.999297 15.575 -100.00 -100.00 -100.00
  37    30.387 55020.89620848 27.44 201.227431  64.000344 17.917 -100.00 -100.00 -100.00
  37    29.680 55020.89620907 31.09 201.232921  64.001390 29.211 -100.00 -100.00 -100.00
  38    28.965 55030.81184980 32.31 201.216296  63.999217   -100  269.48  268.50  264.24
  38    29.690 55030.81185039 25.85 201.221785  64.000264 17.344  269.48  268.50  264.24
  38    30.414 55030.81185098 26.01 201.227274  64.001311 16.917  269.48  268.50  264.24
  38    31.512 55030.81185157 32.27 201.232764  64.002357   -100  269.48  268.50  264.24
  38    32.006 55030.81185216 33.73 201.238254  64.003403 28.419  269.48  268.50  264.24
  39    28.650 55040.72749157 28.86 201.215637  64.000472 26.646  266.02  264.93  260.89
  39    28.587 55040.72749216 28.20 201.221126  64.001519 24.389  266.02  264.93  260.89
  39    29.210 55040.72749275 28.39 201.226615  64.002566 22.868  266.02  264.93  260.89
  39    29.552 55040.72749334 30.31 201.232105  64.003613 29.903  266.02  264.93  260.89
  39    29.419 55040.72749393 31.74 201.237595  64.004659   -100  266.02  264.93  260.89
  40    28.287 55050.64313193 39.32 201.216185  64.000932   -100 -100.00 -100.00 -100.00
  40    28.158 55050.64313252 42.90 201.221674  64.001979   -100 -100.00 -100.00 -100.00
  40    28.139 55050.64313311 43.88 201.227163  64.003026   -100 -100.00 -100.00 -100.00
  40    28.475 55050.64313370 44.88 201.232653  64.004072   -100 -100.00 -100.00 -100.00
  40    28.382 55050.64313430 50.07 201.238143  64.005119   -100 -100.00 -100.00 -100.00
  41    27.946 55060.55876981 43.17 201.215372  63.998973   -100 -100.00 -100.00 -100.00
  41    28.264 55060.55877040 44.03 201.220860  64.000020   -100 -100.00 -100.00 -100.00
  41    28.138 55060.55877099 48.36 201.226349  64.001067   -100 -100.00 -100.00 -100.00
  41    28.004 55060.55877158 51.46 201.231838  64.002114 11.426 -100.00 -100.00 -100.00
  41    27.984 55060.55877217 52.76 201.237327  64.003160 24.689 -100.00 -100.00 -100.00
  42    27.824 55070.47441103 27.38 201.216886  63.996418 19.440 -100.00 -100.00 -100.00
  42    27.828 55070.47441162 26.46 201.222374  63.997466 18.912 -100.00 -100.00 -100.00
  42    27.730 55070.47441221 26.75 201.227862  63.998512 19.175 -100.00 -100.00 -100.00
  42    27.554 55070.47441280 27.87 201.233350  63.999559 24.686 -100.00 -100.00 -100.00
  43    28.619 55080.39005980 44.00 201.214743  63.994205 25.308 -100.00 -100.00 -100.00
  43    28.184 55080.39006039 48.27 201.220230  63.995252   -100 -100.00 -100.00 -100.00
  43    28.105 55080.39006098 53.06 201.225717  63.996299   -100 -100.00 -100.00 -100.00
  43    28.085 55080.39006157 51.26 201.231205  63.997346   -100 -100.00 -100.00 -100.00
  44    28.437 55090.30570716 26.84 201.214260  63.994609 24.597 -100.00 -100.00 -100.00
  44    28.200 55090.30570775 24.94 201.219747  63.995656 19.941 -100.00 -100.00 -100.00
  44    27.993 55090.30570834 25.67 201.225235  63.996703 21.082 -100.00 -100.00 -100.00
  44    27.915 55090.30570893 28.06 201.230723  63.997749 32.386 -100.00 -100.00 -100.00
  45    75.655 55100.22135387  1.00 201.214671  63.996938  6.908  253.94  252.11  249.84
  45    93.759 55100.22135446  1.07 201.220160  63.997985  3.727  253.94  252.11  249.84
  45    75.351 55100.22135505  6.03 201.225648  63.999032  7.927  253.94  252.11  249.84
  45    76.524 55100.22135564  4.57 201.231137  64.000078  4.795  253.94  252.11  249.84
  45    81.869 55100.22135623  2.93 201.236627  64.001124  4.194  253.94  252.11  249.84
  46    27.604 55110.13700026 34.03 201.216712  63.999281   -100  257.20  256.14  254.41
  46    27.789 55110.13700085 30.85 201.222201  64.000328   -100  257.20  256.14  254.41
  46    27.679 55110.13700144 29.43 201.227690  64.001374   -100  257.20  256.14  254.41
  46    28.150 55110.13700203 27.03 201.233180  64.002421 22.066  257.20  256.14  254.41
  46    30.914 55110.13700262 27.60 201.238670  64.003467 23.260  257.20  256.14  254.41
  47    27.054 55120.05264439 39.02 201.214959  63.998456   -100  257.78  256.16  254.72
  47    27.400 55120.05264498 39.99 201.220448  63.999503   -100  257.78  256.16  254.72
  47    28.093 55120.05264557 42.16 201.225937  64.000550 20.581  257.78  256.16  254.72
  47    27.371 55120.05264616 45.45 201.231427  64.001596   -100  257.78  256.16  254.72
  47    27.358 55120.05264675 51.20 201.236917  64.002643  7.490  257.78  256.16  254.72
  48    26.677 55129.96828575 41.20 201.213592  63.995742   -100 -100.00 -100.00 -100.00
  48    27.419 55129.96828634 42.18 201.219081  63.996789 20.793 -100.00 -100.00 -100.00
  48    27.283 55129.96828693 44.19 201.224570  63.997836 26.913 -100.00 -100.00 -100.00
  48    26.638 55129.96828752 50.49 201.230059  63.998883 26.843 -100.00 -100.00 -100.00
  48    26.760 55129.96828811 53.30 201.235549  63.999929 14.987 -100.00 -100.00 -100.00
  49    26.127 55139.88392525 33.16 201.213414  63.993584 24.794  254.41  252.66  251.11
  49    26.462 55139.88392584 33.37 201.218902  63.994631 25.164  254.41  252.66  251.11
  49    26.219 55139.88392643 38.96 201.224390  63.995678   -100  254.41  252.66  251.11
  49    26.327 55139.88392702 38.97 201.229880  63.996725   -100  254.41  252.66  251.11
  50    27.243 55149.79956414 33.15 201.215930  63.994349   -100  256.31  253.71  252.37
  50    27.320 55149.79956473 25.22 201.221418  63.995396 10.939  256.31  253.71  252.37
  50    27.329 55149.79956532 25.28 201.226907  63.996443 10.377  256.31  253.71  252.37
  50    27.413 55149.79956591 25.26 201.232396  63.997490 11.632  256.31  253.71  252.37
  51    26.755 55159.71520234 24.04 201.213106  63.995862 14.051  256.85  254.77  253.69
  51    27.091 55159.71520293 19.15 201.218595  63.996909  5.356  256.85  254.77  253.69
  51    27.158 55159.71520352 18.72 201.224083  63.997956  5.467  256.85  254.77  253.69
  51    27.147 55159.71520411 18.91 201.229573  63.999003  5.445  256.85  254.77  253.69
  51    27.140 55159.71520470 19.37 201.235062  64.000050  5.958  256.85  254.77  253.69
  52    26.860 55169.63084062 17.95 201.214861  63.997946  4.846  257.10  255.07  252.90
  52    26.982 55169.63084121 17.90 201.220350  63.998993  5.063  257.10  255.07  252.90
  52    27.009 55169.63084180 17.96 201.225839  64.000040  5.384  257.10  255.07  252.90
  52    27.208 55169.63084239 17.72 201.231328  64.001087  4.515  257.10  255.07  252.90
  52    27.142 55169.63084298 17.98 201.236818  64.002133  5.252  257.10  255.07  252.90
  53    27.088 55179.54647755 16.37 201.216119  63.998356  4.105  249.04  246.79  242.95
  53    27.032 55179.54647814 16.16 201.221608  63.999404  4.560  249.04  246.79  242.95
  53    27.204 55179.54647873 16.48 201.227097  64.000451  4.862  249.04  246.79  242.95
  53    27.422 55179.54647932 16.67 201.232586  64.001497  5.036  249.04  246.79  242.95
  54    27.226 55189.46212391 15.12 201.213586  63.997349  4.744 -100.00 -100.00 -100.00
  54    27.296 55189.46212450 14.97 201.219074  63.998396  4.905 -100.00 -100.00 -100.00
  54    28.442 55189.46212509 14.96 201.224563  63.999443  4.727 -100.00 -100.00 -100.00
  54    27.503 55189.46212568 14.77 201.230052  64.000490  5.119 -100.00 -100.00 -100.00
  54    29.731 55189.46212627 15.83 201.235541  64.001536  5.980 -100.00 -100.00 -100.00
  55    27.934 55199.37777489 13.79 201.217845  63.998608  4.937  249.08  245.92  239.75
  55    27.266 55199.37777548 14.30 201.223334  63.999654  5.841  249.08  245.92  239.75
  55    27.273 55199.37777607 15.05 201.228823  64.000701  6.542  249.08  245.92  239.75
  55    27.494 55199.37777666 13.51 201.234313  64.001748  4.491  249.08  245.92  239.75
  56    27.221 55209.29342447 13.09 201.215334  63.999424  5.971 -100.00 -100.00 -100.00
  56    27.114 55209.29342506 13.06 201.220823  64.000471  6.090 -100.00 -100.00 -100.00
  56    27.127 55209.29342565 13.74 201.226312  64.001518  6.025 -100.00 -100.00 -100.00
  56    27.283 55209.29342624 12.90 201.231802  64.002564  5.188 -100.00 -100.00 -100.00
  56    27.161 55209.29342683 13.84 201.237292  64.003611  6.687 -100.00 -100.00 -100.00
  57    27.280 55219.20907438 12.69 201.220043  64.001765  5.328 -100.00 -100.00 -100.00
  57    27.282 55219.20907497 12.37 201.225533  64.002811  4.942 -100.00 -100.00 -100.00
  57    27.232 55219.20907556 12.78 201.231023  64.003858  5.456 -100.00 -100.00 -100.00
  57    27.252 55219.20907615 12.79 201.236514  64.004904  5.993 -100.00 -100.00 -100.00
  58    27.205 55229.12472228 11.33 201.214997  64.000876  4.456 -100.00 -100.00 -100.00
  58    27.258 55229.12472287 12.05 201.220487  64.001923  4.747 -100.00 -100.00 -100.00
  58    27.126 55229.12472346 12.87 201.225977  64.002970  7.004 -100.00 -100.00 -100.00
  58    27.146 55229.12472405 12.21 201.231467  64.004016  5.325 -100.00 -100.00 -100.00
  58    27.288 55229.12472464 12.45 201.236958  64.005062  5.930 -100.00 -100.00 -100.00
  59    27.273 55239.04036775 11.62 201.217902  64.000019  4.815 -100.00 -100.00 -100.00
  59    27.114 55239.04036834 11.63 201.223392  64.001066  4.604 -100.00 -100.00 -100.00
  59    27.222 55239.04036893 11.66 201.228882  64.002112  4.899 -100.00 -100.00 -100.00
  59    27.273 55239.04036952 12.09 201.234372  64.003159  5.188 -100.00 -100.00 -100.00
  60    27.481 55248.95600919 13.78 201.217477  63.997577  4.361  250.64  247.21  235.83
  60    27.238 55248.95600978 14.94 201.222967  63.998624  6.280  250.64  247.21  235.83
  60    27.471 55248.95601037 14.20 201.228456  63.999671  5.167  250.64  247.21  235.83
  60    29.420 55248.95601096 14.36 201.233947  64.000717  5.555  250.64  247.21  235.83
  61    27.490 55258.87164818 12.23 201.215932  63.995788  3.679 -100.00 -100.00 -100.00
  61    27.900 55258.87164877 12.31 201.221421  63.996835  3.780 -100.00 -100.00 -100.00
  61    28.412 55258.87164936 12.51 201.226910  63.997881  3.804 -100.00 -100.00 -100.00
  61    29.091 55258.87164995 13.13 201.232400  63.998928  5.194 -100.00 -100.00 -100.00
  62    27.140 55268.78728647 12.04 201.214043  63.995498  3.167 -100.00 -100.00 -100.00
  62    27.212 55268.78728706 12.41 201.219532  63.996545  4.237 -100.00 -100.00 -100.00
  62    27.848 55268.78728765 12.17 201.225021  63.997592  3.403 -100.00 -100.00 -100.00
  62    27.657 55268.78728824 12.64 201.230511  63.998639  4.337 -100.00 -100.00 -100.00
  63    27.087 55278.70292483 11.64 201.214568  63.996800  4.068  245.08  237.54  221.17
  63    27.362 55278.70292542 11.58 201.220057  63.997847  4.425  245.08  237.54  221.17
  63    27.350 55278.70292601 12.03 201.225546  63.998894  5.006  245.08  237.54  221.17
  63    27.616 55278.70292660 11.59 201.231036  63.999940  3.917  245.08  237.54  221.17
  63    27.131 55278.70292719 12.62 201.236526  64.000986  5.554  245.08  237.54  221.17
  64    27.272 55288.61856215 11.80 201.217972  63.997913  4.954 -100.00 -100.00 -100.00
  64    27.369 55288.61856274 11.41 201.223460  63.998959  4.413 -100.00 -100.00 -100.00
  64    27.157 55288.61856333 11.42 201.228949  64.000006  4.580 -100.00 -100.00 -100.00
  64    27.343 55288.61856392 11.40 201.234439  64.001053  4.830 -100.00 -100.00 -100.00
  65    27.055 55298.53419609 18.39 201.213427  63.996023 10.800 -100.00 -100.00 -100.00
  65    27.155 55298.53419668 18.32 201.218915  63.997071 10.300 -100.00 -100.00 -100.00
  65    26.586 55298.53419727 22.90 201.224403  63.998118 22.807 -100.00 -100.00 -100.00
  65    26.007 55298.53419786 26.12 201.229891  63.999164   -100 -100.00 -100.00 -100.00
  65    25.965 55298.53419845 25.91 201.235380  64.000211   -100 -100.00 -100.00 -100.00
  66    27.321 55308.44983907 28.93 201.214190  63.994441 23.124  262.01  257.96  247.28
  66    27.357 55308.44983966 29.51 201.219678  63.995488 23.371  262.01  257.96  247.28
  66    27.184 55308.44984025 29.54 201.225165  63.996535 21.943  262.01  257.96  247.28
  66    26.992 55308.44984084 33.05 201.230653  63.997582   -100  262.01  257.96  247.28
  67    26.352 55318.36548507 34.14 201.213819  63.993470   -100  260.15  256.15  247.28
  67    26.356 55318.36548566 35.40 201.219306  63.994517   -100  260.15  256.15  247.28
  67    26.529 55318.36548625 35.79 201.224794  63.995564   -100  260.15  256.15  247.28
  67    26.403 55318.36548684 38.31 201.230281  63.996611  5.042  260.15  256.15  247.28
  68    29.988 55328.28113007 43.36 201.212114  63.993838  6.797 -100.00 -100.00 -100.00
  68    29.959 55328.28113066 42.46 201.217601  63.994885  5.583 -100.00 -100.00 -100.00
  68    29.970 55328.28113125 39.56 201.223089  63.995932   -100 -100.00 -100.00 -100.00
  68    29.977 55328.28113184 40.78 201.228577  63.996979   -100 -100.00 -100.00 -100.00
  68    29.989 55328.28113243 41.71 201.234065  63.998025   -100 -100.00 -100.00 -100.00
  69    28.788 55338.19677514 46.26 201.215361  63.996467 32.051  267.14  266.62  263.39
  69    28.632 55338.19677573 47.27 201.220849  63.997514   -100  267.14  266.62  263.39
  69    28.309 55338.19677632 52.42 201.226337  63.998561 13.282  267.14  266.62  263.39
  69    28.470 55338.19677691 52.76 201.231826  63.999607   -100  267.14  266.62  263.39
  70    29.633 55348.11241969 44.27 201.217719  63.998695 21.083  270.32  269.70  265.38
  70    29.162 55348.11242028 46.43 201.223208  63.999742 31.220  270.32  269.70  265.38
  70    28.672 55348.11242087 51.55 201.228697  64.000788 17.066  270.32  269.70  265.38
  70    28.639 55348.11242146 54.65 201.234186  64.001835   -100  270.32  269.70  265.38
  71    28.295 55358.02806207 34.61 201.217335  63.999274  1.528 -100.00 -100.00 -100.00
  71    28.355 55358.02806266 26.35 201.222824  64.000321 25.788 -100.00 -100.00 -100.00
  71    28.211 55358.02806325 25.83 201.228313  64.001368 24.038 -100.00 -100.00 -100.00
  71    28.859 55358.02806384 24.87 201.233802  64.002415 19.424 -100.00 -100.00 -100.00
  72    28.580 55367.94370199 41.99 201.214163  63.998502   -100  272.82  271.12  267.44
  72    28.817 55367.94370258 42.99 201.219652  63.999549   -100  272.82  271.12  267.44
  72    28.797 55367.94370317 48.31 201.225141  64.000596   -100  272.82  271.12  267.44
  72    28.805 55367.94370376 50.11 201.230630  64.001643   -100  272.82  271.12  267.44
  72    28.512 55367.94370435 51.19 201.236120  64.002690   -100  272.82  271.12  267.44
  73    28.398 55377.85934078 32.14 201.214551  63.998234   -100 -100.00 -100.00 -100.00
  73    28.429 55377.85934137 29.71 201.220039  63.999281   -100 -100.00 -100.00 -100.00
  73    28.125 55377.85934196 27.11 201.225528  64.000328   -100 -100.00 -100.00 -100.00
  73    28.087 55377.85934255 24.97 201.231017  64.001375 27.194 -100.00 -100.00 -100.00
  73    28.008 55377.85934314 29.52 201.236507  64.002421   -100 -100.00 -100.00 -100.00
  74    29.418 55387.77497890 36.35 201.216150  63.998597   -100 -100.00 -100.00 -100.00
  74    29.117 55387.77497949 31.21 201.221639  63.999645   -100 -100.00 -100.00 -100.00
  74    28.923 55387.77498008 26.82 201.227128  64.000691   -100 -100.00 -100.00 -100.00
  74    28.981 55387.77498067 25.06 201.232617  64.001738 28.104 -100.00 -100.00 -100.00
  74    28.886 55387.77498126 28.04 201.238107  64.002784   -100 -100.00 -100.00 -100.00
  75    29.266 55397.69061586 35.55 201.215835  63.998542   -100  266.03  265.98  263.36
  75    29.166 55397.69061645 28.17 201.221323  63.999589 31.185  266.03  265.98  263.36
  75    28.986 55397.69061704 25.97 201.226812  64.000636 23.444  266.03  265.98  263.36
  75    28.842 55397.69061763 27.02 201.232301  64.001683 27.215  266.03  265.98  263.36
  75    28.942 55397.69061822 27.27 201.237791  64.002730 26.351  266.03  265.98  263.36
  76    29.208 55407.60625986 39.96 201.218310  63.998464   -100 -100.00 -100.00 -100.00
  76    29.080 55407.60626045 41.20 201.223798  63.999511   -100 -100.00 -100.00 -100.00
  76    29.161 55407.60626104 38.76 201.229286  64.000558   -100 -100.00 -100.00 -100.00
  76    29.218 55407.60626163 36.23 201.234775  64.001605   -100 -100.00 -100.00 -100.00
  77    29.587 55417.52191026 33.66 201.213861  63.996637   -100  266.97  267.28  265.05
  77    29.671 55417.52191086 35.92 201.219349  63.997684   -100  266.97  267.28  265.05
  77    29.663 55417.52191145 33.86 201.224837  63.998731   -100  266.97  267.28  265.05
  77    29.754 55417.52191204 37.86 201.230325  63.999778   -100  266.97  267.28  265.05
  77    30.416 55417.52191263 39.02 201.235814  64.000824 24.491  266.97  267.28  265.05
  78    30.205 55427.43755792 29.92 201.216187  63.995681   -100  260.75  260.05  257.83
  78    30.252 55427.43755851 24.73 201.221674  63.996728 20.189  260.75  260.05  257.83
  78    29.813 55427.43755910 26.00 201.227162  63.997775 24.713  260.75  260.05  257.83
  78    30.133 55427.43755969 26.83 201.232650  63.998821 25.573  260.75  260.05  257.83
  79    29.302 55437.35320223 43.59 201.211315  63.994263   -100 -100.00 -100.00 -100.00
  79    29.395 55437.35320282 40.62 201.216802  63.995310 26.165 -100.00 -100.00 -100.00
  79    29.483 55437.35320341 34.59 201.222289  63.996357   -100 -100.00 -100.00 -100.00
  79    29.119 55437.35320400 31.15 201.227777  63.997404   -100 -100.00 -100.00 -100.00
  79    29.189 55437.35320459 29.71 201.233265  63.998450 31.475 -100.00 -100.00 -100.00
  80    29.164 55447.26884616 37.75 201.213730  63.995432   -100  264.69  264.31  261.96
  80    28.844 55447.26884675 38.46 201.219217  63.996479 15.057  264.69  264.31  261.96
  80    28.917 55447.26884734 29.56 201.224705  63.997525 28.240  264.69  264.31  261.96
  80    28.778 55447.26884793 27.47 201.230194  63.998572 24.191  264.69  264.31  261.96
  80    28.397 55447.26884852 29.81 201.235683  63.999618 32.335  264.69  264.31  261.96
  81    91.160 55457.18448995 17.82 201.217751  63.997281 14.692 -100.00 -100.00 -100.00
  81    90.439 55457.18449054 22.15 201.223239  63.998328 22.036 -100.00 -100.00 -100.00
  81    93.835 55457.18449113 24.17 201.228728  63.999374 21.103 -100.00 -100.00 -100.00
  81    93.167 55457.18449172 27.24 201.234217  64.000421 31.797 -100.00 -100.00 -100.00
  82    28.729 55467.10013221 27.10 201.214186  63.997100 20.282  259.66  257.95  257.13
  82    28.336 55467.10013280 26.64 201.219674  63.998147 22.019  259.66  257.95  257.13
  82    28.063 55467.10013339 24.76 201.225163  63.999194 16.807  259.66  257.95  257.13
  82    27.746 55467.10013398 25.59 201.230652  64.000240 18.103  259.66  257.95  257.13
  82    27.811 55467.10013457 27.25 201.236141  64.001287 24.105  259.66  257.95  257.13
  83    27.109 55477.01577150 29.09 201.214243  63.996152 29.288 -100.00 -100.00 -100.00
  83    27.328 55477.01577209 26.66 201.219731  63.997199 21.913 -100.00 -100.00 -100.00
  83    27.237 55477.01577268 24.97 201.225220  63.998246 18.424 -100.00 -100.00 -100.00
  83    27.454 55477.01577327 26.02 201.230709  63.999293 20.683 -100.00 -100.00 -100.00
  83    27.038 55477.01577386 29.54 201.236199  64.000339 31.977 -100.00 -100.00 -100.00
  84    26.341 55486.93140727 35.06 201.211751  63.994066   -100 -100.00 -100.00 -100.00
  84    26.217 55486.93140786 37.62 201.217239  63.995113   -100 -100.00 -100.00 -100.00
  84    26.258 55486.93140845 39.03 201.222727  63.996160   -100 -100.00 -100.00 -100.00
  84    26.307 55486.93140905 39.58 201.228216  63.997207   -100 -100.00 -100.00 -100.00
  84    26.419 55486.93140964 36.68 201.233705  63.998254   -100 -100.00 -100.00 -100.00
  85    25.581 55496.84704114 37.24 201.212084  63.993013   -100 -100.00 -100.00 -100.00
  85    25.705 55496.84704174 39.05 201.217571  63.994061   -100 -100.00 -100.00 -100.00
  85    25.723 55496.84704233 40.13 201.223059  63.995108   -100 -100.00 -100.00 -100.00
  85    25.811 55496.84704292 41.13 201.228548  63.996155   -100 -100.00 -100.00 -100.00
  86    24.979 55506.76267732 32.42 201.211185  63.993569 28.104 -100.00 -100.00 -100.00
  86    25.109 55506.76267792 37.16 201.216672  63.994617   -100 -100.00 -100.00 -100.00
  86    25.514 55506.76267851 37.26 201.222161  63.995664   -100 -100.00 -100.00 -100.00
  86    25.143 55506.76267910 39.31 201.227649  63.996711  1.298 -100.00 -100.00 -100.00
  86    25.284 55506.76267969 41.39 201.233138  63.997758 10.401 -100.00 -100.00 -100.00
  87    26.433 55516.67832854 31.02 201.216836  63.996708 26.406 -100.00 -100.00 -100.00
  87    26.598 55516.67832913 34.25 201.222324  63.997755   -100 -100.00 -100.00 -100.00
  87    26.389 55516.67832972 36.50 201.227813  63.998802   -100 -100.00 -100.00 -100.00
  87    26.582 55516.67833031 37.45 201.233303  63.999849   -100 -100.00 -100.00 -100.00
  88    26.787 55526.59397838 36.33 201.218653  63.998710   -100 -100.00 -100.00 -100.00
  88    26.941 55526.59397897 35.62 201.224142  63.999757   -100 -100.00 -100.00 -100.00
  88    26.686 55526.59397956 38.40 201.229632  64.000804   -100 -100.00 -100.00 -100.00
  88    26.870 55526.59398015 39.37 201.235121  64.001850  2.032 -100.00 -100.00 -100.00
  89    26.465 55536.50962554 21.85 201.214972  63.998734 11.199  240.07  236.62  232.18
  89    26.622 55536.50962613 22.67 201.220461  63.999781 12.436  240.07  236.62  232.18
  89    26.729 55536.50962672 22.30 201.225950  64.000828 11.718  240.07  236.62  232.18
  89    26.903 55536.50962731 22.78 201.231439  64.001875 12.972  240.07  236.62  232.18
  89    26.663 55536.50962790 27.21 201.236929  64.002921 26.789  240.07  236.62  232.18
  90    26.689 55546.42527134 20.65 201.219215  63.999784 10.652 -100.00 -100.00 -100.00
  90    26.787 55546.42527193 19.44 201.224704  64.000831  7.780 -100.00 -100.00 -100.00
  90    26.960 55546.42527252 20.55 201.230193  64.001878 10.318 -100.00 -100.00 -100.00
  90    27.089 55546.42527311 19.98 201.235683  64.002924  9.717 -100.00 -100.00 -100.00
  91    26.717 55556.34091485 16.86 201.218491  64.000169  7.148 -100.00 -100.00 -100.00
  91    26.842 55556.34091544 16.87 201.223980  64.001215  7.241 -100.00 -100.00 -100.00
  91    27.009 55556.34091603 17.99 201.229469  64.002262  9.345 -100.00 -100.00 -100.00
  91    27.004 55556.34091662 20.10 201.234959  64.003308 13.496 -100.00 -100.00 -100.00
  92    26.712 55566.25655756 14.77 201.218077  64.000718  5.250 -100.00 -100.00 -100.00
  92    26.756 55566.25655815 15.67 201.223566  64.001765  6.704 -100.00 -100.00 -100.00
  92    26.909 55566.25655874 15.37 201.229056  64.002811  6.184 -100.00 -100.00 -100.00
  92    27.330 55566.25655933 15.15 201.234546  64.003858  6.046 -100.00 -100.00 -100.00
  93    26.488 55576.17219934 15.13 201.215638  63.999845  6.118 -100.00 -100.00 -100.00
  93    26.590 55576.17219993 15.55 201.221127  64.000892  6.877 -100.00 -100.00 -100.00
  93    26.701 55576.17220052 15.19 201.226617  64.001939  7.219 -100.00 -100.00 -100.00
  93    26.930 55576.17220111 15.05 201.232107  64.002986  6.119 -100.00 -100.00 -100.00
  93    27.280 55576.17220170 14.81 201.237597  64.004032  6.711 -100.00 -100.00 -100.00
  94    26.732 55586.08783965 14.50 201.217511  63.998426  6.522  241.43  237.56  226.08
  94    26.714 55586.08784024 14.92 201.223000  63.999473  7.379  241.43  237.56  226.08
  94    26.812 55586.08784083 14.61 201.228490  64.000520  6.558  241.43  237.56  226.08
  94    27.052 55586.08784142 14.94 201.233980  64.001567  6.784  241.43  237.56  226.08
  95    26.372 55596.00347627 13.07 201.215602  63.995719  4.607  246.57  240.95  229.68
  95    26.802 55596.00347686 13.56 201.221090  63.996767  5.084  246.57  240.95  229.68
  95    27.236 55596.00347745 13.03 201.226579  63.997814  4.482  246.57  240.95  229.68
  95    27.706 55596.00347804 12.82 201.232069  63.998860  5.347  246.57  240.95  229.68
  96    26.622 55605.91911002 12.00 201.215454  63.994229  3.691 -100.00 -100.00 -100.00
  96    27.031 55605.91911061 11.48 201.220943  63.995276  3.085 -100.00 -100.00 -100.00
  96    27.060 55605.91911121 11.87 201.226431  63.996323  3.636 -100.00 -100.00 -100.00
  96    28.021 55605.91911180 11.68 201.231920  63.997370  3.382 -100.00 -100.00 -100.00
  97    27.469 55615.83474174 11.52 201.215370  63.993936  3.908 -100.00 -100.00 -100.00
  97    27.423 55615.83474233 11.35 201.220858  63.994983  3.345 -100.00 -100.00 -100.00
  97    27.713 55615.83474293 11.26 201.226347  63.996030  3.244 -100.00 -100.00 -100.00
  97    28.098 55615.83474352 11.36 201.231835  63.997077  3.514 -100.00 -100.00 -100.00
  98    28.077 55625.75038346 13.43 201.216552  63.995241  3.048 -100.00 -100.00 -100.00
  98    28.181 55625.75038405 13.66 201.222040  63.996288  3.314 -100.00 -100.00 -100.00
  98    27.905 55625.75038464 14.06 201.227529  63.997335  3.554 -100.00 -100.00 -100.00
  98    28.369 55625.75038523 13.74 201.233018  63.998382  3.231 -100.00 -100.00 -100.00
  99    27.081 55635.66603551 10.77 201.216199  63.996110  2.770 -100.00 -100.00 -100.00
  99    27.707 55635.66603610 10.59 201.221687  63.997158  2.700 -100.00 -100.00 -100.00
  99    28.194 55635.66603669 10.56 201.227176  63.998205  3.027 -100.00 -100.00 -100.00
  99    27.631 55635.66603728 11.71 201.232665  63.999251  4.338 -100.00 -100.00 -100.00
 100    26.814 55645.58168550 11.15 201.217268  63.996251  5.316 -100.00 -100.00 -100.00
 100    26.631 55645.58168609 12.09 201.222756  63.997298  5.857 -100.00 -100.00 -100.00
 100    27.056 55645.58168668 11.18 201.228244  63.998345  4.330 -100.00 -100.00 -100.00
 100    26.942 55645.58168728 13.49 201.233734  63.999391  7.543 -100.00 -100.00 -100.00
 101    26.540 55655.49733193 12.39 201.211503  63.994376  6.792 -100.00 -100.00 -100.00
 101    27.234 55655.49733252 11.12 201.216990  63.995424  5.204 -100.00 -100.00 -100.00
 101    27.223 55655.49733311 11.45 201.222478  63.996471  5.292 -100.00 -100.00 -100.00
 101    27.075 55655.49733370 12.15 201.227966  63.997517  5.676 -100.00 -100.00 -100.00
 101    26.515 55655.49733429 13.50 201.233455  63.998564  8.190 -100.00 -100.00 -100.00
 102    28.430 55665.41297473 10.73 201.213617  63.994248  2.739  240.88  232.18  220.40
 102    28.463 55665.41297532 10.96 201.219104  63.995295  3.325  240.88  232.18  220.40
 102    28.874 55665.41297591 10.90 201.224592  63.996342  2.654  240.88  232.18  220.40
 102    29.122 55665.41297650 11.01 201.230080  63.997389  2.802  240.88  232.18  220.40
 104    30.934 55685.24425254 28.03 201.212643  63.995586 17.588 -100.00 -100.00 -100.00
 104    27.009 55685.24425313 30.82 201.218131  63.996634   -100 -100.00 -100.00 -100.00
 104    27.086 55685.24425372 32.10 201.223619  63.997680   -100 -100.00 -100.00 -100.00
 104    26.669 55685.24425431 35.13 201.229107  63.998727   -100 -100.00 -100.00 -100.00
 104    25.578 55685.24425490 35.55 201.234596  63.999774   -100 -100.00 -100.00 -100.00
 105    28.639 55695.15988992 44.45 201.216170  63.997197   -100  261.10  260.26  261.00
 105    28.442 55695.15989051 46.92 201.221658  63.998244   -100  261.10  260.26  261.00
 105    28.365 55695.15989110 50.59 201.227147  63.999291  7.665  261.10  260.26  261.00
 105    28.256 55695.15989169 50.91 201.232636  64.000338   -100  261.10  260.26  261.00
 106    29.726 55705.07552534 47.30 201.214093  63.996898   -100 -100.00 -100.00 -100.00
 106    29.430 55705.07552593 43.69 201.219581  63.997945   -100 -100.00 -100.00 -100.00
 106    29.472 55705.07552652 51.26 201.225069  63.998992 30.309 -100.00 -100.00 -100.00
 106    29.543 55705.07552711 49.85 201.230558  64.000039 13.594 -100.00 -100.00 -100.00
 106    29.645 55705.07552770 47.33 201.236047  64.001086   -100 -100.00 -100.00 -100.00
 107    31.606 55714.99117301 49.85 201.214269  63.997062 14.344  269.62  268.18  265.41
 107    31.641 55714.99117360 50.89 201.219758  63.998109 21.991  269.62  268.18  265.41
 107    31.700 55714.99117420 44.23 201.225246  63.999156   -100  269.62  268.18  265.41
 107    31.751 55714.99117479 42.32 201.230735  64.000203   -100  269.62  268.18  265.41
 107    31.752 55714.99117538 49.17 201.236224  64.001250  8.407  269.62  268.18  265.41
 108    30.477 55724.90682204 45.64 201.214293  63.997668   -100  269.43  267.99  264.30
 108    30.086 55724.90682263 48.42 201.219782  63.998715   -100  269.43  267.99  264.30
 108    30.195 55724.90682322 49.46 201.225271  63.999762   -100  269.43  267.99  264.30
 108    30.202 55724.90682381 48.75 201.230760  64.000809   -100  269.43  267.99  264.30
 108    30.239 55724.90682440 51.65 201.236250  64.001856  8.231  269.43  267.99  264.30
 109    30.008 55734.82246942 48.68 201.216669  63.999208 27.188 -100.00 -100.00 -100.00
 109    29.513 55734.82247001 50.34 201.222158  64.000255   -100 -100.00 -100.00 -100.00
 109    29.474 55734.82247060 55.09 201.227647  64.001301 10.492 -100.00 -100.00 -100.00
 109    29.583 55734.82247119 54.41 201.233137  64.002348  0.754 -100.00 -100.00 -100.00
 109    29.454 55734.82247178 52.70 201.238627  64.003394  4.157 -100.00 -100.00 -100.00
 110    30.490 55744.73811536 28.12 201.217952  64.000389 19.994 -100.00 -100.00 -100.00
 110    30.606 55744.73811595 28.96 201.223441  64.001436 22.412 -100.00 -100.00 -100.00
 110    30.573 55744.73811654 29.50 201.228930  64.002482 28.459 -100.00 -100.00 -100.00
 110    30.381 55744.73811713 34.45 201.234420  64.003529   -100 -100.00 -100.00 -100.00
 111    30.137 55754.65375931 23.10 201.216918  63.999839 22.857  262.77  261.44  258.51
 111    30.074 55754.65375990 22.14 201.222407  64.000886 21.724  262.77  261.44  258.51
 111    30.133 55754.65376049 27.59 201.227896  64.001932   -100  262.77  261.44  258.51
 111    30.484 55754.65376109 29.52 201.233385  64.002979   -100  262.77  261.44  258.51
 111    30.796 55754.65376168 29.67 201.238875  64.004025 29.444  262.77  261.44  258.51
 112    29.688 55764.56940102 51.84 201.218034  63.997895 18.234  264.75  264.76  260.36
 112    29.826 55764.56940161 53.50 201.223522  63.998942   -100  264.75  264.76  260.36
 112    29.690 55764.56940220 54.63 201.229011  63.999988  5.988  264.75  264.76  260.36
 112    29.563 55764.56940279 55.09 201.234500  64.001035   -100  264.75  264.76  260.36
 113    30.091 55774.48503943 48.27 201.215112  63.994767   -100 -100.00 -100.00 -100.00
 113    29.858 55774.48504002 51.80 201.220599  63.995814 16.431 -100.00 -100.00 -100.00
 113    29.946 55774.48504061 55.78 201.226087  63.996861 21.563 -100.00 -100.00 -100.00
 113    30.058 55774.48504120 55.02 201.231575  63.997908   -100 -100.00 -100.00 -100.00
 114    29.976 55784.40067511 35.60 201.215587  63.993476   -100  262.89  262.58  259.23
 114    30.063 55784.40067570 28.49 201.221074  63.994523 21.662  262.89  262.58  259.23
 114    29.695 55784.40067629 26.29 201.226562  63.995570 18.286  262.89  262.58  259.23
 114    29.625 55784.40067688 27.64 201.232049  63.996617 22.112  262.89  262.58  259.23
 115    29.341 55794.31630856 50.66 201.214542  63.994017  7.926  264.49  263.92  260.92
 115    29.406 55794.31630915 52.65 201.220029  63.995064  9.936  264.49  263.92  260.92
 115    29.507 55794.31630974 51.22 201.225517  63.996111   -100  264.49  263.92  260.92
 115    29.553 55794.31631033 53.33 201.231005  63.997158   -100  264.49  263.92  260.92
 116    29.272 55804.23194614 48.85 201.216307  63.995802 20.393  264.93  264.58  262.33
 116    29.317 55804.23194673 49.93 201.221794  63.996849 19.934  264.93  264.58  262.33
 116    29.328 55804.23194732 51.94 201.227282  63.997896   -100  264.93  264.58  262.33
 116    29.361 55804.23194791 54.01 201.232770  63.998943   -100  264.93  264.58  262.33
 117    29.116 55814.14759589 29.36 201.216685  63.996800   -100  261.92  261.23  258.57
 117    29.122 55814.14759648 29.67 201.222173  63.997847   -100  261.92  261.23  258.57
 117    29.072 55814.14759707 26.74 201.227662  63.998894 25.384  261.92  261.23  258.57
 117    28.609 55814.14759766 27.47 201.233150  63.999941 31.960  261.92  261.23  258.57
 118    29.758 55824.06324315 19.79 201.215249  63.995498  8.127  264.83  263.78  261.77
 118    29.639 55824.06324374 18.92 201.220737  63.996546  7.375  264.83  263.78  261.77
 118    29.422 55824.06324433 20.96 201.226225  63.997593 10.094  264.83  263.78  261.77
 118    29.276 55824.06324492 22.11 201.231714  63.998640 11.605  264.83  263.78  261.77
 119    75.888 55833.97888578 24.39 201.214751  63.993765 14.714  258.44  257.35  256.16
 119    75.404 55833.97888637 27.46 201.220238  63.994812 20.492  258.44  257.35  256.16
 119    76.249 55833.97888696 16.36 201.225727  63.995859   -100  258.44  257.35  256.16
 119    76.157 55833.97888755 20.69 201.231215  63.996906 12.831  258.44  257.35  256.16
 120    28.998 55843.89452407 22.73 201.210368  63.992228 14.959  257.32  255.98  254.94
 120    29.458 55843.89452466 21.81 201.215855  63.993276 11.043  257.32  255.98  254.94
 120    29.043 55843.89452525 22.03 201.221343  63.994323 14.075 -100.00 -100.00 -100.00
 120    29.019 55843.89452584 23.25 201.226832  63.995370 16.267 -100.00 -100.00 -100.00
 120    28.994 55843.89452643 22.26 201.232320  63.996417 11.767 -100.00 -100.00 -100.00
 121    27.208 55853.81016005 44.64 201.211487  63.993446   -100  253.37  251.42  248.36
 121    27.243 55853.81016064 46.83 201.216975  63.994494   -100  253.37  251.42  248.36
 121    27.271 55853.81016123 50.96 201.222463  63.995541   -100  253.37  251.42  248.36
 121    27.313 55853.81016182 50.30 201.227952  63.996588   -100  253.37  251.42  248.36
 121    27.178 55853.81016241 53.66 201.233441  63.997635 12.857  253.37  251.42  248.36
 122    26.197 55863.72579768 40.27 201.213036  63.995726   -100 -100.00 -100.00 -100.00
 122    26.391 55863.72579827 41.68 201.218524  63.996774   -100 -100.00 -100.00 -100.00
 122    26.452 55863.72579886 44.38 201.224012  63.997821   -100 -100.00 -100.00 -100.00
 122    26.563 55863.72579945 44.82 201.229501  63.998868   -100 -100.00 -100.00 -100.00
 122    26.572 55863.72580004 48.55 201.234991  63.999915  0.362 -100.00 -100.00 -100.00
 123    24.836 55873.64145158 33.15 201.213332  63.997844   -100 -100.00 -100.00 -100.00
 123    24.961 55873.64145217 33.88 201.218820  63.998892   -100 -100.00 -100.00 -100.00
 123    25.433 55873.64145276 35.18 201.224309  63.999939   -100 -100.00 -100.00 -100.00
 123    25.554 55873.64145335 36.42 201.229798  64.000986   -100 -100.00 -100.00 -100.00
 123    25.878 55873.64145395 38.45 201.235288  64.002032   -100 -100.00 -100.00 -100.00
 133    27.778 55972.79788812 11.24 201.215809  63.995131  3.816  253.07  248.08  237.13
 133    28.361 55972.79788871 11.02 201.221297  63.996179  3.492  253.07  248.08  237.13
 133    28.132 55972.79788930 10.91 201.226786  63.997225  3.153  253.07  248.08  237.13
 133    28.613 55972.79788989 10.94 201.232276  63.998272  3.722  253.07  248.08  237.13
 134    27.789 55982.71352431 11.12 201.215945  63.997004  3.473  248.55  241.71  228.42
 134    28.156 55982.71352490 11.07 201.221434  63.998051  3.394  248.55  241.71  228.42
 134    28.686 55982.71352549 10.78 201.226923  63.999098  3.282  248.55  241.71  228.42
 134    29.116 55982.71352608 10.74 201.232412  64.000145  3.006  248.55  241.71  228.42
 135    26.724 55992.62915822 10.79 201.212934  63.996357  3.799 -100.00 -100.00 -100.00
 135    27.488 55992.62915881 10.53 201.218422  63.997404  2.958 -100.00 -100.00 -100.00
 135    27.045 55992.62915940 10.59 201.223910  63.998451  3.355 -100.00 -100.00 -100.00
 135    27.529 55992.62915999 10.29 201.229399  63.999498  3.071 -100.00 -100.00 -100.00
 135    28.002 55992.62916058 10.47 201.234888  64.000545  3.072 -100.00 -100.00 -100.00
 136    28.376 56002.54480680 10.48 201.216937  63.995975  3.361  249.91  242.24  228.35
 136    28.120 56002.54480739 10.31 201.222424  63.997023  3.407  249.91  242.24  228.35
 136    28.563 56002.54480798 10.27 201.227913  63.998070  3.431  249.91  242.24  228.35
 136    27.976 56002.54480857 10.56 201.233401  63.999116  3.494  249.91  242.24  228.35
 137    27.315 56012.46045608  9.96 201.216032  63.994100  3.027  251.06  242.74  228.69
 137    27.062 56012.46045667  9.81 201.221520  63.995147  3.189  251.06  242.74  228.69
 137    28.100 56012.46045726  9.86 201.227008  63.996194  3.162  251.06  242.74  228.69
 137    28.902 56012.46045785  9.59 201.232496  63.997241  2.885  251.06  242.74  228.69
 139    26.804 56032.29174536 26.10 201.213356  63.995372 32.126  263.03  261.42  257.94
 139    26.867 56032.29174595 27.51 201.218844  63.996419   -100  263.03  261.42  257.94
 139    26.825 56032.29174654 27.20 201.224332  63.997466 31.010  263.03  261.42  257.94
 139    26.775 56032.29174713 28.38 201.229820  63.998513   -100  263.03  261.42  257.94
 139    26.661 56032.29174772 28.67 201.235309  63.999559   -100  263.03  261.42  257.94
 141    28.032 56052.12302649 40.73 201.219235  64.000309  9.056 -100.00 -100.00 -100.00
 141    28.018 56052.12302708 41.92 201.224724  64.001356 23.353 -100.00 -100.00 -100.00
 141    28.026 56052.12302768 39.35 201.230214  64.002403  8.742 -100.00 -100.00 -100.00
 141    28.029 56052.12302827 39.68 201.235703  64.003449 10.082 -100.00 -100.00 -100.00
 142    30.294 56062.03866225 41.58 201.217987  63.999315   -100  256.53  254.80  254.08
 142    29.987 56062.03866284 42.45 201.223476  64.000362   -100  256.53  254.80  254.08
 142    30.035 56062.03866343 43.43 201.228965  64.001409  1.507  256.53  254.80  254.08
 142    30.043 56062.03866402 44.66 201.234455  64.002456  6.337  256.53  254.80  254.08
 143    29.942 56071.95430166 45.81 201.217478  63.997566 32.232  264.11  263.91  261.58
 143    29.726 56071.95430225 47.59 201.222966  63.998613   -100  264.11  263.91  261.58
 143    29.475 56071.95430284 49.65 201.228455  63.999660 24.832  264.11  263.91  261.58
 143    29.590 56071.95430343 48.17 201.233944  64.000707  7.509  264.11  263.91  261.58
 144    31.196 56081.86995168 39.53 201.213616  63.996886  4.975  266.10  264.56  262.88
 144    31.247 56081.86995227 30.58 201.219104  63.997933 21.580  266.10  264.56  262.88
 144    31.231 56081.86995286 26.33 201.224593  63.998980 11.685  266.10  264.56  262.88
 144    31.276 56081.86995345 25.38 201.230082  64.000027 10.579  266.10  264.56  262.88
 144    31.599 56081.86995404 26.04 201.235571  64.001074 11.117  266.10  264.56  262.88
 145    31.043 56091.78560015 24.33 201.218817  63.999003 10.419  268.00  267.07  264.27
 145    30.828 56091.78560074 22.44 201.224305  64.000050  7.768  268.00  267.07  264.27
 145    31.170 56091.78560133 25.08 201.229795  64.001096 11.514  268.00  267.07  264.27
 145    31.082 56091.78560192 31.78 201.235284  64.002143 32.481  268.00  267.07  264.27
 146    30.658 56101.70124576 20.00 201.219090  64.000349 10.774  267.81  267.23  263.99
 146    30.413 56101.70124635 22.76 201.224579  64.001396 17.352  267.81  267.23  263.99
 146    30.437 56101.70124694 25.03 201.230069  64.002442 24.005  267.81  267.23  263.99
 146    30.701 56101.70124753 28.58 201.235559  64.003489   -100  267.81  267.23  263.99
 147    29.658 56111.61687648 29.83 201.215401  63.999272   -100 -100.00 -100.00 -100.00
 147    29.712 56111.61687707 25.26 201.220889  64.000319 27.073 -100.00 -100.00 -100.00
 147    29.696 56111.61687766 23.87 201.226378  64.001366 19.057 -100.00 -100.00 -100.00
 147    29.697 56111.61687825 30.82 201.231867  64.002412   -100 -100.00 -100.00 -100.00
 147    30.543 56111.61687884 29.74 201.237357  64.003459 24.612 -100.00 -100.00 -100.00
 148    30.830 56121.53251526 46.96 201.212815  63.996454   -100  264.50  264.27  260.78
 148    30.884 56121.53251585 50.12 201.218303  63.997501   -100  264.50  264.27  260.78
 148    30.621 56121.53251644 51.95 201.223791  63.998548 12.475  264.50  264.27  260.78
 148    30.521 56121.53251703 52.10 201.229279  63.999595   -100  264.50  264.27  260.78
 148    30.519 56121.53251763 52.10 201.234768  64.000642 32.725  264.50  264.27  260.78
 149    29.740 56131.44815068 30.96 201.214365  63.993634   -100 -100.00 -100.00 -100.00
 149    29.733 56131.44815127 34.50 201.219852  63.994681   -100 -100.00 -100.00 -100.00
 149    29.721 56131.44815186 28.56 201.225339  63.995728 23.695 -100.00 -100.00 -100.00
 149    29.738 56131.44815245 24.81 201.230827  63.996775 13.053 -100.00 -100.00 -100.00
 150    29.827 56141.36378555 50.10 201.212436  63.991883   -100 -100.00 -100.00 -100.00
 150    29.910 56141.36378614 50.02 201.217923  63.992930   -100 -100.00 -100.00 -100.00
 150    29.498 56141.36378674 53.05 201.223409  63.993977 20.904 -100.00 -100.00 -100.00
 150    29.522 56141.36378733 54.09 201.228896  63.995024 31.877 -100.00 -100.00 -100.00
 151    29.351 56151.27943702 46.89 201.215374  63.994505   -100  268.27  267.24  264.03
 151    29.322 56151.27943761 48.92 201.220861  63.995552   -100  268.27  267.24  264.03
 151    29.207 56151.27943820 50.51 201.226348  63.996599   -100  268.27  267.24  264.03
 151    29.230 56151.27943879 54.04 201.231836  63.997646  8.899  268.27  267.24  264.03
 152    29.270 56161.19508654 33.82 201.216076  63.997292   -100 -100.00 -100.00 -100.00
 152    28.939 56161.19508713 32.21 201.221564  63.998339 29.470 -100.00 -100.00 -100.00
 152    29.034 56161.19508772 28.01 201.227053  63.999386 15.140 -100.00 -100.00 -100.00
 152    29.038 56161.19508831 29.40 201.232541  64.000432 17.171 -100.00 -100.00 -100.00
 153    28.667 56171.11073394 35.08 201.214428  63.998023  2.155  264.11  263.10  261.48
 153    28.637 56171.11073453 34.71 201.219916  63.999070   -100  264.11  263.10  261.48
 153    29.397 56171.11073512 23.93 201.225405  64.000117 14.833  264.11  263.10  261.48
 153    29.377 56171.11073571 25.95 201.230894  64.001163 19.601  264.11  263.10  261.48
 153    29.655 56171.11073630 32.39 201.236383  64.002210   -100  264.11  263.10  261.48
 154    29.510 56181.02637716 24.04 201.215494  63.996853 12.079  261.48  259.76  257.69
 154    29.448 56181.02637775 28.16 201.220983  63.997900 24.576  261.48  259.76  257.69
 154    29.269 56181.02637834 29.64 201.226471  63.998947 28.687  261.48  259.76  257.69
 154    29.289 56181.02637893 27.16 201.231960  63.999994 21.363  261.48  259.76  257.69
 155    29.156 56190.94201627 47.09 201.215211  63.994724   -100  259.85  258.51  256.96
 155    29.180 56190.94201686 48.11 201.220699  63.995771   -100  259.85  258.51  256.96
 155    28.822 56190.94201745 51.16 201.226188  63.996818 19.075  259.85  258.51  256.96
 155    28.799 56190.94201804 51.10 201.231677  63.997865   -100  259.85  258.51  256.96
 156    76.361 56200.85765230  8.60 201.211633  63.993180  7.877 -100.00 -100.00 -100.00
 156    77.252 56200.85765407  4.56 201.228097  63.996321  4.224 -100.00 -100.00 -100.00
 156    77.208 56200.85765466  8.73 201.233586  63.997368  5.776 -100.00 -100.00 -100.00
 157    29.238 56210.77328708 24.95 201.216178  63.995321 16.315  253.03  251.07  250.78
 157    29.294 56210.77328767 20.73 201.221667  63.996368  9.479  253.03  251.07  250.78
 157    29.327 56210.77328826 21.46 201.227155  63.997415 10.960  253.03  251.07  250.78
 157    29.032 56210.77328885 23.06 201.232644  63.998462 13.384  253.03  251.07  250.78
 158    28.094 56220.68891967 43.79 201.217825  63.997580   -100 -100.00 -100.00 -100.00
 158    28.181 56220.68892026 44.32 201.223313  63.998627   -100 -100.00 -100.00 -100.00
 158    27.938 56220.68892085 47.74 201.228802  63.999674   -100 -100.00 -100.00 -100.00
 158    28.033 56220.68892144 51.87 201.234291  64.000721   -100 -100.00 -100.00 -100.00
 159    26.628 56230.60457071 35.95 201.216168  63.999386 32.016 -100.00 -100.00 -100.00
 159    26.817 56230.60457130 39.54 201.221656  64.000433   -100 -100.00 -100.00 -100.00
 159    26.920 56230.60457189 41.60 201.227145  64.001480   -100 -100.00 -100.00 -100.00
 159    27.574 56230.60457248 42.55 201.232635  64.002527 27.411 -100.00 -100.00 -100.00
 159    26.877 56230.60457307 47.11 201.238125  64.003574 10.150 -100.00 -100.00 -100.00
 160    26.556 56240.52022379 31.93 201.217067  63.999712 20.228 -100.00 -100.00 -100.00
 160    27.027 56240.52022438 32.86 201.222555  64.000759 22.710 -100.00 -100.00 -100.00
 160    26.824 56240.52022497 38.52 201.228044  64.001806   -100 -100.00 -100.00 -100.00
 160    26.906 56240.52022556 38.94 201.233534  64.002853   -100 -100.00 -100.00 -100.00
 160    27.027 56240.52022615 33.91 201.239024  64.003899 26.554 -100.00 -100.00 -100.00
 161    26.883 56250.43587273 29.97 201.217090  63.998976 21.816 -100.00 -100.00 -100.00
 161    27.002 56250.43587332 33.75 201.222578  64.000023   -100 -100.00 -100.00 -100.00
 161    27.275 56250.43587391 28.75 201.228067  64.001070 15.274 -100.00 -100.00 -100.00
 161    27.108 56250.43587450 34.51 201.233556  64.002116   -100 -100.00 -100.00 -100.00
 162    27.418 56260.35151696 36.97 201.217544  63.998219   -100  252.89  250.52  247.89
 162    27.639 56260.35151755 35.16 201.223032  63.999266 29.409  252.89  250.52  247.89
 162    27.469 56260.35151814 34.23 201.228521  64.000313   -100  252.89  250.52  247.89
 162    27.716 56260.35151873 38.13 201.234010  64.001359   -100  252.89  250.52  247.89
 163    27.456 56270.26715861 26.05 201.215771  63.998162 10.912 -100.00 -100.00 -100.00
 163    27.604 56270.26715920 25.57 201.221259  63.999209 10.715 -100.00 -100.00 -100.00
 163    27.609 56270.26715979 26.18 201.226748  64.000256 11.606 -100.00 -100.00 -100.00
 163    27.501 56270.26716038 26.00 201.232237  64.001303 11.847 -100.00 -100.00 -100.00
 163    27.558 56270.26716097 25.81 201.237727  64.002349 10.546 -100.00 -100.00 -100.00
 164    27.258 56280.18279862 20.44 201.214391  63.998313  8.074 -100.00 -100.00 -100.00
 164    27.432 56280.18279921 20.17 201.219879  63.999360  7.220 -100.00 -100.00 -100.00
 164    27.435 56280.18279980 19.93 201.225368  64.000407  6.409 -100.00 -100.00 -100.00
 164    27.439 56280.18280039 20.23 201.230857  64.001453  8.037 -100.00 -100.00 -100.00
 164    27.366 56280.18280098 20.16 201.236347  64.002500  7.614 -100.00 -100.00 -100.00
 165    27.461 56290.09845050 21.30 201.215221  63.998964  8.434 -100.00 -100.00 -100.00
 165    27.335 56290.09845109 23.04 201.220710  64.000011 13.579 -100.00 -100.00 -100.00
 165    27.476 56290.09845168 22.11 201.226199  64.001058 10.585 -100.00 -100.00 -100.00
 165    27.411 56290.09845227 23.40 201.231689  64.002105 15.073 -100.00 -100.00 -100.00
 165    27.392 56290.09845286 22.55 201.237179  64.003151 11.626 -100.00 -100.00 -100.00
 166    27.666 56300.01409841 20.22 201.213557  63.997281  7.242  257.31  254.50  246.73
 166    27.538 56300.01409900 20.98 201.219045  63.998328  9.083  257.31  254.50  246.73
 166    27.455 56300.01409959 21.82 201.224535  63.999375 10.409  257.31  254.50  246.73
 166    27.621 56300.01410018 22.70 201.230024  64.000422 12.029  257.31  254.50  246.73
 166    27.466 56300.01410077 22.04 201.235514  64.001468 11.644  257.31  254.50  246.73
 167    27.371 56309.92974253 14.27 201.215101  63.995509  3.784 -100.00 -100.00 -100.00
 167    27.710 56309.92974312 14.49 201.220589  63.996556  3.654 -100.00 -100.00 -100.00
 167    27.702 56309.92974371 14.55 201.226078  63.997603  4.058 -100.00 -100.00 -100.00
 167    28.079 56309.92974430 14.66 201.231568  63.998650  4.187 -100.00 -100.00 -100.00
 168    27.581 56319.84538411 13.59 201.214277  63.994330  3.111 -100.00 -100.00 -100.00
 168    27.582 56319.84538470 13.77 201.219765  63.995377  3.308 -100.00 -100.00 -100.00
 168    27.825 56319.84538529 14.13 201.225254  63.996424  3.663 -100.00 -100.00 -100.00
 168    28.409 56319.84538588 13.94 201.230744  63.997471  3.241 -100.00 -100.00 -100.00
 169    27.446 56329.76102516 12.62 201.215016  63.995580  3.239 -100.00 -100.00 -100.00
 169    27.716 56329.76102575 12.48 201.220504  63.996627  2.681 -100.00 -100.00 -100.00
 169    28.047 56329.76102634 12.42 201.225993  63.997674  2.751 -100.00 -100.00 -100.00
 169    28.379 56329.76102693 12.40 201.231483  63.998720  3.099 -100.00 -100.00 -100.00
 170    27.558 56339.67666534 12.16 201.214457  63.997115  2.505  239.57  232.93  222.36
 170    27.830 56339.67666593 12.27 201.219945  63.998162  2.815  239.57  232.93  222.36
 170    27.676 56339.67666652 12.42 201.225434  63.999209  2.744  239.57  232.93  222.36
 170    28.042 56339.67666711 12.30 201.230924  64.000255  2.758  239.57  232.93  222.36
 170    28.501 56339.67666770 12.40 201.236414  64.001302  2.879  239.57  232.93  222.36
 171    27.730 56349.59230352 11.46 201.216314  63.997891  2.668  243.72  238.24  226.43
 171    27.795 56349.59230411 11.48 201.221802  63.998938  2.929  243.72  238.24  226.43
 171    28.205 56349.59230470 11.42 201.227291  63.999985  2.682  243.72  238.24  226.43
 171    28.314 56349.59230529 11.83 201.232780  64.001032  3.438  243.72  238.24  226.43
 172    27.659 56359.50793944 11.34 201.214089  63.995911  2.718  250.06  245.73  236.98
 172    27.736 56359.50794003 11.70 201.219577  63.996959  3.997  250.06  245.73  236.98
 172    28.216 56359.50794062 11.94 201.225065  63.998006  4.196  250.06  245.73  236.98
 172    28.213 56359.50794121 11.99 201.230553  63.999053  4.512  250.06  245.73  236.98
 172    28.391 56359.50794180 12.08 201.236042  64.000099  4.505  250.06  245.73  236.98
 173    27.931 56369.42358951 11.53 201.213347  63.994744  2.496  244.06  238.07  227.35
 173    28.103 56369.42359010 11.77 201.218834  63.995791  2.917  244.06  238.07  227.35
 173    28.664 56369.42359069 12.35 201.224322  63.996838  4.264  244.06  238.07  227.35
 173    28.558 56369.42359128 11.88 201.229810  63.997885  2.866  244.06  238.07  227.35
 175    28.172 56389.25488298 11.56 201.217920  63.997909  2.942  241.64  233.65  221.65
 175    28.439 56389.25488357 11.63 201.223408  63.998956  3.251  241.64  233.65  221.65
 175    28.951 56389.25488416 11.72 201.228897  64.000002  2.709  241.64  233.65  221.65
 175    29.959 56389.25488475 11.58 201.234387  64.001048  3.111  241.64  233.65  221.65
 176    27.445 56399.17052619 16.03 201.214429  63.999406  9.486  248.58  241.95  230.74
 176    27.929 56399.17052678 12.81 201.219918  64.000453  4.851  248.58  241.95  230.74
 176    27.867 56399.17052737 13.47 201.225407  64.001500  6.156  248.58  241.95  230.74
 176    28.471 56399.17052796 11.91 201.230896  64.002546  3.680  248.58  241.95  230.74
 176    29.059 56399.17052855 11.65 201.236386  64.003593  3.228  248.58  241.95  230.74
 177    27.422 56409.08616718 31.41 201.214796  64.000407   -100  266.67  264.94  262.18
 177    27.587 56409.08616777 30.43 201.220285  64.001454 32.260  266.67  264.94  262.18
 177    27.484 56409.08616836 29.70 201.225774  64.002501   -100  266.67  264.94  262.18
 177    27.457 56409.08616895 29.16 201.231264  64.003547 31.811  266.67  264.94  262.18
 177    26.501 56409.08616954 32.63 201.236754  64.004594   -100  266.67  264.94  262.18
 178    27.592 56419.00180378 33.43 201.217465  63.999996   -100  268.60  267.00  266.13
 178    27.658 56419.00180437 31.18 201.222954  64.001043 26.220  268.60  267.00  266.13
 178    27.391 56419.00180496 31.50 201.228443  64.002090   -100  268.60  267.00  266.13
 178    29.793 56419.00180555 29.77 201.233933  64.003137 22.032  268.60  267.00  266.13
 179    27.284 56428.91743728 30.97 201.214355  63.997657 27.527 -100.00 -100.00 -100.00
 179    27.108 56428.91743787 31.86 201.219843  63.998704   -100 -100.00 -100.00 -100.00
 179    27.322 56428.91743846 32.56 201.225332  63.999751   -100 -100.00 -100.00 -100.00
 179    27.308 56428.91743905 30.02 201.230821  64.000798 27.259 -100.00 -100.00 -100.00
 179    27.001 56428.91743964 28.83 201.236311  64.001845 24.700 -100.00 -100.00 -100.00
 180    28.206 56438.83309129 46.07 201.217900  63.998532   -100 -100.00 -100.00 -100.00
 180    27.856 56438.83309188 47.07 201.223389  63.999579  5.638 -100.00 -100.00 -100.00
 180    27.726 56438.83309247 50.29 201.228878  64.000626   -100 -100.00 -100.00 -100.00
 180    27.770 56438.83309306 54.27 201.234368  64.001672   -100 -100.00 -100.00 -100.00
 181    31.943 56448.74874242 29.04 201.218006  63.999170 18.231  262.75  261.56  259.29
 181    31.863 56448.74874301 28.79 201.223495  64.000217 20.571  262.75  261.56  259.29
 181    31.938 56448.74874360 28.78 201.228984  64.001263 19.183  262.75  261.56  259.29
 181    32.289 56448.74874419 28.04 201.234474  64.002310 16.693  262.75  261.56  259.29
 182    32.750 56458.66439122 49.33 201.217139  63.999464   -100  266.44  266.70  262.62
 182    32.590 56458.66439181 54.08 201.222628  64.000511  7.532  266.44  266.70  262.62
 182    32.483 56458.66439240 54.27 201.228117  64.001558 21.657  266.44  266.70  262.62
 182    32.494 56458.66439299 55.34 201.233607  64.002604   -100  266.44  266.70  262.62
 183    31.184 56468.58003679 19.70 201.217936  63.998977 11.502  269.93  269.88  265.99
 183    30.795 56468.58003738 20.70 201.223424  64.000024 14.403  269.93  269.88  265.99
 183    30.279 56468.58003797 21.86 201.228913  64.001071 18.010  269.93  269.88  265.99
 183    30.456 56468.58003856 25.03 201.234403  64.002117 25.809  269.93  269.88  265.99
 184    30.531 56478.49567791 26.18 201.215091  63.997138 22.014 -100.00 -100.00 -100.00
 184    30.096 56478.49567850 20.67 201.220579  63.998185 12.106 -100.00 -100.00 -100.00
 184    29.675 56478.49567909 22.80 201.226067  63.999232 15.279 -100.00 -100.00 -100.00
 184    29.519 56478.49567968 27.09 201.231556  64.000278 30.557 -100.00 -100.00 -100.00
 184    29.748 56478.49568027 28.62 201.237045  64.001324   -100 -100.00 -100.00 -100.00
 185    29.916 56488.41131565 20.76 201.217043  63.995876 12.962 -100.00 -100.00 -100.00
 185    29.120 56488.41131624 22.82 201.222531  63.996923 21.271 -100.00 -100.00 -100.00
 185    29.051 56488.41131683 25.71 201.228019  63.997969 30.717 -100.00 -100.00 -100.00
 185    29.227 56488.41131743 28.90 201.233507  63.999016   -100 -100.00 -100.00 -100.00
 187    29.246 56508.24258456 22.95 201.214306  63.994777 18.182 -100.00 -100.00 -100.00
 187    28.989 56508.24258515 22.81 201.219793  63.995825 16.927 -100.00 -100.00 -100.00
 187    29.145 56508.24258574 22.33 201.225281  63.996872 13.960 -100.00 -100.00 -100.00
 187    29.060 56508.24258633 25.78 201.230769  63.997918 21.874 -100.00 -100.00 -100.00
 188    28.504 56518.15822368 26.43 201.216755  63.995987 23.599 -100.00 -100.00 -100.00
 188    28.549 56518.15822428 24.56 201.222243  63.997034 16.471 -100.00 -100.00 -100.00
 188    28.656 56518.15822487 24.21 201.227731  63.998081 14.409 -100.00 -100.00 -100.00
 188    28.625 56518.15822546 30.30 201.233219  63.999128   -100 -100.00 -100.00 -100.00
 189    28.094 56528.07387803 31.80 201.217159  63.997013   -100  270.02  268.98  265.97
 189    27.958 56528.07387862 31.40 201.222647  63.998060   -100  270.02  268.98  265.97
 189    28.179 56528.07387921 28.08 201.228135  63.999107 29.125  270.02  268.98  265.97
 189    28.091 56528.07387980 28.76 201.233624  64.000154 31.447  270.02  268.98  265.97
 190    28.271 56537.98952770 28.72 201.214299  63.996457   -100 -100.00 -100.00 -100.00
 190    28.720 56537.98952829 25.41 201.219787  63.997504 22.850 -100.00 -100.00 -100.00
 190    28.293 56537.98952888 25.02 201.225276  63.998551 21.750 -100.00 -100.00 -100.00
 190    28.322 56537.98952947 24.72 201.230765  63.999598 17.683 -100.00 -100.00 -100.00
 190    29.532 56537.98953006 25.81 201.236254  64.000645 20.731 -100.00 -100.00 -100.00
 191    28.698 56547.90517337 26.16 201.212041  63.995617 19.167 -100.00 -100.00 -100.00
 191    28.689 56547.90517396 22.35 201.217529  63.996665 10.517 -100.00 -100.00 -100.00
 191    28.510 56547.90517455 24.61 201.223018  63.997712 15.894 -100.00 -100.00 -100.00
 191    28.342 56547.90517514 24.44 201.228507  63.998759 15.350 -100.00 -100.00 -100.00
 191    28.621 56547.90517573 26.22 201.233996  63.999805 18.497 -100.00 -100.00 -100.00
 192    28.449 56557.82081696 29.47 201.213991  63.996563   -100  258.62  256.82  255.76
 192    28.683 56557.82081755 26.97 201.219480  63.997610 22.409  258.62  256.82  255.76
 192    28.573 56557.82081814 26.27 201.224969  63.998657 20.225  258.62  256.82  255.76
 192    28.324 56557.82081873 25.61 201.230459  63.999704 19.456  258.62  256.82  255.76
 192    28.483 56557.82081932 28.41 201.235948  64.000750 27.725  258.62  256.82  255.76
 193    27.823 56567.73645947 32.60 201.214093  63.997846   -100  258.50  256.70  256.35
 193    27.871 56567.73646006 30.20 201.219582  63.998893   -100  258.50  256.70  256.35
 193    27.959 56567.73646065 27.33 201.225071  63.999940 23.849  258.50  256.70  256.35
 193    30.015 56567.73646124 26.96 201.230561  64.000987 21.295  258.50  256.70  256.35
 193    27.925 56567.73646183 28.14 201.236051  64.002033 25.811  258.50  256.70  256.35
 194    27.870 56577.65210099 34.45 201.217263  63.999894   -100  258.26  258.38  257.74
 194    27.618 56577.65210158 34.23 201.222752  64.000941   -100  258.26  258.38  257.74
 194    27.546 56577.65210217 35.55 201.228241  64.001988   -100  258.26  258.38  257.74
 194    28.979 56577.65210276 31.46 201.233731  64.003034   -100  258.26  258.38  257.74
 194    29.191 56577.65210335 29.31 201.239222  64.004080 22.918  258.26  258.38  257.74
 195    28.908 56587.56773851 43.93 201.217780  64.000115 29.635  254.36  253.40  252.27
 195    28.766 56587.56773910 44.21 201.223269  64.001162 29.028  254.36  253.40  252.27
 195    28.229 56587.56773969 49.37 201.228758  64.002209 26.312  254.36  253.40  252.27
 195    28.280 56587.56774028 52.55 201.234248  64.003256   -100  254.36  253.40  252.27
 196    27.481 56597.48337933 42.20 201.214487  63.998777   -100  246.31  244.03  241.66
 196    28.174 56597.48337992 44.01 201.219975  63.999824 23.266  246.31  244.03  241.66
 196    27.814 56597.48338051 46.27 201.225464  64.000871   -100  246.31  244.03  241.66
 196    27.469 56597.48338110 51.45 201.230953  64.001918 26.102  246.31  244.03  241.66
 196    27.536 56597.48338169 53.46 201.236442  64.002965 28.393  246.31  244.03  241.66
 197    26.059 56607.39903108 39.87 201.216453  63.998857   -100 -100.00 -100.00 -100.00
 197    26.257 56607.39903167 40.90 201.221941  63.999905   -100 -100.00 -100.00 -100.00
 197    26.516 56607.39903226 42.01 201.227430  64.000951   -100 -100.00 -100.00 -100.00
 197    26.706 56607.39903285 44.00 201.232919  64.001998   -100 -100.00 -100.00 -100.00
 197    26.301 56607.39903344 48.42 201.238409  64.003044 27.164 -100.00 -100.00 -100.00
 198    27.813 56617.31467794 29.51 201.218062  63.999158 12.197  235.77  232.41  229.41
 198    27.741 56617.31467853 28.49 201.223551  64.000205 10.937  235.77  232.41  229.41
 198    27.315 56617.31467912 29.00 201.229040  64.001252 11.891  235.77  232.41  229.41
 198    27.123 56617.31467971 29.17 201.234530  64.002298 10.161  235.77  232.41  229.41
 199    27.243 56627.23032105 29.99 201.215981  63.998754 17.580  240.78  238.38  235.43
 199    26.800 56627.23032164 33.49 201.221469  63.999801 30.347  240.78  238.38  235.43
 199    26.634 56627.23032223 35.15 201.226959  64.000848   -100  240.78  238.38  235.43
 199    26.770 56627.23032282 32.75 201.232448  64.001894 27.882  240.78  238.38  235.43
 199    26.800 56627.23032341 32.52 201.237938  64.002941 28.531  240.78  238.38  235.43
 200    27.872 56637.14596131 26.84 201.213400  63.997774  9.733  237.99  237.98  236.43
 200    27.694 56637.14596190 27.87 201.218889  63.998821 13.818  237.99  237.98  236.43
 200    27.697 56637.14596249 26.80 201.224378  63.999868 12.174  237.99  237.98  236.43
 200    27.155 56637.14596308 28.95 201.229867  64.000915 18.405  237.99  237.98  236.43
 200    27.243 56637.14596367 27.29 201.235357  64.001961 12.331  237.99  237.98  236.43
 201    27.773 56647.06160335 25.27 201.217796  63.997342 13.067 -100.00 -100.00 -100.00
 201    27.633 56647.06160394 25.74 201.223285  63.998389 14.766 -100.00 -100.00 -100.00
 201    27.371 56647.06160453 26.21 201.228774  63.999436 14.438 -100.00 -100.00 -100.00
 201    27.493 56647.06160512 25.44 201.234264  64.000483 14.910 -100.00 -100.00 -100.00
 202    27.804 56656.97725481 20.73 201.212087  63.995571  8.058  240.45  239.64  236.18
 202    27.812 56656.97725540 22.29 201.217575  63.996618 10.407  240.45  239.64  236.18
 202    27.625 56656.97725599 22.18 201.223064  63.997665 10.152  240.45  239.64  236.18
 202    27.450 56656.97725658 22.64 201.228554  63.998712 11.459  240.45  239.64  236.18
 202    27.261 56656.97725717 23.32 201.234043  63.999759 12.214  240.45  239.64  236.18
 203    27.154 56666.89290251 20.63 201.211838  63.995049  9.647  243.73  242.60  239.95
 203    27.492 56666.89290310 19.32 201.217326  63.996096  8.151  243.73  242.60  239.95
 203    27.545 56666.89290369 19.48 201.222815  63.997143  7.839  243.73  242.60  239.95
 203    27.575 56666.89290428 17.92 201.228305  63.998190  5.542  243.73  242.60  239.95
 203    27.510 56666.89290487 18.70 201.233795  63.999237  6.849  243.73  242.60  239.95
 205    27.294 56686.72419198 22.11 201.214753  63.997221 10.983 -100.00 -100.00 -100.00
 205    27.162 56686.72419257 22.70 201.220242  63.998268 12.646 -100.00 -100.00 -100.00
 205    27.308 56686.72419316 22.40 201.225731  63.999315 11.867 -100.00 -100.00 -100.00
 205    27.054 56686.72419375 23.43 201.231221  64.000361 13.701 -100.00 -100.00 -100.00
 205    26.938 56686.72419434 23.57 201.236711  64.001408 13.190 -100.00 -100.00 -100.00
 206    27.433 56696.63983423 20.03 201.217952  63.998199  8.268  223.39  218.48  213.83
 206    27.346 56696.63983482 20.40 201.223441  63.999246  9.124  223.39  218.48  213.83
 206    27.247 56696.63983541 20.66 201.228931  64.000293 10.005  223.39  218.48  213.83
 206    27.117 56696.63983600 21.20 201.234421  64.001340 10.726  223.39  218.48  213.83
 207    27.608 56706.55547087 18.15 201.212571  63.996315  6.955 -100.00 -100.00 -100.00
 207    27.501 56706.55547146 19.25 201.218059  63.997363  8.231 -100.00 -100.00 -100.00
 207    27.651 56706.55547205 18.84 201.223547  63.998410  7.053 -100.00 -100.00 -100.00
 207    27.425 56706.55547264 20.31 201.229036  63.999457  8.906 -100.00 -100.00 -100.00
 207    27.514 56706.55547323 19.71 201.234526  64.000503  8.710 -100.00 -100.00 -100.00
 208    27.489 56716.47110465 18.38 201.212119  63.994945  6.633  236.44  234.62  228.57
 208    27.517 56716.47110524 19.61 201.217606  63.995992  7.698  236.44  234.62  228.57
 208    27.399 56716.47110583 19.63 201.223094  63.997039  8.468  236.44  234.62  228.57
 208    27.793 56716.47110643 18.64 201.228582  63.998086  7.124  236.44  234.62  228.57
 208    27.596 56716.47110702 19.90 201.234071  63.999133  8.570  236.44  234.62  228.57
 209    28.025 56726.38675837 17.42 201.216551  63.996665  8.516  226.09  219.72  210.73
 209    27.989 56726.38675896 17.52 201.222039  63.997712  7.430  226.09  219.72  210.73
 209    27.602 56726.38675955 18.46 201.227527  63.998759 10.310  226.09  219.72  210.73
 209    27.922 56726.38676014 19.04 201.233016  63.999805 10.765  226.09  219.72  210.73
 211    28.051 56746.21805366 23.47 201.215174  64.000203 13.346 -100.00 -100.00 -100.00
 211    27.953 56746.21805425 23.27 201.220663  64.001250 12.927 -100.00 -100.00 -100.00
 211    27.409 56746.21805484 24.42 201.226153  64.002297 21.110 -100.00 -100.00 -100.00
 211    26.882 56746.21805543 25.89 201.231642  64.003343 27.623 -100.00 -100.00 -100.00
 211    27.083 56746.21805602 23.22 201.237133  64.004390 18.729 -100.00 -100.00 -100.00
 212    28.023 56756.13369548 20.00 201.217111  64.001030 11.545 -100.00 -100.00 -100.00
 212    27.838 56756.13369607 19.09 201.222600  64.002077  9.498 -100.00 -100.00 -100.00
 212    27.446 56756.13369667 20.54 201.228090  64.003124 13.499 -100.00 -100.00 -100.00
 212    27.483 56756.13369726 18.15 201.233580  64.004170  9.055 -100.00 -100.00 -100.00
 212    27.116 56756.13369785 18.71 201.239071  64.005216  9.905 -100.00 -100.00 -100.00
 213    27.685 56766.04933149 38.49 201.219421  64.000294   -100 -100.00 -100.00 -100.00
 213    26.874 56766.04933208 41.92 201.224910  64.001341   -100 -100.00 -100.00 -100.00
 213    26.511 56766.04933267 43.13 201.230400  64.002388  0.416 -100.00 -100.00 -100.00
 213    25.844 56766.04933326 43.53 201.235890  64.003435  4.901 -100.00 -100.00 -100.00
 214    28.117 56775.96497146 39.02 201.214525  63.998112   -100 -100.00 -100.00 -100.00
 214    26.411 56775.96497205 40.12 201.220013  63.999159   -100 -100.00 -100.00 -100.00
 214    26.395 56775.96497264 43.28 201.225502  64.000206 17.558 -100.00 -100.00 -100.00
 214    26.417 56775.96497324 42.21 201.230992  64.001253 15.790 -100.00 -100.00 -100.00
 214    26.710 56775.96497383 40.15 201.236481  64.002300   -100 -100.00 -100.00 -100.00
 215    29.334 56785.88062801 46.14 201.213734  63.998611 28.949 -100.00 -100.00 -100.00
 215    28.904 56785.88062860 49.47 201.219223  63.999659   -100 -100.00 -100.00 -100.00
 215    28.772 56785.88062919 50.97 201.224712  64.000706  8.320 -100.00 -100.00 -100.00
 215    28.592 56785.88062978 46.61 201.230202  64.001752 13.348 -100.00 -100.00 -100.00
 215    28.637 56785.88063037 43.96 201.235692  64.002799  3.856 -100.00 -100.00 -100.00
 216    30.031 56795.79628153 31.72 201.218517  64.000679 27.766 -100.00 -100.00 -100.00
 216    30.192 56795.79628212 36.36 201.224007  64.001725   -100 -100.00 -100.00 -100.00
 216    30.315 56795.79628271 37.30 201.229497  64.002772   -100 -100.00 -100.00 -100.00
 216    30.720 56795.79628330 38.90 201.234987  64.003818   -100 -100.00 -100.00 -100.00
 217    29.752 56805.71192990 23.87 201.216351  64.000882  8.458  263.75  262.99  260.65
 217    29.774 56805.71193049 23.10 201.221841  64.001929  9.377  263.75  262.99  260.65
 217    29.915 56805.71193108 26.93 201.227331  64.002975 17.220  263.75  262.99  260.65
 217    29.696 56805.71193167 29.87 201.232821  64.004022 27.091  263.75  262.99  260.65
 217    29.754 56805.71193226 32.29 201.238312  64.005068   -100  263.75  262.99  260.65
 219    30.354 56825.54320951 42.34 201.212972  63.996896   -100 -100.00 -100.00 -100.00
 219    30.953 56825.54321010 43.17 201.218460  63.997943 24.049 -100.00 -100.00 -100.00
 219    30.163 56825.54321069 46.51 201.223948  63.998990 17.928 -100.00 -100.00 -100.00
 219    30.346 56825.54321128 45.62 201.229437  64.000037   -100 -100.00 -100.00 -100.00
 219    30.128 56825.54321187 49.02 201.234926  64.001083 12.960 -100.00 -100.00 -100.00
 220    30.280 56835.45884452 18.62 201.216801  63.995663  9.905 -100.00 -100.00 -100.00
 220    30.323 56835.45884511 18.33 201.222288  63.996710  8.740 -100.00 -100.00 -100.00
 220    30.071 56835.45884570 24.79 201.227776  63.997756 27.384 -100.00 -100.00 -100.00
 220    30.093 56835.45884629 26.82 201.233264  63.998803   -100 -100.00 -100.00 -100.00
 221    30.731 56845.37447549 49.21 201.212127  63.994179   -100 -100.00 -100.00 -100.00
 221    30.724 56845.37447608 53.56 201.217614  63.995226 27.057 -100.00 -100.00 -100.00
 221    30.829 56845.37447667 50.79 201.223102  63.996273   -100 -100.00 -100.00 -100.00
 221    30.677 56845.37447726 50.97 201.228589  63.997320  8.859 -100.00 -100.00 -100.00
 221    30.697 56845.37447785 55.25 201.234077  63.998367 14.464 -100.00 -100.00 -100.00
 222    30.277 56855.29012247 20.23 201.214057  63.995930 14.751 -100.00 -100.00 -100.00
 222    30.320 56855.29012306 18.99 201.219544  63.996977 10.563 -100.00 -100.00 -100.00
 222    29.972 56855.29012365 22.76 201.225032  63.998024 19.010 -100.00 -100.00 -100.00
 222    29.712 56855.29012424 24.14 201.230520  63.999070 25.421 -100.00 -100.00 -100.00
 222    30.084 56855.29012483 27.96 201.236009  64.000117   -100 -100.00 -100.00 -100.00
 223    30.808 56865.20577657 51.56 201.217238  63.998204   -100 -100.00 -100.00 -100.00
 223    30.474 56865.20577716 55.22 201.222726  63.999251 22.578 -100.00 -100.00 -100.00
 223    30.646 56865.20577775 53.62 201.228214  64.000298  9.719 -100.00 -100.00 -100.00
 223    30.732 56865.20577834 52.09 201.233704  64.001344   -100 -100.00 -100.00 -100.00
 224    29.932 56875.12142923 37.60 201.215933  63.998356   -100 -100.00 -100.00 -100.00
 224    30.020 56875.12142982 34.49 201.221421  63.999403   -100 -100.00 -100.00 -100.00
 224    30.103 56875.12143042 36.05 201.226910  64.000449   -100 -100.00 -100.00 -100.00
 224    30.110 56875.12143101 33.20 201.232399  64.001496   -100 -100.00 -100.00 -100.00
 224    30.013 56875.12143160 35.87 201.237889  64.002542   -100 -100.00 -100.00 -100.00
 225    29.734 56885.03707896 17.59 201.217057  63.998227  9.099  273.53  272.62  268.25
 225    29.486 56885.03707955 20.50 201.222546  63.999274 15.767  273.53  272.62  268.25
 225    29.620 56885.03708014 19.51 201.228035  64.000321 13.817  273.53  272.62  268.25
 225    29.510 56885.03708073 24.95 201.233524  64.001367 28.102  273.53  272.62  268.25
 226    29.113 56894.95272542 34.78 201.215915  63.997560  8.775 -100.00 -100.00 -100.00
 226    29.108 56894.95272601 31.14 201.221403  63.998606   -100 -100.00 -100.00 -100.00
 226    29.139 56894.95272660 25.35 201.226893  63.999653 19.654 -100.00 -100.00 -100.00
 226    29.189 56894.95272719 25.76 201.232382  64.000700 23.394 -100.00 -100.00 -100.00
 227    29.330 56904.86836878 25.80 201.214553  63.998036   -100  264.01  262.05  260.26
 227    29.251 56904.86836937 26.38 201.220042  63.999083   -100  264.01  262.05  260.26
 227    29.250 56904.86836996 24.01 201.225532  64.000130 26.937  264.01  262.05  260.26
 227    29.371 56904.86837055 25.07 201.231021  64.001176 28.923  264.01  262.05  260.26
 227    29.546 56904.86837114 27.96 201.236512  64.002223   -100  264.01  262.05  260.26
 228    29.245 56914.78401063 29.40 201.218411  64.000565 30.422 -100.00 -100.00 -100.00
 228    29.323 56914.78401122 26.57 201.223900  64.001612 20.695 -100.00 -100.00 -100.00
 228    29.537 56914.78401181 27.15 201.229390  64.002658 19.994 -100.00 -100.00 -100.00
 228    29.546 56914.78401240 29.46 201.234881  64.003704 29.668 -100.00 -100.00 -100.00
 229    28.673 56924.69964996 46.32 201.216152  64.001543   -100  256.80  255.03  254.22
 229    28.814 56924.69965055 47.31 201.221642  64.002590   -100  256.80  255.03  254.22
 229    29.029 56924.69965114 48.45 201.227132  64.003637   -100  256.80  255.03  254.22
 229    28.682 56924.69965173 50.58 201.232622  64.004683 14.987  256.80  255.03  254.22
 229    28.804 56924.69965232 53.48 201.238113  64.005729 14.947  256.80  255.03  254.22
 230    28.327 56934.61528658 26.52 201.216226  64.001404 28.772 -100.00 -100.00 -100.00
 230    28.799 56934.61528717 22.79 201.221715  64.002451 15.715 -100.00 -100.00 -100.00
 230    28.136 56934.61528776 22.21 201.227205  64.003498 13.113 -100.00 -100.00 -100.00
 230    29.101 56934.61528835 22.68 201.232694  64.004544 15.159 -100.00 -100.00 -100.00
 230    28.275 56934.61528894 23.57 201.238185  64.005590 18.359 -100.00 -100.00 -100.00
 231    27.810 56944.53091769 39.72 201.215696  63.999289   -100 -100.00 -100.00 -100.00
 231    27.902 56944.53091828 42.86 201.221184  64.000336   -100 -100.00 -100.00 -100.00
 231    27.607 56944.53091887 45.38 201.226673  64.001383 19.210 -100.00 -100.00 -100.00
 231    27.731 56944.53091946 44.58 201.232162  64.002430  8.402 -100.00 -100.00 -100.00
 231    27.936 56944.53092005 48.52 201.237651  64.003477   -100 -100.00 -100.00 -100.00
 232    27.109 56954.44656649 39.82 201.215643  63.997897   -100  259.90  258.26  256.33
 232    27.430 56954.44656708 42.15 201.221131  63.998944   -100  259.90  258.26  256.33
 232    27.620 56954.44656767 43.29 201.226619  63.999991   -100  259.90  258.26  256.33
 232    28.108 56954.44656826 45.21 201.232108  64.001038 27.087  259.90  258.26  256.33
 232    27.427 56954.44656885 48.58 201.237598  64.002084 23.800  259.90  258.26  256.33
 233    26.648 56964.36221657 35.26 201.217869  63.998221   -100 -100.00 -100.00 -100.00
 233    26.975 56964.36221716 36.29 201.223357  63.999268   -100 -100.00 -100.00 -100.00
 233    27.126 56964.36221775 40.03 201.228846  64.000315   -100 -100.00 -100.00 -100.00
 233    27.045 56964.36221834 40.02 201.234335  64.001361   -100 -100.00 -100.00 -100.00
 234    27.311 56974.27786190 40.06 201.217852  63.999317   -100 -100.00 -100.00 -100.00
 234    27.380 56974.27786250 43.16 201.223341  64.000364   -100 -100.00 -100.00 -100.00
 234    27.508 56974.27786309 41.81 201.228830  64.001411   -100 -100.00 -100.00 -100.00
 234    27.702 56974.27786368 39.67 201.234320  64.002457 32.401 -100.00 -100.00 -100.00
 235    27.485 56984.19350279 27.79 201.217371  64.000027 13.428 -100.00 -100.00 -100.00
 235    27.605 56984.19350338 28.31 201.222860  64.001073 13.521 -100.00 -100.00 -100.00
 235    27.622 56984.19350397 28.01 201.228349  64.002120 15.320 -100.00 -100.00 -100.00
 235    27.730 56984.19350457 28.03 201.233839  64.003167 14.769 -100.00 -100.00 -100.00
 235    27.728 56984.19350516 26.34 201.239329  64.004213 12.242 -100.00 -100.00 -100.00
 236    27.796 56994.10913866 32.40 201.218061  63.998931 26.194  250.09  246.32  237.65
 236    27.772 56994.10913925 29.40 201.223550  63.999978 18.547  250.09  246.32  237.65
 236    27.813 56994.10913984 31.01 201.229040  64.001025 24.722  250.09  246.32  237.65
 236    27.691 56994.10914043 30.12 201.234529  64.002071 20.142  250.09  246.32  237.65
 237    27.372 57004.02477666 22.36 201.214221  63.995448  9.605 -100.00 -100.00 -100.00
 237    27.447 57004.02477725 22.48 201.219709  63.996495 10.710 -100.00 -100.00 -100.00
 237    27.623 57004.02477784 22.80 201.225197  63.997542 10.484 -100.00 -100.00 -100.00
 237    27.703 57004.02477843 22.54 201.230686  63.998589 11.565 -100.00 -100.00 -100.00
 238    27.428 57013.94043282 21.65 201.215332  63.994409  9.143 -100.00 -100.00 -100.00
 238    27.577 57013.94043341 22.12 201.220820  63.995457 11.086 -100.00 -100.00 -100.00
 238    27.679 57013.94043400 21.92 201.226309  63.996504  9.449 -100.00 -100.00 -100.00
 238    27.669 57013.94043459 21.89 201.231798  63.997550  9.939 -100.00 -100.00 -100.00
 239    27.494 57023.85608401 25.76 201.216130  63.995075 19.221 -100.00 -100.00 -100.00
 239    27.553 57023.85608460 25.52 201.221619  63.996122 17.703 -100.00 -100.00 -100.00
 239    27.642 57023.85608519 25.50 201.227108  63.997169 16.778 -100.00 -100.00 -100.00
 239    27.510 57023.85608578 25.22 201.232597  63.998215 16.676 -100.00 -100.00 -100.00
 240    27.644 57033.77173288 18.65 201.217427  63.997723  8.579  239.79  237.49  228.79
 240    27.606 57033.77173347 18.90 201.222916  63.998770  8.978  239.79  237.49  228.79
 240    27.699 57033.77173406 18.99 201.228406  63.999817  8.331  239.79  237.49  228.79
 240    27.663 57033.77173465 19.18 201.233896  64.000863 10.839  239.79  237.49  228.79
 241    27.829 57043.68737895 16.00 201.215576  63.999211  6.137  232.66  227.00  217.23
 241    27.833 57043.68737954 15.70 201.221065  64.000258  6.122  232.66  227.00  217.23
 241    27.883 57043.68738013 15.82 201.226554  64.001305  6.785  232.66  227.00  217.23
 241    27.925 57043.68738072 15.18 201.232044  64.002351  5.952  232.66  227.00  217.23
 241    27.672 57043.68738131 15.46 201.237535  64.003397  6.555  232.66  227.00  217.23
