#   26.980  -0.186  18.262 ;Mean Elev.(m), Avg Gradient(m/km), RMS Gradient(m/km)
   1    40.148 54659.09658109 38.05 203.206475  64.648399 29.674 -100.00 -100.00 -100.00
   1    40.075 54659.09658168 28.14 203.212239  64.647508  9.686 -100.00 -100.00 -100.00
   1    39.979 54659.09658227 28.18 203.218002  64.646617 11.047 -100.00 -100.00 -100.00
   1    39.745 54659.09658286 28.06 203.223765  64.645726  9.894 -100.00 -100.00 -100.00
   1    39.364 54659.09658345 29.06 203.229528  64.644834 13.314 -100.00 -100.00 -100.00
   2    45.805 54669.01222780 16.54 203.211044  64.646735  6.455 -100.00 -100.00 -100.00
   2    45.294 54669.01222839 19.53 203.216807  64.645843 11.882 -100.00 -100.00 -100.00
   2    44.678 54669.01222898 18.56 203.222570  64.644952  9.224 -100.00 -100.00 -100.00
   2    44.268 54669.01222957 19.91 203.228332  64.644060 10.216 -100.00 -100.00 -100.00
   4    40.500 54688.84351457 33.93 203.208212  64.649514   -100 -100.00 -100.00 -100.00
   4    40.588 54688.84351516 28.70 203.213975  64.648623 13.902 -100.00 -100.00 -100.00
   4    40.588 54688.84351575 29.17 203.219739  64.647731 14.982 -100.00 -100.00 -100.00
   4    40.648 54688.84351634 30.36 203.225502  64.646840 15.919 -100.00 -100.00 -100.00
   6    39.595 54708.67479911 45.14 203.209846  64.649903   -100 -100.00 -100.00 -100.00
   6    39.774 54708.67479970 50.76 203.215610  64.649012   -100 -100.00 -100.00 -100.00
   6    39.793 54708.67480029 54.22 203.221373  64.648121   -100 -100.00 -100.00 -100.00
   6    39.650 54708.67480088 55.03 203.227136  64.647229 26.409 -100.00 -100.00 -100.00
   8    39.128 54728.50610040 47.93 203.212394  64.644248   -100 -100.00 -100.00 -100.00
   8    38.759 54728.50610099 52.17 203.218156  64.643357 18.102 -100.00 -100.00 -100.00
   8    38.901 54728.50610159 52.00 203.223918  64.642465  9.988 -100.00 -100.00 -100.00
   8    38.983 54728.50610218 55.18 203.229679  64.641573 26.207 -100.00 -100.00 -100.00
   9    39.103 54738.42174761 45.13 203.209703  64.643562 25.571 -100.00 -100.00 -100.00
   9    38.783 54738.42174821 49.24 203.215465  64.642670   -100 -100.00 -100.00 -100.00
   9    38.829 54738.42174880 51.28 203.221227  64.641779   -100 -100.00 -100.00 -100.00
   9    38.715 54738.42174939 53.71 203.226988  64.640887 20.720 -100.00 -100.00 -100.00
  10    86.390 54748.33739514 29.72 203.212975  64.643679   -100 -100.00 -100.00 -100.00
  10    84.718 54748.33739573 15.40 203.218737  64.642787   -100 -100.00 -100.00 -100.00
  10    85.031 54748.33739632 33.28 203.224499  64.641895  7.846 -100.00 -100.00 -100.00
  10    86.429 54748.33739691 26.84 203.230260  64.641003 17.921 -100.00 -100.00 -100.00
  11    38.283 54758.25304182 45.87 203.211566  64.644973   -100 -100.00 -100.00 -100.00
  11    38.262 54758.25304241 50.23 203.217328  64.644081 12.172 -100.00 -100.00 -100.00
  11    38.179 54758.25304300 51.27 203.223090  64.643189 17.409 -100.00 -100.00 -100.00
  11    38.412 54758.25304359 52.98 203.228852  64.642297  3.311 -100.00 -100.00 -100.00
  12    38.620 54768.16868615 35.70 203.208003  64.645833   -100 -100.00 -100.00 -100.00
  12    38.607 54768.16868674 36.66 203.213766  64.644941   -100 -100.00 -100.00 -100.00
  12    38.342 54768.16868733 37.04 203.219529  64.644050   -100 -100.00 -100.00 -100.00
  12    38.686 54768.16868793 39.35 203.225291  64.643158   -100 -100.00 -100.00 -100.00
  13    38.509 54778.08432807 31.81 203.212551  64.644110 30.780 -100.00 -100.00 -100.00
  13    38.533 54778.08432866 31.50 203.218314  64.643218 29.149 -100.00 -100.00 -100.00
  13    38.457 54778.08432925 32.12 203.224076  64.642326   -100 -100.00 -100.00 -100.00
  13    38.377 54778.08432984 30.68 203.229838  64.641434 28.025 -100.00 -100.00 -100.00
  14    38.154 54787.99996673 30.16 203.208508  64.643421 27.842 -100.00 -100.00 -100.00
  14    38.205 54787.99996732 28.82 203.214271  64.642530 23.639 -100.00 -100.00 -100.00
  14    38.186 54787.99996791 31.77 203.220033  64.641638   -100 -100.00 -100.00 -100.00
  14    38.123 54787.99996850 31.04 203.225796  64.640746   -100 -100.00 -100.00 -100.00
  14    38.088 54787.99996909 27.81 203.231558  64.639854 20.233 -100.00 -100.00 -100.00
  15    38.585 54797.91560520 26.95 203.212942  64.642596 18.836 -100.00 -100.00 -100.00
  15    38.631 54797.91560579 26.31 203.218705  64.641705 16.754 -100.00 -100.00 -100.00
  15    38.633 54797.91560638 27.15 203.224467  64.640813 19.249 -100.00 -100.00 -100.00
  15    38.477 54797.91560697 29.24 203.230229  64.639921 26.240 -100.00 -100.00 -100.00
  17    38.136 54817.74687977 25.63 203.207944  64.647430 20.087 -100.00 -100.00 -100.00
  17    38.173 54817.74688036 25.92 203.213708  64.646539 20.843 -100.00 -100.00 -100.00
  17    38.192 54817.74688096 27.40 203.219471  64.645648 24.749 -100.00 -100.00 -100.00
  17    38.142 54817.74688155 27.70 203.225234  64.644756 26.122 -100.00 -100.00 -100.00
  18    38.120 54827.66252984 24.27 203.206632  64.648454 17.800 -100.00 -100.00 -100.00
  18    38.257 54827.66253043 28.81 203.212396  64.647563 30.309 -100.00 -100.00 -100.00
  18    38.271 54827.66253102 24.54 203.218160  64.646672 16.379 -100.00 -100.00 -100.00
  18    38.238 54827.66253161 23.12 203.223923  64.645780 13.567 -100.00 -100.00 -100.00
  19    37.861 54837.57816896 19.62 203.206804  64.647800  9.546 -100.00 -100.00 -100.00
  19    37.909 54837.57816955 18.91 203.212568  64.646909  8.564 -100.00 -100.00 -100.00
  19    37.880 54837.57817014 20.30 203.218330  64.646017 10.358 -100.00 -100.00 -100.00
  19    37.805 54837.57817073 19.56 203.224093  64.645126  9.002 -100.00 -100.00 -100.00
  20    41.802 54847.49381856 13.05 203.208649  64.646985  4.410 -100.00 -100.00 -100.00
  20    42.076 54847.49381915 12.87 203.214412  64.646094  3.942 -100.00 -100.00 -100.00
  20    41.128 54847.49381975 14.12 203.220174  64.645202  5.910 -100.00 -100.00 -100.00
  20    41.798 54847.49382034 13.96 203.225936  64.644310  5.662 -100.00 -100.00 -100.00
  21    42.969 54857.40946713 11.71 203.206831  64.647411  3.716 -100.00 -100.00 -100.00
  21    42.180 54857.40946772 11.60 203.212595  64.646520  3.424 -100.00 -100.00 -100.00
  21    43.648 54857.40946831 11.41 203.218357  64.645628  3.816 -100.00 -100.00 -100.00
  21    43.425 54857.40946890 11.49 203.224119  64.644736  3.738 -100.00 -100.00 -100.00
  21    43.570 54857.40946949 11.50 203.229881  64.643844  3.803 -100.00 -100.00 -100.00
  22    43.203 54867.32511605 12.11 203.208542  64.647965  3.462 -100.00 -100.00 -100.00
  22    43.113 54867.32511664 12.29 203.214305  64.647073  3.577 -100.00 -100.00 -100.00
  22    41.952 54867.32511723 12.37 203.220068  64.646181  3.779 -100.00 -100.00 -100.00
  22    41.969 54867.32511782 12.39 203.225830  64.645289  4.134 -100.00 -100.00 -100.00
  23    43.244 54877.24076425 11.68 203.209214  64.647901  3.054 -100.00 -100.00 -100.00
  23    43.946 54877.24076484 11.60 203.214977  64.647010  3.598 -100.00 -100.00 -100.00
  23    42.990 54877.24076543 11.30 203.220740  64.646118  3.111 -100.00 -100.00 -100.00
  23    42.431 54877.24076602 11.46 203.226503  64.645226  3.445 -100.00 -100.00 -100.00
  24    43.300 54887.15640949 11.21 203.209571  64.646872  3.171 -100.00 -100.00 -100.00
  24    43.752 54887.15641008 11.02 203.215334  64.645980  3.264 -100.00 -100.00 -100.00
  24    44.231 54887.15641067 11.00 203.221097  64.645088  2.949 -100.00 -100.00 -100.00
  24    43.044 54887.15641126 10.81 203.226860  64.644196  3.162 -100.00 -100.00 -100.00
  25    45.425 54897.07205114 10.09 203.207151  64.645222  2.943 -100.00 -100.00 -100.00
  25    45.495 54897.07205173 10.56 203.212914  64.644331  3.425 -100.00 -100.00 -100.00
  25    44.824 54897.07205232 10.35 203.218676  64.643439  3.064 -100.00 -100.00 -100.00
  25    45.415 54897.07205291 10.24 203.224439  64.642547  3.103 -100.00 -100.00 -100.00
  25    45.635 54897.07205350 10.03 203.230200  64.641654  3.148 -100.00 -100.00 -100.00
  26    45.313 54906.98769049 10.41 203.208035  64.643586  2.899 -100.00 -100.00 -100.00
  26    44.850 54906.98769108 10.36 203.213797  64.642695  3.416 -100.00 -100.00 -100.00
  26    45.857 54906.98769167 10.27 203.219560  64.641803  2.782 -100.00 -100.00 -100.00
  26    46.034 54906.98769226 10.21 203.225321  64.640911  3.106 -100.00 -100.00 -100.00
  26    46.381 54906.98769285 10.07 203.231083  64.640018  3.203 -100.00 -100.00 -100.00
  27    44.540 54916.90332849  9.77 203.208115  64.643613  2.934 -100.00 -100.00 -100.00
  27    44.807 54916.90332908  9.65 203.213878  64.642722  2.612 -100.00 -100.00 -100.00
  27    44.616 54916.90332967  9.71 203.219640  64.641830  2.786 -100.00 -100.00 -100.00
  27    45.081 54916.90333026  9.83 203.225402  64.640938  3.557 -100.00 -100.00 -100.00
  27    44.809 54916.90333085  9.90 203.231163  64.640045  3.470 -100.00 -100.00 -100.00
  28    44.043 54926.81896678 10.23 203.212900  64.643930  3.095 -100.00 -100.00 -100.00
  28    44.860 54926.81896737 10.21 203.218662  64.643039  3.098 -100.00 -100.00 -100.00
  28    45.476 54926.81896796  9.86 203.224424  64.642147  3.073 -100.00 -100.00 -100.00
  28    44.223 54926.81896855  9.94 203.230186  64.641255  2.966 -100.00 -100.00 -100.00
  29    45.128 54936.73460341 11.70 203.207427  64.645730  3.411 -100.00 -100.00 -100.00
  29    45.712 54936.73460400 11.24 203.213190  64.644839  2.850 -100.00 -100.00 -100.00
  29    46.321 54936.73460459 11.11 203.218952  64.643947  3.077 -100.00 -100.00 -100.00
  29    45.803 54936.73460518 11.18 203.224714  64.643055  3.571 -100.00 -100.00 -100.00
  29    46.959 54936.73460577 10.98 203.230476  64.642163  3.145 -100.00 -100.00 -100.00
  30    36.390 54946.65023924 16.25 203.211758  64.645370 20.585 -100.00 -100.00 -100.00
  30    36.379 54946.65023983 15.56 203.217520  64.644479 18.674 -100.00 -100.00 -100.00
  30    36.528 54946.65024042 15.74 203.223282  64.643587 19.079 -100.00 -100.00 -100.00
  30    36.878 54946.65024101 13.37 203.229044  64.642695 12.832 -100.00 -100.00 -100.00
  31    39.755 54956.56587241 36.56 203.210249  64.645163   -100 -100.00 -100.00 -100.00
  31    39.443 54956.56587300 40.93 203.216011  64.644272  4.848 -100.00 -100.00 -100.00
  31    39.836 54956.56587359 42.79 203.221773  64.643380   -100 -100.00 -100.00 -100.00
  31    39.675 54956.56587418 42.12 203.227535  64.642489  7.758 -100.00 -100.00 -100.00
  32    44.055 54966.48152122 49.02 203.210922  64.643986   -100 -100.00 -100.00 -100.00
  32    44.078 54966.48152181 50.01 203.216684  64.643095   -100 -100.00 -100.00 -100.00
  32    44.068 54966.48152240 48.25 203.222446  64.642204   -100 -100.00 -100.00 -100.00
  32    44.094 54966.48152299 47.93 203.228207  64.641312   -100 -100.00 -100.00 -100.00
  33    40.612 54976.39716881 46.87 203.210228  64.644089   -100 -100.00 -100.00 -100.00
  33    40.291 54976.39716940 43.42 203.215990  64.643198   -100 -100.00 -100.00 -100.00
  33    40.457 54976.39716999 41.28 203.221752  64.642306   -100 -100.00 -100.00 -100.00
  33    40.540 54976.39717058 38.13 203.227513  64.641415 31.256 -100.00 -100.00 -100.00
  35    45.449 54996.22846374 23.31 203.208158  64.646540  8.995 -100.00 -100.00 -100.00
  35    43.524 54996.22846433 25.91 203.213920  64.645649 16.986 -100.00 -100.00 -100.00
  35    42.544 54996.22846492 29.24 203.219683  64.644757 24.772 -100.00 -100.00 -100.00
  35    43.521 54996.22846551 26.51 203.225445  64.643865 19.007 -100.00 -100.00 -100.00
  36    45.717 55006.14410992 22.12 203.209688  64.646929  9.265 -100.00 -100.00 -100.00
  36    42.840 55006.14411051 27.29 203.215451  64.646037 22.143 -100.00 -100.00 -100.00
  36    42.060 55006.14411110 27.68 203.221214  64.645146 18.044 -100.00 -100.00 -100.00
  36    43.040 55006.14411169 27.36 203.226976  64.644254 21.013 -100.00 -100.00 -100.00
  37    40.924 55016.05975376 43.93 203.209350  64.647159 31.949 -100.00 -100.00 -100.00
  37    40.510 55016.05975435 49.51 203.215113  64.646267 31.024 -100.00 -100.00 -100.00
  37    40.508 55016.05975494 51.33 203.220876  64.645376 14.504 -100.00 -100.00 -100.00
  37    40.715 55016.05975553 50.53 203.226639  64.644484 14.464 -100.00 -100.00 -100.00
  38    39.299 55025.97539633 28.44 203.210168  64.647230 16.571 -100.00 -100.00 -100.00
  38    39.624 55025.97539692 29.93 203.215931  64.646339 16.885 -100.00 -100.00 -100.00
  38    39.295 55025.97539751 32.81 203.221694  64.645447 28.716 -100.00 -100.00 -100.00
  38    39.514 55025.97539810 31.92 203.227456  64.644555 22.633 -100.00 -100.00 -100.00
  39    39.810 55035.89103803 42.86 203.207147  64.648517 30.787 -100.00 -100.00 -100.00
  39    39.556 55035.89103862 46.55 203.212911  64.647625   -100 -100.00 -100.00 -100.00
  39    39.603 55035.89103921 52.35 203.218674  64.646733 16.600 -100.00 -100.00 -100.00
  39    39.465 55035.89103980 51.47 203.224437  64.645842   -100 -100.00 -100.00 -100.00
  40    40.038 55045.80667936 22.48 203.208321  64.648992  9.210 -100.00 -100.00 -100.00
  40    42.438 55045.80667995 22.12 203.214085  64.648101  7.981 -100.00 -100.00 -100.00
  40    40.352 55045.80668055 22.84 203.219848  64.647209  9.137 -100.00 -100.00 -100.00
  40    40.193 55045.80668114 25.09 203.225610  64.646317 12.983 -100.00 -100.00 -100.00
  41    39.463 55055.72231874 21.65 203.207126  64.648971 14.095 -100.00 -100.00 -100.00
  41    39.346 55055.72231933 21.27 203.212890  64.648080 12.676 -100.00 -100.00 -100.00
  41    37.989 55055.72231992 23.03 203.218653  64.647188 16.334 -100.00 -100.00 -100.00
  41    38.028 55055.72232051 24.45 203.224416  64.646297 20.651 -100.00 -100.00 -100.00
  42    38.696 55065.63795603 36.68 203.207261  64.647469   -100 -100.00 -100.00 -100.00
  42    38.529 55065.63795662 39.12 203.213025  64.646578  0.597 -100.00 -100.00 -100.00
  42    38.232 55065.63795721 35.88 203.218787  64.645686   -100 -100.00 -100.00 -100.00
  42    38.277 55065.63795780 33.70 203.224550  64.644795   -100 -100.00 -100.00 -100.00
  43    46.035 55075.55360483 18.41 203.208003  64.645385  7.083 -100.00 -100.00 -100.00
  43    45.547 55075.55360543 18.17 203.213766  64.644494  7.479 -100.00 -100.00 -100.00
  43    44.878 55075.55360602 19.73 203.219528  64.643603 11.034 -100.00 -100.00 -100.00
  43    44.174 55075.55360661 19.99 203.225290  64.642711 10.711 -100.00 -100.00 -100.00
  44    45.817 55085.46925273 22.02 203.207886  64.644347  7.678 -100.00 -100.00 -100.00
  44    44.191 55085.46925332 21.94 203.213648  64.643456  8.397 -100.00 -100.00 -100.00
  44    38.042 55085.46925392 23.51 203.219410  64.642564 12.405 -100.00 -100.00 -100.00
  44    43.376 55085.46925451 22.11 203.225172  64.641672  8.727 -100.00 -100.00 -100.00
  44    38.447 55085.46925510 25.21 203.230932  64.640780 15.377 -100.00 -100.00 -100.00
  45    38.587 55095.38489928 31.32 203.211756  64.644012 32.601 -100.00 -100.00 -100.00
  45    38.400 55095.38489987 27.01 203.217518  64.643120 24.041 -100.00 -100.00 -100.00
  45    38.467 55095.38490046 27.31 203.223279  64.642228 24.825 -100.00 -100.00 -100.00
  45    38.672 55095.38490105 32.65 203.229040  64.641336   -100 -100.00 -100.00 -100.00
  46    45.416 55105.30054519 20.37 203.211793  64.644503  4.878 -100.00 -100.00 -100.00
  46    44.948 55105.30054578 20.00 203.217555  64.643612  4.762 -100.00 -100.00 -100.00
  46    44.696 55105.30054637 21.27 203.223317  64.642720  6.764 -100.00 -100.00 -100.00
  46    43.749 55105.30054696 23.49 203.229079  64.641828 10.891 -100.00 -100.00 -100.00
  47    45.774 55115.21619096 21.81 203.212724  64.644300  9.402 -100.00 -100.00 -100.00
  47    45.407 55115.21619155 20.28 203.218487  64.643408  8.405 -100.00 -100.00 -100.00
  47    44.643 55115.21619214 21.85 203.224249  64.642516 11.366 -100.00 -100.00 -100.00
  47    37.844 55115.21619274 27.55 203.230010  64.641624 26.234 -100.00 -100.00 -100.00
  48    37.483 55125.13183381 36.96 203.208026  64.644267 28.822 -100.00 -100.00 -100.00
  48    37.350 55125.13183440 39.32 203.213788  64.643376   -100 -100.00 -100.00 -100.00
  48    37.668 55125.13183499 40.66 203.219551  64.642484   -100 -100.00 -100.00 -100.00
  48    37.678 55125.13183558 41.99 203.225313  64.641592   -100 -100.00 -100.00 -100.00
  48    37.216 55125.13183617 45.49 203.231075  64.640700 16.473 -100.00 -100.00 -100.00
  49    37.622 55135.04747477 43.09 203.210811  64.643212 30.143 -100.00 -100.00 -100.00
  49    37.367 55135.04747536 45.38 203.216574  64.642321   -100 -100.00 -100.00 -100.00
  49    37.481 55135.04747595 49.53 203.222336  64.641429   -100 -100.00 -100.00 -100.00
  49    37.154 55135.04747654 46.63 203.228098  64.640537 21.021 -100.00 -100.00 -100.00
  50    38.191 55144.96311311 28.17 203.208820  64.643522 15.550 -100.00 -100.00 -100.00
  50    38.566 55144.96311370 26.25 203.214583  64.642631 10.967 -100.00 -100.00 -100.00
  50    38.364 55144.96311429 28.47 203.220345  64.641739 16.005 -100.00 -100.00 -100.00
  50    38.415 55144.96311488 29.16 203.226107  64.640847 17.404 -100.00 -100.00 -100.00
  50    38.419 55144.96311547 28.91 203.231869  64.639955 16.746 -100.00 -100.00 -100.00
  51    37.841 55154.87875099 22.76 203.209422  64.644559  9.203 -100.00 -100.00 -100.00
  51    41.336 55154.87875158 22.60 203.215185  64.643667  8.230 -100.00 -100.00 -100.00
  51    37.834 55154.87875217 24.15 203.220948  64.642775 11.393 -100.00 -100.00 -100.00
  51    37.833 55154.87875276 23.61 203.226710  64.641883 11.838 -100.00 -100.00 -100.00
  52    40.764 55164.79438899 20.10 203.208209  64.646086  7.266 -100.00 -100.00 -100.00
  52    37.829 55164.79438958 22.36 203.213973  64.645195 10.600 -100.00 -100.00 -100.00
  52    37.847 55164.79439017 22.48 203.219736  64.644303 11.059 -100.00 -100.00 -100.00
  52    39.723 55164.79439076 21.07 203.225498  64.643411  7.996 -100.00 -100.00 -100.00
  53    41.341 55174.71002700 18.26 203.209138  64.647284  6.423 -100.00 -100.00 -100.00
  53    40.575 55174.71002759 19.21 203.214901  64.646392  7.797 -100.00 -100.00 -100.00
  53    41.209 55174.71002818 18.21 203.220664  64.645501  6.625 -100.00 -100.00 -100.00
  53    41.005 55174.71002877 18.00 203.226427  64.644609  5.654 -100.00 -100.00 -100.00
  54    40.226 55184.62566656 17.20 203.206932  64.648094  5.982 -100.00 -100.00 -100.00
  54    40.973 55184.62566715 16.60 203.212695  64.647203  5.659 -100.00 -100.00 -100.00
  54    40.693 55184.62566775 18.25 203.218458  64.646312  7.835 -100.00 -100.00 -100.00
  54    39.412 55184.62566834 17.48 203.224221  64.645421  5.356 -100.00 -100.00 -100.00
  55    40.416 55194.54131784 16.85 203.207523  64.647747  6.336 -100.00 -100.00 -100.00
  55    40.997 55194.54131843 15.44 203.213287  64.646855  4.011 -100.00 -100.00 -100.00
  55    41.010 55194.54131902 16.26 203.219049  64.645964  5.667 -100.00 -100.00 -100.00
  55    41.015 55194.54131961 16.47 203.224812  64.645072  5.800 -100.00 -100.00 -100.00
  56    40.532 55204.45696807 15.67 203.211151  64.647306  5.280 -100.00 -100.00 -100.00
  56    41.031 55204.45696866 15.46 203.216913  64.646414  4.720 -100.00 -100.00 -100.00
  56    40.782 55204.45696925 15.60 203.222676  64.645523  5.074 -100.00 -100.00 -100.00
  56    40.785 55204.45696984 15.74 203.228438  64.644631  5.140 -100.00 -100.00 -100.00
  57    37.708 55214.37261670 15.98 203.206324  64.648759  6.279 -100.00 -100.00 -100.00
  57    37.975 55214.37261729 15.42 203.212088  64.647867  6.335 -100.00 -100.00 -100.00
  57    38.111 55214.37261788 15.31 203.217851  64.646976  5.549 -100.00 -100.00 -100.00
  57    39.041 55214.37261847 15.99 203.223613  64.646084  7.002 -100.00 -100.00 -100.00
  58    37.530 55224.28826532 15.19 203.205964  64.648865  6.863 -100.00 -100.00 -100.00
  58    37.497 55224.28826591 16.55 203.211727  64.647973  8.910 -100.00 -100.00 -100.00
  58    37.344 55224.28826650 17.91 203.217490  64.647081 11.076 -100.00 -100.00 -100.00
  58    39.327 55224.28826709 14.02 203.223253  64.646190  4.369 -100.00 -100.00 -100.00
  58    37.708 55224.28826768 14.21 203.229015  64.645297  4.208 -100.00 -100.00 -100.00
  59    39.838 55234.20391284 15.03 203.210885  64.646669  6.861 -100.00 -100.00 -100.00
  59    39.545 55234.20391343 14.41 203.216648  64.645778  4.912 -100.00 -100.00 -100.00
  59    40.316 55234.20391402 13.93 203.222410  64.644886  4.238 -100.00 -100.00 -100.00
  59    40.045 55234.20391461 13.29 203.228173  64.643994  3.825 -100.00 -100.00 -100.00
  60    40.543 55244.11955643 13.09 203.208437  64.644756  4.594 -100.00 -100.00 -100.00
  60    37.540 55244.11955702 13.34 203.214200  64.643864  4.572 -100.00 -100.00 -100.00
  60    37.785 55244.11955761 14.22 203.219962  64.642972  5.791 -100.00 -100.00 -100.00
  60    38.199 55244.11955820 14.26 203.225724  64.642080  4.720 -100.00 -100.00 -100.00
  61    37.919 55254.03519720 12.74 203.208119  64.642975  4.018 -100.00 -100.00 -100.00
  61    40.859 55254.03519779 12.43 203.213881  64.642083  3.171 -100.00 -100.00 -100.00
  61    38.286 55254.03519838 12.75 203.219643  64.641192  3.954 -100.00 -100.00 -100.00
  61    38.265 55254.03519897 12.53 203.225405  64.640300  3.851 -100.00 -100.00 -100.00
  61    38.880 55254.03519956 12.32 203.231166  64.639407  3.715 -100.00 -100.00 -100.00
  62    40.872 55263.95083648 11.95 203.212873  64.642275  3.819 -100.00 -100.00 -100.00
  62    38.151 55263.95083707 12.50 203.218635  64.641384  4.339 -100.00 -100.00 -100.00
  62    39.280 55263.95083766 12.36 203.224397  64.640492  4.037 -100.00 -100.00 -100.00
  62    39.951 55263.95083825 11.58 203.230158  64.639599  3.620 -100.00 -100.00 -100.00
  63    38.661 55273.86647374 11.80 203.207907  64.644811  3.819 -100.00 -100.00 -100.00
  63    41.571 55273.86647433 11.93 203.213670  64.643920  4.154 -100.00 -100.00 -100.00
  63    38.102 55273.86647492 11.74 203.219432  64.643028  4.039 -100.00 -100.00 -100.00
  63    38.484 55273.86647551 11.44 203.225194  64.642136  3.159 -100.00 -100.00 -100.00
  63    38.531 55273.86647610 11.76 203.230955  64.641244  3.314 -100.00 -100.00 -100.00
  64    41.420 55283.78211123 10.81 203.209412  64.645959  3.428 -100.00 -100.00 -100.00
  64    41.395 55283.78211182 10.32 203.215174  64.645067  3.426 -100.00 -100.00 -100.00
  64    40.585 55283.78211241  9.95 203.220937  64.644176  3.065 -100.00 -100.00 -100.00
  64    38.804 55283.78211300 10.55 203.226699  64.643284  3.476 -100.00 -100.00 -100.00
  65    41.314 55293.69774756 10.24 203.212282  64.645277  3.480 -100.00 -100.00 -100.00
  65    41.204 55293.69774815  9.94 203.218045  64.644386  3.513 -100.00 -100.00 -100.00
  65    40.189 55293.69774874  9.96 203.223807  64.643494  3.037 -100.00 -100.00 -100.00
  65    38.775 55293.69774934 10.17 203.229568  64.642603  3.701 -100.00 -100.00 -100.00
  66    41.468 55303.61338449 12.32 203.209608  64.644281  3.892 -100.00 -100.00 -100.00
  66    40.863 55303.61338508 12.13 203.215370  64.643390  4.134 -100.00 -100.00 -100.00
  66    38.921 55303.61338567 12.32 203.221132  64.642498  4.487 -100.00 -100.00 -100.00
  66    41.316 55303.61338626 12.00 203.226893  64.641607  3.637 -100.00 -100.00 -100.00
  67    37.000 55313.52903255 32.40 203.213304  64.642282   -100 -100.00 -100.00 -100.00
  67    36.958 55313.52903314 31.12 203.219065  64.641391   -100 -100.00 -100.00 -100.00
  67    37.153 55313.52903373 28.58 203.224826  64.640499 30.338 -100.00 -100.00 -100.00
  67    36.928 55313.52903432 29.43 203.230587  64.639607 31.533 -100.00 -100.00 -100.00
  68    39.563 55323.44467772 39.58 203.211250  64.643177   -100 -100.00 -100.00 -100.00
  68    39.546 55323.44467832 37.70 203.217012  64.642285   -100 -100.00 -100.00 -100.00
  68    39.605 55323.44467891 41.46 203.222773  64.641394   -100 -100.00 -100.00 -100.00
  68    39.447 55323.44467950 42.16 203.228533  64.640502   -100 -100.00 -100.00 -100.00
  69    38.940 55333.36032182 46.38 203.212453  64.644749   -100 -100.00 -100.00 -100.00
  69    38.972 55333.36032241 39.64 203.218215  64.643858   -100 -100.00 -100.00 -100.00
  69    38.847 55333.36032300 36.87 203.223977  64.642966 27.562 -100.00 -100.00 -100.00
  69    39.232 55333.36032359 34.35 203.229738  64.642074 20.141 -100.00 -100.00 -100.00
  70    38.702 55343.27596523 35.00 203.208090  64.646853 26.905 -100.00 -100.00 -100.00
  70    42.218 55343.27596582 29.86 203.213853  64.645961 11.463 -100.00 -100.00 -100.00
  70    42.484 55343.27596641 29.61 203.219615  64.645070  9.615 -100.00 -100.00 -100.00
  70    42.211 55343.27596700 31.55 203.225377  64.644178 14.639 -100.00 -100.00 -100.00
  71    38.955 55353.19160897 40.86 203.210101  64.646702   -100 -100.00 -100.00 -100.00
  71    38.918 55353.19160956 37.72 203.215864  64.645810 28.369 -100.00 -100.00 -100.00
  71    38.925 55353.19161015 38.81 203.221626  64.644919   -100 -100.00 -100.00 -100.00
  71    38.983 55353.19161074 38.79 203.227388  64.644027 27.070 -100.00 -100.00 -100.00
  72    45.549 55363.10725021 23.57 203.208168  64.646756 10.915 -100.00 -100.00 -100.00
  72    42.962 55363.10725080 25.48 203.213931  64.645865 14.773 -100.00 -100.00 -100.00
  72    42.218 55363.10725139 28.37 203.219693  64.644974 22.875 -100.00 -100.00 -100.00
  72    43.374 55363.10725198 25.56 203.225456  64.644082 15.378 -100.00 -100.00 -100.00
  73    46.012 55373.02288958 18.74 203.206302  64.647243  4.728 -100.00 -100.00 -100.00
  73    45.655 55373.02289017 20.17 203.212065  64.646352  6.399 -100.00 -100.00 -100.00
  73    41.719 55373.02289076 26.74 203.217828  64.645460 19.228 -100.00 -100.00 -100.00
  73    43.988 55373.02289135 22.35 203.223590  64.644569  9.140 -100.00 -100.00 -100.00
  73    44.059 55373.02289194 21.08 203.229352  64.643677  7.695 -100.00 -100.00 -100.00
  74    39.600 55382.93852800 34.43 203.208537  64.648088   -100 -100.00 -100.00 -100.00
  74    39.559 55382.93852859 26.12 203.214300  64.647197 16.903 -100.00 -100.00 -100.00
  74    40.813 55382.93852918 27.52 203.220063  64.646306 18.169 -100.00 -100.00 -100.00
  74    39.042 55382.93852977 28.56 203.225826  64.645414 22.574 -100.00 -100.00 -100.00
  75    40.432 55392.85416559 23.49 203.209996  64.649213 20.575 -100.00 -100.00 -100.00
  75    45.610 55392.85416618 16.59 203.215760  64.648322  6.342 -100.00 -100.00 -100.00
  75    40.581 55392.85416678 26.94 203.221523  64.647431 32.699 -100.00 -100.00 -100.00
  75    44.062 55392.85416737 20.25 203.227286  64.646539 11.058 -100.00 -100.00 -100.00
  76    45.927 55402.76980114 20.45 203.205974  64.650447  6.856 -100.00 -100.00 -100.00
  76    40.373 55402.76980173 25.67 203.211738  64.649556 16.349 -100.00 -100.00 -100.00
  76    39.983 55402.76980232 23.67 203.217502  64.648665 10.618 -100.00 -100.00 -100.00
  76    40.572 55402.76980291 28.14 203.223265  64.647773 19.625 -100.00 -100.00 -100.00
  77    42.573 55412.68545361 20.67 203.210968  64.647653  4.500 -100.00 -100.00 -100.00
  77    43.643 55412.68545420 20.84 203.216731  64.646762  4.346 -100.00 -100.00 -100.00
  77    40.523 55412.68545479 24.85 203.222494  64.645870 10.609 -100.00 -100.00 -100.00
  77    43.497 55412.68545538 23.05 203.228256  64.644979  7.095 -100.00 -100.00 -100.00
  78    45.977 55422.60110310 18.49 203.210884  64.644701  5.839 -100.00 -100.00 -100.00
  78    44.154 55422.60110369 20.44 203.216646  64.643810  9.860 -100.00 -100.00 -100.00
  78    43.765 55422.60110428 20.57 203.222408  64.642918 10.877 -100.00 -100.00 -100.00
  78    43.411 55422.60110487 23.16 203.228169  64.642026 16.224 -100.00 -100.00 -100.00
  79    40.065 55432.51674979 35.50 203.210592  64.642620   -100 -100.00 -100.00 -100.00
  79    40.201 55432.51675038 34.03 203.216354  64.641729   -100 -100.00 -100.00 -100.00
  79    39.920 55432.51675097 32.69 203.222115  64.640837   -100 -100.00 -100.00 -100.00
  79    40.328 55432.51675156 26.44 203.227876  64.639945 13.493 -100.00 -100.00 -100.00
  80    39.734 55442.43239450 44.21 203.211879  64.642694   -100 -100.00 -100.00 -100.00
  80    39.712 55442.43239509 48.18 203.217640  64.641802   -100 -100.00 -100.00 -100.00
  80    39.720 55442.43239568 51.52 203.223401  64.640910 17.495 -100.00 -100.00 -100.00
  80    39.728 55442.43239627 52.32 203.229162  64.640019 32.640 -100.00 -100.00 -100.00
  81    39.504 55452.34803696 44.34 203.207301  64.645027 26.819 -100.00 -100.00 -100.00
  81    39.794 55452.34803756 48.50 203.213063  64.644136 27.114 -100.00 -100.00 -100.00
  81    39.442 55452.34803815 51.26 203.218825  64.643244   -100 -100.00 -100.00 -100.00
  81    39.106 55452.34803874 55.58 203.224587  64.642353 23.949 -100.00 -100.00 -100.00
  81    39.178 55452.34803933 55.54 203.230348  64.641460 19.075 -100.00 -100.00 -100.00
  82    42.312 55462.26367933 23.57 203.209461  64.646227 14.404 -100.00 -100.00 -100.00
  82    37.458 55462.26367992 27.85 203.215224  64.645336 28.841 -100.00 -100.00 -100.00
  82    38.811 55462.26368051 23.41 203.220986  64.644444 13.806 -100.00 -100.00 -100.00
  82    43.645 55462.26368110 24.40 203.226748  64.643552 17.230 -100.00 -100.00 -100.00
  83    37.937 55472.17931995 42.23 203.210078  64.645644 27.730 -100.00 -100.00 -100.00
  83    37.539 55472.17932054 46.67 203.215841  64.644753  4.302 -100.00 -100.00 -100.00
  83    37.940 55472.17932113 48.21 203.221603  64.643861   -100 -100.00 -100.00 -100.00
  83    37.880 55472.17932172 49.60 203.227366  64.642969   -100 -100.00 -100.00 -100.00
  84    37.343 55482.09495761 31.21 203.208595  64.644258 23.467 -100.00 -100.00 -100.00
  84    36.934 55482.09495820 33.24 203.214358  64.643366   -100 -100.00 -100.00 -100.00
  84    37.066 55482.09495879 33.53 203.220121  64.642475   -100 -100.00 -100.00 -100.00
  84    37.141 55482.09495938 36.29 203.225883  64.641583   -100 -100.00 -100.00 -100.00
  85    36.778 55492.01059324 42.42 203.209196  64.642918 27.534 -100.00 -100.00 -100.00
  85    36.343 55492.01059383 45.29 203.214959  64.642026   -100 -100.00 -100.00 -100.00
  85    36.472 55492.01059442 49.43 203.220721  64.641135  3.222 -100.00 -100.00 -100.00
  85    36.340 55492.01059501 49.78 203.226483  64.640243 12.732 -100.00 -100.00 -100.00
  85    36.313 55492.01059560 46.10 203.232245  64.639351 13.905 -100.00 -100.00 -100.00
  86    38.687 55501.92622715 29.29 203.211378  64.643713 22.782 -100.00 -100.00 -100.00
  86    38.716 55501.92622774 32.31 203.217141  64.642821   -100 -100.00 -100.00 -100.00
  86    38.748 55501.92622833 33.27 203.222903  64.641930   -100 -100.00 -100.00 -100.00
  86    38.976 55501.92622892 35.27 203.228666  64.641038   -100 -100.00 -100.00 -100.00
  87    38.195 55511.84187137 27.38 203.207135  64.646535 21.020 -100.00 -100.00 -100.00
  87    38.251 55511.84187196 31.44 203.212899  64.645644   -100 -100.00 -100.00 -100.00
  87    38.266 55511.84187255 32.24 203.218663  64.644753   -100 -100.00 -100.00 -100.00
  87    38.675 55511.84187314 33.35 203.224425  64.643861 32.258 -100.00 -100.00 -100.00
  87    38.571 55511.84187373 31.38 203.230188  64.642969 29.883 -100.00 -100.00 -100.00
  88    38.207 55521.75752118 27.25 203.209848  64.647790 18.195 -100.00 -100.00 -100.00
  88    38.537 55521.75752177 31.24 203.215611  64.646898 30.349 -100.00 -100.00 -100.00
  88    38.716 55521.75752236 32.36 203.221375  64.646007 29.091 -100.00 -100.00 -100.00
  88    38.496 55521.75752295 33.50 203.227138  64.645115   -100 -100.00 -100.00 -100.00
  89    38.264 55531.67316949 21.11 203.209010  64.648108 17.666 -100.00 -100.00 -100.00
  89    38.395 55531.67317008 25.23 203.214774  64.647217 26.959 -100.00 -100.00 -100.00
  89    38.312 55531.67317067 26.34 203.220537  64.646325   -100 -100.00 -100.00 -100.00
  89    38.781 55531.67317126 28.31 203.226300  64.645433 27.022 -100.00 -100.00 -100.00
  90    37.665 55541.58881624 15.03 203.208195  64.647191  6.681 -100.00 -100.00 -100.00
  90    37.826 55541.58881683 14.70 203.213958  64.646300  6.181 -100.00 -100.00 -100.00
  90    38.064 55541.58881742 14.91 203.219721  64.645408  6.234 -100.00 -100.00 -100.00
  90    37.955 55541.58881801 16.18 203.225484  64.644516  8.401 -100.00 -100.00 -100.00
  91    38.057 55551.50446114 15.15 203.210107  64.646167  6.855 -100.00 -100.00 -100.00
  91    38.115 55551.50446173 14.61 203.215870  64.645276  6.065 -100.00 -100.00 -100.00
  91    38.150 55551.50446232 14.59 203.221632  64.644384  5.917 -100.00 -100.00 -100.00
  91    38.108 55551.50446291 13.96 203.227394  64.643492  5.163 -100.00 -100.00 -100.00
  92    38.069 55561.42010395 14.80 203.207231  64.647156  6.540 -100.00 -100.00 -100.00
  92    38.258 55561.42010454 14.93 203.212995  64.646264  7.162 -100.00 -100.00 -100.00
  92    38.258 55561.42010513 17.17 203.218757  64.645373 10.738 -100.00 -100.00 -100.00
  92    38.409 55561.42010572 15.90 203.224519  64.644481  7.939 -100.00 -100.00 -100.00
  93    38.125 55571.33574611 17.40 203.206260  64.648711 10.422 -100.00 -100.00 -100.00
  93    38.115 55571.33574670 19.51 203.212024  64.647820 14.200 -100.00 -100.00 -100.00
  93    38.153 55571.33574729 21.97 203.217787  64.646928 20.734 -100.00 -100.00 -100.00
  93    38.065 55571.33574788 25.14 203.223549  64.646036   -100 -100.00 -100.00 -100.00
  93    38.061 55571.33574847 23.43 203.229312  64.645144 25.940 -100.00 -100.00 -100.00
  94    38.065 55581.25138761 15.64 203.209301  64.648704  6.879 -100.00 -100.00 -100.00
  94    38.091 55581.25138820 17.89 203.215064  64.647813 11.386 -100.00 -100.00 -100.00
  94    37.998 55581.25138879 20.49 203.220828  64.646921 16.856 -100.00 -100.00 -100.00
  94    38.274 55581.25138938 18.56 203.226591  64.646029 12.811 -100.00 -100.00 -100.00
  95    39.848 55591.16702565 14.10 203.207191  64.647486  6.362 -100.00 -100.00 -100.00
  95    37.983 55591.16702624 17.75 203.212955  64.646595 12.364 -100.00 -100.00 -100.00
  95    37.974 55591.16702683 18.41 203.218718  64.645703 13.849 -100.00 -100.00 -100.00
  95    38.544 55591.16702742 14.52 203.224481  64.644812  7.097 -100.00 -100.00 -100.00
  96    37.738 55601.08266088 16.12 203.208275  64.644862  9.844 -100.00 -100.00 -100.00
  96    37.934 55601.08266147 14.55 203.214038  64.643971  7.550 -100.00 -100.00 -100.00
  96    37.968 55601.08266206 15.25 203.219801  64.643080  8.722 -100.00 -100.00 -100.00
  96    41.046 55601.08266265 13.59 203.225563  64.642188  5.998 -100.00 -100.00 -100.00
  97    42.132 55610.99829422 11.04 203.212656  64.642781  4.220 -100.00 -100.00 -100.00
  97    42.307 55610.99829481 10.74 203.218418  64.641890  3.259 -100.00 -100.00 -100.00
  97    41.840 55610.99829540 10.84 203.224181  64.640999  3.740 -100.00 -100.00 -100.00
  97    41.913 55610.99829599 10.74 203.229943  64.640107  3.774 -100.00 -100.00 -100.00
  98    42.209 55620.91392549 11.21 203.208256  64.644599  3.856 -100.00 -100.00 -100.00
  98    42.378 55620.91392608 11.25 203.214019  64.643708  3.536 -100.00 -100.00 -100.00
  98    43.147 55620.91392667 11.19 203.219782  64.642817  3.744 -100.00 -100.00 -100.00
  98    43.472 55620.91392726 10.80 203.225544  64.641925  3.226 -100.00 -100.00 -100.00
  98    42.455 55620.91392785 10.92 203.231306  64.641034  3.132 -100.00 -100.00 -100.00
  99    41.863 55630.82957830 10.52 203.208484  64.646301  3.674 -100.00 -100.00 -100.00
  99    42.151 55630.82957889 10.44 203.214248  64.645409  3.538 -100.00 -100.00 -100.00
  99    41.437 55630.82957948 10.32 203.220011  64.644518  3.181 -100.00 -100.00 -100.00
  99    41.346 55630.82958007 10.28 203.225773  64.643626  3.342 -100.00 -100.00 -100.00
 100    41.673 55640.74522910 11.18 203.208032  64.647427  4.481 -100.00 -100.00 -100.00
 100    42.017 55640.74522969 10.90 203.213796  64.646535  3.447 -100.00 -100.00 -100.00
 100    41.680 55640.74523028 10.62 203.219559  64.645644  3.432 -100.00 -100.00 -100.00
 100    41.734 55640.74523087 10.28 203.225321  64.644752  3.090 -100.00 -100.00 -100.00
 101    42.572 55650.66087735 11.04 203.206870  64.646596  3.936 -100.00 -100.00 -100.00
 101    43.057 55650.66087794 10.59 203.212633  64.645705  3.331 -100.00 -100.00 -100.00
 101    42.837 55650.66087853 11.11 203.218396  64.644814  4.156 -100.00 -100.00 -100.00
 101    43.153 55650.66087912 10.85 203.224158  64.643922  3.635 -100.00 -100.00 -100.00
 101    42.786 55650.66087971 10.76 203.229919  64.643031  3.442 -100.00 -100.00 -100.00
 102    43.390 55660.57652286  9.80 203.213232  64.643098  3.267 -100.00 -100.00 -100.00
 102    43.568 55660.57652345 10.01 203.218994  64.642207  3.884 -100.00 -100.00 -100.00
 102    43.860 55660.57652404  9.72 203.224755  64.641315  3.286 -100.00 -100.00 -100.00
 102    44.520 55660.57652463  9.81 203.230516  64.640423  3.356 -100.00 -100.00 -100.00
 103    43.628 55670.49216412  9.80 203.212424  64.641821  3.777 -100.00 -100.00 -100.00
 103    43.985 55670.49216471  9.34 203.218186  64.640930  3.140 -100.00 -100.00 -100.00
 103    43.581 55670.49216530  9.53 203.223946  64.640038  3.150 -100.00 -100.00 -100.00
 103    43.647 55670.49216589  9.58 203.229707  64.639146  3.963 -100.00 -100.00 -100.00
 104    38.029 55680.40780354 19.30 203.213502  64.642728 14.705 -100.00 -100.00 -100.00
 104    38.024 55680.40780413 20.34 203.219264  64.641837 16.832 -100.00 -100.00 -100.00
 104    37.682 55680.40780472 25.03 203.225025  64.640945   -100 -100.00 -100.00 -100.00
 104    37.690 55680.40780531 26.01 203.230785  64.640053   -100 -100.00 -100.00 -100.00
 105    43.445 55690.32344050 30.24 203.210376  64.646115 22.421 -100.00 -100.00 -100.00
 105    39.450 55690.32344109 31.15 203.216139  64.645224 26.902 -100.00 -100.00 -100.00
 105    39.349 55690.32344168 32.16 203.221901  64.644333 29.624 -100.00 -100.00 -100.00
 105    39.637 55690.32344227 32.07 203.227663  64.643441 28.683 -100.00 -100.00 -100.00
 106    41.503 55700.23907575 46.71 203.205659  64.649273   -100 -100.00 -100.00 -100.00
 106    41.461 55700.23907634 49.71 203.211423  64.648382   -100 -100.00 -100.00 -100.00
 106    41.551 55700.23907694 53.81 203.217186  64.647491   -100 -100.00 -100.00 -100.00
 106    41.282 55700.23907753 50.42 203.222949  64.646599 29.231 -100.00 -100.00 -100.00
 106    41.593 55700.23907812 50.76 203.228711  64.645708   -100 -100.00 -100.00 -100.00
 107    41.679 55710.15471551 47.66 203.210230  64.649098   -100 -100.00 -100.00 -100.00
 107    41.697 55710.15471610 49.79 203.215993  64.648207  8.095 -100.00 -100.00 -100.00
 107    41.683 55710.15471669 49.32 203.221757  64.647316 18.110 -100.00 -100.00 -100.00
 107    41.712 55710.15471728 51.93 203.227520  64.646424 26.736 -100.00 -100.00 -100.00
 108    41.593 55720.07036578 47.56 203.210395  64.647731   -100 -100.00 -100.00 -100.00
 108    41.560 55720.07036637 51.82 203.216158  64.646840 21.373 -100.00 -100.00 -100.00
 108    41.579 55720.07036696 51.87 203.221921  64.645949 30.387 -100.00 -100.00 -100.00
 108    41.629 55720.07036755 52.31 203.227684  64.645057   -100 -100.00 -100.00 -100.00
 109    39.805 55729.98601354 31.20 203.208070  64.647196 16.846 -100.00 -100.00 -100.00
 109    39.996 55729.98601413 31.61 203.213833  64.646305 16.416 -100.00 -100.00 -100.00
 109    40.900 55729.98601472 32.74 203.219596  64.645414 19.931 -100.00 -100.00 -100.00
 109    40.023 55729.98601531 33.96 203.225358  64.644522 21.415 -100.00 -100.00 -100.00
 110    40.444 55739.90166046 43.72 203.210897  64.646875   -100 -100.00 -100.00 -100.00
 110    40.475 55739.90166106 48.70 203.216661  64.645983 13.368 -100.00 -100.00 -100.00
 110    40.536 55739.90166165 45.31 203.222423  64.645092   -100 -100.00 -100.00 -100.00
 110    40.592 55739.90166224 50.65 203.228186  64.644200   -100 -100.00 -100.00 -100.00
 111    41.602 55749.81730541 38.93 203.206605  64.648166   -100 -100.00 -100.00 -100.00
 111    41.326 55749.81730600 37.54 203.212368  64.647275   -100 -100.00 -100.00 -100.00
 111    41.401 55749.81730659 40.09 203.218131  64.646384   -100 -100.00 -100.00 -100.00
 111    41.435 55749.81730718 42.29 203.223894  64.645492   -100 -100.00 -100.00 -100.00
 112    40.820 55759.73294866 43.39 203.208299  64.647949   -100 -100.00 -100.00 -100.00
 112    40.854 55759.73294925 46.75 203.214062  64.647058  3.059 -100.00 -100.00 -100.00
 112    40.918 55759.73294984 44.98 203.219825  64.646166   -100 -100.00 -100.00 -100.00
 112    40.981 55759.73295043 42.89 203.225587  64.645275   -100 -100.00 -100.00 -100.00
 113    44.757 55769.64858914 21.24 203.209998  64.646608  5.871 -100.00 -100.00 -100.00
 113    40.964 55769.64858973 24.77 203.215761  64.645716 11.708 -100.00 -100.00 -100.00
 113    40.763 55769.64859033 26.42 203.221524  64.644825 14.495 -100.00 -100.00 -100.00
 113    40.508 55769.64859092 26.15 203.227285  64.643933 13.518 -100.00 -100.00 -100.00
 114    40.766 55779.56422636 40.99 203.211449  64.644382   -100 -100.00 -100.00 -100.00
 114    40.713 55779.56422695 46.44 203.217212  64.643491   -100 -100.00 -100.00 -100.00
 114    40.671 55779.56422754 48.53 203.222973  64.642599  5.638 -100.00 -100.00 -100.00
 114    40.674 55779.56422813 49.78 203.228735  64.641708 11.647 -100.00 -100.00 -100.00
 115    40.060 55789.47986058 33.58 203.209675  64.643475 30.558 -100.00 -100.00 -100.00
 115    40.315 55789.47986118 27.03 203.215437  64.642584 11.757 -100.00 -100.00 -100.00
 115    40.125 55789.47986177 25.10 203.221198  64.641693  8.113 -100.00 -100.00 -100.00
 115    44.640 55789.47986236 25.13 203.226960  64.640801  8.067 -100.00 -100.00 -100.00
 116    40.081 55799.39549394 36.22 203.213008  64.643784 32.399 -100.00 -100.00 -100.00
 116    40.060 55799.39549453 39.49 203.218770  64.642893   -100 -100.00 -100.00 -100.00
 116    40.117 55799.39549512 43.36 203.224532  64.642002   -100 -100.00 -100.00 -100.00
 116    40.120 55799.39549571 43.54 203.230293  64.641110  5.924 -100.00 -100.00 -100.00
 117    40.013 55809.31113987 31.58 203.208108  64.646037 20.874 -100.00 -100.00 -100.00
 117    39.696 55809.31114046 31.98 203.213871  64.645145 30.236 -100.00 -100.00 -100.00
 117    39.803 55809.31114105 26.02 203.219633  64.644254 11.960 -100.00 -100.00 -100.00
 117    43.487 55809.31114164 24.54 203.225396  64.643363  9.416 -100.00 -100.00 -100.00
 118    39.711 55819.22678862 44.42 203.208104  64.647352 20.696 -100.00 -100.00 -100.00
 118    39.194 55819.22678921 50.61 203.213867  64.646461   -100 -100.00 -100.00 -100.00
 118    39.219 55819.22678980 54.58 203.219630  64.645570  5.607 -100.00 -100.00 -100.00
 118    39.252 55819.22679039 54.81 203.225393  64.644678   -100 -100.00 -100.00 -100.00
 119    42.314 55829.14243327 25.68 203.209560  64.646854 15.506 -100.00 -100.00 -100.00
 119    38.827 55829.14243386 27.46 203.215324  64.645963 18.359 -100.00 -100.00 -100.00
 119    38.954 55829.14243445 28.16 203.221087  64.645072 20.697 -100.00 -100.00 -100.00
 119    38.996 55829.14243504 32.27 203.226850  64.644180   -100 -100.00 -100.00 -100.00
 120    38.507 55839.05807349 45.63 203.209921  64.645136   -100 -100.00 -100.00 -100.00
 120    38.247 55839.05807408 50.80 203.215684  64.644245 12.209 -100.00 -100.00 -100.00
 120    38.244 55839.05807467 53.89 203.221447  64.643353   -100 -100.00 -100.00 -100.00
 120    38.302 55839.05807526 53.88 203.227210  64.642462   -100 -100.00 -100.00 -100.00
 121    42.883 55848.97371081 24.83 203.211648  64.643475 19.345 -100.00 -100.00 -100.00
 121    45.030 55848.97371140 19.48 203.217411  64.642584  8.533 -100.00 -100.00 -100.00
 121    45.092 55848.97371199 18.86 203.223174  64.641692  7.990 -100.00 -100.00 -100.00
 121    44.316 55848.97371258 20.70 203.228936  64.640801 11.493 -100.00 -100.00 -100.00
 122    37.455 55858.88934553 44.51 203.209146  64.644864   -100 -100.00 -100.00 -100.00
 122    37.174 55858.88934612 46.53 203.214910  64.643973   -100 -100.00 -100.00 -100.00
 122    37.349 55858.88934671 49.95 203.220673  64.643081   -100 -100.00 -100.00 -100.00
 122    37.013 55858.88934730 49.33 203.226436  64.642190 20.961 -100.00 -100.00 -100.00
 123    37.001 55868.80499368 42.53 203.209573  64.646895 30.651 -100.00 -100.00 -100.00
 123    36.570 55868.80499427 45.78 203.215337  64.646004  5.861 -100.00 -100.00 -100.00
 123    36.444 55868.80499486 48.02 203.221100  64.645113 22.805 -100.00 -100.00 -100.00
 123    36.618 55868.80499545 41.64 203.226863  64.644221   -100 -100.00 -100.00 -100.00
 133    42.606 55967.96143696 10.50 203.207944  64.643589  3.302 -100.00 -100.00 -100.00
 133    43.618 55967.96143755 10.35 203.213707  64.642698  3.481 -100.00 -100.00 -100.00
 133    43.612 55967.96143814 10.49 203.219469  64.641806  3.603 -100.00 -100.00 -100.00
 133    43.995 55967.96143873 10.58 203.225231  64.640914  4.130 -100.00 -100.00 -100.00
 133    43.127 55967.96143932 10.21 203.230993  64.640022  3.453 -100.00 -100.00 -100.00
 134    42.260 55977.87707383 10.63 203.209307  64.644447  3.569 -100.00 -100.00 -100.00
 134    42.583 55977.87707442 10.65 203.215070  64.643555  4.019 -100.00 -100.00 -100.00
 134    42.914 55977.87707501 10.71 203.220833  64.642664  4.124 -100.00 -100.00 -100.00
 134    43.730 55977.87707560 10.76 203.226595  64.641772  3.779 -100.00 -100.00 -100.00
 135    43.103 55987.79270975 11.68 203.207871  64.646268  3.217 -100.00 -100.00 -100.00
 135    42.501 55987.79271034 11.73 203.213634  64.645377  3.763 -100.00 -100.00 -100.00
 135    42.857 55987.79271093 11.88 203.219397  64.644486  3.860 -100.00 -100.00 -100.00
 135    42.284 55987.79271152 12.32 203.225159  64.643594  4.653 -100.00 -100.00 -100.00
 136    42.895 55997.70834938 10.85 203.207622  64.647118  3.116 -100.00 -100.00 -100.00
 136    42.609 55997.70834997 10.91 203.213385  64.646227  4.037 -100.00 -100.00 -100.00
 136    41.539 55997.70835056 11.01 203.219148  64.645336  4.305 -100.00 -100.00 -100.00
 136    43.581 55997.70835115 10.39 203.224910  64.644444  3.207 -100.00 -100.00 -100.00
 137    42.620 56007.62400079 11.22 203.207568  64.646188  3.258 -100.00 -100.00 -100.00
 137    42.560 56007.62400138 11.11 203.213331  64.645297  3.210 -100.00 -100.00 -100.00
 137    43.155 56007.62400197 10.93 203.219094  64.644406  3.576 -100.00 -100.00 -100.00
 137    43.550 56007.62400256 11.38 203.224856  64.643514  4.247 -100.00 -100.00 -100.00
 137    42.397 56007.62400315 10.96 203.230617  64.642622  3.718 -100.00 -100.00 -100.00
 138    43.227 56017.53964840 10.00 203.211081  64.644232  3.690 -100.00 -100.00 -100.00
 138    43.652 56017.53964899  9.46 203.216843  64.643341  2.820 -100.00 -100.00 -100.00
 138    43.650 56017.53964958  9.55 203.222605  64.642450  2.882 -100.00 -100.00 -100.00
 138    43.715 56017.53965017  9.53 203.228366  64.641558  3.365 -100.00 -100.00 -100.00
 139    44.571 56027.45529266 10.06 203.211375  64.643670  3.016 -100.00 -100.00 -100.00
 139    44.460 56027.45529325  9.92 203.217137  64.642778  3.270 -100.00 -100.00 -100.00
 139    44.309 56027.45529384  9.82 203.222898  64.641887  3.254 -100.00 -100.00 -100.00
 139    44.566 56027.45529444  9.98 203.228659  64.640995  3.237 -100.00 -100.00 -100.00
 141    38.353 56047.28657549 30.05 203.211439  64.646366   -100 -100.00 -100.00 -100.00
 141    38.648 56047.28657608 30.85 203.217202  64.645475 28.860 -100.00 -100.00 -100.00
 141    38.323 56047.28657667 32.89 203.222964  64.644583   -100 -100.00 -100.00 -100.00
 141    38.249 56047.28657726 37.11 203.228725  64.643691  8.435 -100.00 -100.00 -100.00
 142    40.752 56057.20221255 32.70 203.206101  64.648889 30.725 -100.00 -100.00 -100.00
 142    40.609 56057.20221314 35.06 203.211865  64.647998   -100 -100.00 -100.00 -100.00
 142    40.652 56057.20221373 37.74 203.217628  64.647107   -100 -100.00 -100.00 -100.00
 142    40.783 56057.20221432 37.51 203.223390  64.646215   -100 -100.00 -100.00 -100.00
 142    40.775 56057.20221491 37.63 203.229153  64.645323   -100 -100.00 -100.00 -100.00
 144    46.147 56077.03349471 23.08 203.206018  64.649119  5.846 -100.00 -100.00 -100.00
 144    45.660 56077.03349530 23.31 203.211781  64.648228  6.820 -100.00 -100.00 -100.00
 144    44.560 56077.03349590 24.52 203.217545  64.647336  9.899 -100.00 -100.00 -100.00
 144    43.534 56077.03349649 28.42 203.223308  64.646445 16.152 -100.00 -100.00 -100.00
 144    44.360 56077.03349708 25.33 203.229071  64.645553  8.707 -100.00 -100.00 -100.00
 145    90.016 56086.94914494  4.99 203.218258  64.646480  5.910 -100.00 -100.00 -100.00
 145    87.872 56086.94914553  8.65 203.224020  64.645588  9.307 -100.00 -100.00 -100.00
 146    45.714 56096.86479024 23.50 203.206258  64.648031  9.444 -100.00 -100.00 -100.00
 146    45.597 56096.86479083 23.01 203.212021  64.647140  9.481 -100.00 -100.00 -100.00
 146    41.495 56096.86479142 32.17 203.217784  64.646248   -100 -100.00 -100.00 -100.00
 146    41.728 56096.86479201 29.65 203.223546  64.645357 21.510 -100.00 -100.00 -100.00
 146    43.743 56096.86479260 27.18 203.229309  64.644465 17.375 -100.00 -100.00 -100.00
 147    45.807 56106.78043486 20.86 203.208522  64.647360  5.114 -100.00 -100.00 -100.00
 147    42.560 56106.78043545 23.38 203.214285  64.646469  8.127 -100.00 -100.00 -100.00
 147    41.136 56106.78043604 31.11 203.220047  64.645577 27.205 -100.00 -100.00 -100.00
 147    43.875 56106.78043663 23.77 203.225810  64.644686  8.668 -100.00 -100.00 -100.00
 148    46.021 56116.69606493 18.19 203.208924  64.646432  6.019 -100.00 -100.00 -100.00
 148    40.836 56116.69606552 26.69 203.214686  64.645541 26.301 -100.00 -100.00 -100.00
 148    40.860 56116.69606611 26.02 203.220449  64.644650 24.247 -100.00 -100.00 -100.00
 148    44.253 56116.69606670 21.23 203.226211  64.643758 12.020 -100.00 -100.00 -100.00
 149    41.372 56126.61170307 43.39 203.211426  64.645179   -100 -100.00 -100.00 -100.00
 149    41.119 56126.61170366 52.20 203.217188  64.644288   -100 -100.00 -100.00 -100.00
 149    41.308 56126.61170425 50.44 203.222950  64.643396   -100 -100.00 -100.00 -100.00
 149    41.001 56126.61170484 52.17 203.228712  64.642504   -100 -100.00 -100.00 -100.00
 150    42.700 56136.52733697 24.05 203.210667  64.644673 13.136 -100.00 -100.00 -100.00
 150    41.393 56136.52733756 23.47 203.216429  64.643782 11.807 -100.00 -100.00 -100.00
 150    40.676 56136.52733815 24.01 203.222191  64.642891 12.476 -100.00 -100.00 -100.00
 150    40.761 56136.52733874 24.66 203.227952  64.641999 13.008 -100.00 -100.00 -100.00
 151    40.494 56146.44298065 40.47 203.208922  64.644875 24.691 -100.00 -100.00 -100.00
 151    40.040 56146.44298124 45.62 203.214684  64.643984   -100 -100.00 -100.00 -100.00
 151    40.432 56146.44298183 51.03 203.220446  64.643093   -100 -100.00 -100.00 -100.00
 151    40.396 56146.44298242 52.05 203.226208  64.642201   -100 -100.00 -100.00 -100.00
 152    39.432 56156.35863012 37.48 203.209550  64.645221   -100 -100.00 -100.00 -100.00
 152    39.147 56156.35863071 39.28 203.215312  64.644330  0.958 -100.00 -100.00 -100.00
 152    39.016 56156.35863130 37.50 203.221074  64.643439  3.176 -100.00 -100.00 -100.00
 152    39.068 56156.35863189 34.84 203.226836  64.642547   -100 -100.00 -100.00 -100.00
 153    45.754 56166.27427842 20.31 203.208116  64.646033  7.953 -100.00 -100.00 -100.00
 153    42.373 56166.27427901 23.45 203.213879  64.645142 14.181 -100.00 -100.00 -100.00
 153    44.512 56166.27427960 21.77 203.219642  64.644250  9.779 -100.00 -100.00 -100.00
 153    43.719 56166.27428019 21.49 203.225404  64.643359 10.049 -100.00 -100.00 -100.00
 154    39.620 56176.18992468 35.99 203.209209  64.645797 31.614 -100.00 -100.00 -100.00
 154    38.936 56176.18992527 34.77 203.214972  64.644905   -100 -100.00 -100.00 -100.00
 154    38.890 56176.18992586 32.02 203.220735  64.644014   -100 -100.00 -100.00 -100.00
 154    38.698 56176.18992645 32.20 203.226497  64.643122   -100 -100.00 -100.00 -100.00
 155    39.362 56186.10556616 40.70 203.211720  64.644970   -100 -100.00 -100.00 -100.00
 155    39.168 56186.10556675 43.64 203.217483  64.644079   -100 -100.00 -100.00 -100.00
 155    39.416 56186.10556734 44.98 203.223246  64.643187   -100 -100.00 -100.00 -100.00
 155    39.255 56186.10556793 47.12 203.229008  64.642296 16.055 -100.00 -100.00 -100.00
 156    46.246 56196.02120338 20.37 203.209079  64.644872  8.147 -100.00 -100.00 -100.00
 156    46.092 56196.02120397 19.63 203.214842  64.643980  8.548 -100.00 -100.00 -100.00
 156    45.889 56196.02120456 19.39 203.220605  64.643089  7.037 -100.00 -100.00 -100.00
 156    45.123 56196.02120515 20.25 203.226367  64.642197  9.347 -100.00 -100.00 -100.00
 157    46.012 56205.93683777 21.73 203.208387  64.645593  9.242 -100.00 -100.00 -100.00
 157    46.078 56205.93683836 20.67 203.214150  64.644701  8.232 -100.00 -100.00 -100.00
 157    45.944 56205.93683895 20.60 203.219913  64.643810  7.285 -100.00 -100.00 -100.00
 157    45.156 56205.93683954 21.53 203.225676  64.642918 10.015 -100.00 -100.00 -100.00
 158    38.445 56215.85247092 44.53 203.210409  64.647052   -100 -100.00 -100.00 -100.00
 158    38.377 56215.85247151 36.23 203.216173  64.646161   -100 -100.00 -100.00 -100.00
 158    38.020 56215.85247210 34.86 203.221936  64.645269   -100 -100.00 -100.00 -100.00
 158    38.353 56215.85247269 31.62 203.227699  64.644377 17.769 -100.00 -100.00 -100.00
 159    37.295 56225.76811029 43.50 203.209974  64.648954   -100 -100.00 -100.00 -100.00
 159    37.444 56225.76811088 48.14 203.215738  64.648063   -100 -100.00 -100.00 -100.00
 159    37.151 56225.76811148 46.72 203.221501  64.647171  2.731 -100.00 -100.00 -100.00
 159    37.175 56225.76811207 41.55 203.227265  64.646280   -100 -100.00 -100.00 -100.00
 160    37.524 56235.68376528 32.03 203.206231  64.649652 26.822 -100.00 -100.00 -100.00
 160    37.580 56235.68376587 30.09 203.211995  64.648761 17.468 -100.00 -100.00 -100.00
 160    37.724 56235.68376646 31.99 203.217759  64.647870 25.117 -100.00 -100.00 -100.00
 160    37.795 56235.68376705 34.71 203.223522  64.646978   -100 -100.00 -100.00 -100.00
 161    37.225 56245.59941716 24.22 203.209654  64.648410  9.429 -100.00 -100.00 -100.00
 161    37.348 56245.59941775 25.27 203.215417  64.647519 12.235 -100.00 -100.00 -100.00
 161    37.365 56245.59941834 23.44 203.221180  64.646628  8.727 -100.00 -100.00 -100.00
 161    37.271 56245.59941893 24.41 203.226943  64.645736 10.156 -100.00 -100.00 -100.00
 162    40.923 56255.51506358 21.06 203.209661  64.647683  9.262 -100.00 -100.00 -100.00
 162    38.160 56255.51506417 23.88 203.215424  64.646791 13.412 -100.00 -100.00 -100.00
 162    38.223 56255.51506476 23.15 203.221187  64.645900 11.364 -100.00 -100.00 -100.00
 162    38.204 56255.51506535 21.91 203.226950  64.645008  9.956 -100.00 -100.00 -100.00
 163    40.686 56265.43070570 19.26 203.206952  64.648240  7.005 -100.00 -100.00 -100.00
 163    38.192 56265.43070629 21.43 203.212715  64.647348 11.398 -100.00 -100.00 -100.00
 163    38.456 56265.43070688 21.70 203.218478  64.646457 10.921 -100.00 -100.00 -100.00
 163    42.134 56265.43070747 19.84 203.224241  64.645565  7.792 -100.00 -100.00 -100.00
 164    40.756 56275.34634666 18.89 203.210129  64.648129  8.339 -100.00 -100.00 -100.00
 164    41.017 56275.34634725 18.87 203.215893  64.647238  8.266 -100.00 -100.00 -100.00
 164    43.145 56275.34634784 19.30 203.221656  64.646346  8.738 -100.00 -100.00 -100.00
 164    43.510 56275.34634843 17.69 203.227418  64.645454  5.891 -100.00 -100.00 -100.00
 165    41.760 56285.26199188 14.58 203.206010  64.648172  3.956 -100.00 -100.00 -100.00
 165    42.507 56285.26199247 14.53 203.211774  64.647281  4.484 -100.00 -100.00 -100.00
 165    42.868 56285.26199306 14.37 203.217537  64.646390  4.350 -100.00 -100.00 -100.00
 165    43.538 56285.26199365 15.37 203.223300  64.645498  5.280 -100.00 -100.00 -100.00
 165    43.990 56285.26199424 15.43 203.229063  64.644606  5.418 -100.00 -100.00 -100.00
 166    41.466 56295.17764289 14.30 203.209379  64.645741  4.668 -100.00 -100.00 -100.00
 166    42.384 56295.17764348 14.60 203.215142  64.644850  4.814 -100.00 -100.00 -100.00
 166    42.939 56295.17764407 14.74 203.220905  64.643958  4.899 -100.00 -100.00 -100.00
 166    43.284 56295.17764466 14.76 203.226667  64.643066  4.885 -100.00 -100.00 -100.00
 167    41.292 56305.09328943 13.97 203.209696  64.643552  4.561 -100.00 -100.00 -100.00
 167    41.916 56305.09329002 13.59 203.215459  64.642661  3.822 -100.00 -100.00 -100.00
 167    41.444 56305.09329061 14.09 203.221222  64.641769  4.658 -100.00 -100.00 -100.00
 167    42.266 56305.09329120 13.80 203.226984  64.640877  4.160 -100.00 -100.00 -100.00
 168    41.658 56315.00893224 13.61 203.209404  64.642967  3.063 -100.00 -100.00 -100.00
 168    42.443 56315.00893284 13.69 203.215167  64.642075  3.149 -100.00 -100.00 -100.00
 168    43.064 56315.00893343 13.70 203.220929  64.641183  3.548 -100.00 -100.00 -100.00
 168    42.777 56315.00893402 13.69 203.226691  64.640291  3.727 -100.00 -100.00 -100.00
 169    42.227 56324.92457343 12.74 203.212978  64.643676  3.202 -100.00 -100.00 -100.00
 169    42.671 56324.92457402 12.98 203.218740  64.642784  3.676 -100.00 -100.00 -100.00
 169    43.154 56324.92457461 12.84 203.224503  64.641892  3.397 -100.00 -100.00 -100.00
 169    43.511 56324.92457520 13.12 203.230265  64.641000  3.824 -100.00 -100.00 -100.00
 170    41.668 56334.84021291 13.21 203.207645  64.646308  4.682 -100.00 -100.00 -100.00
 170    41.731 56334.84021350 13.60 203.213408  64.645417  4.839 -100.00 -100.00 -100.00
 170    42.755 56334.84021409 12.72 203.219171  64.644525  4.172 -100.00 -100.00 -100.00
 170    43.530 56334.84021468 13.15 203.224933  64.643633  4.553 -100.00 -100.00 -100.00
 171    42.299 56344.75585227 12.05 203.209042  64.646726  3.652 -100.00 -100.00 -100.00
 171    42.890 56344.75585286 11.78 203.214805  64.645835  3.533 -100.00 -100.00 -100.00
 171    42.909 56344.75585345 11.83 203.220568  64.644943  3.749 -100.00 -100.00 -100.00
 171    43.358 56344.75585404 11.55 203.226330  64.644052  3.248 -100.00 -100.00 -100.00
 172    42.568 56354.67148944 11.58 203.210832  64.645859  3.337 -100.00 -100.00 -100.00
 172    42.855 56354.67149003 11.70 203.216595  64.644968  3.626 -100.00 -100.00 -100.00
 172    41.521 56354.67149062 11.92 203.222358  64.644077  3.878 -100.00 -100.00 -100.00
 172    43.177 56354.67149121 12.48 203.228119  64.643185  5.430 -100.00 -100.00 -100.00
 173    41.908 56364.58713413 10.57 203.208662  64.644845  3.402 -100.00 -100.00 -100.00
 173    42.645 56364.58713472 10.82 203.214424  64.643954  3.609 -100.00 -100.00 -100.00
 173    43.088 56364.58713531 10.68 203.220186  64.643062  3.309 -100.00 -100.00 -100.00
 173    43.574 56364.58713590 10.60 203.225948  64.642171  3.077 -100.00 -100.00 -100.00
 174    42.919 56374.50278341 10.48 203.211707  64.643937  3.192 -100.00 -100.00 -100.00
 174    42.927 56374.50278400 10.69 203.217469  64.643045  3.071 -100.00 -100.00 -100.00
 174    43.576 56374.50278459 10.35 203.223230  64.642154  2.978 -100.00 -100.00 -100.00
 174    43.817 56374.50278518 10.47 203.228991  64.641262  3.517 -100.00 -100.00 -100.00
 176    42.222 56394.33407279  9.86 203.209600  64.647238  3.646 -100.00 -100.00 -100.00
 176    43.248 56394.33407338  9.66 203.215362  64.646347  3.060 -100.00 -100.00 -100.00
 176    43.607 56394.33407397  9.61 203.221125  64.645455  2.953 -100.00 -100.00 -100.00
 176    43.999 56394.33407456  9.50 203.226886  64.644563  2.778 -100.00 -100.00 -100.00
 177    42.670 56404.24971461  9.49 203.209059  64.648420  3.543 -100.00 -100.00 -100.00
 177    42.929 56404.24971520  9.24 203.214822  64.647529  3.230 -100.00 -100.00 -100.00
 177    43.294 56404.24971579  9.58 203.220585  64.646637  3.277 -100.00 -100.00 -100.00
 177    43.659 56404.24971638  9.27 203.226347  64.645745  2.691 -100.00 -100.00 -100.00
 178    41.589 56414.16535338  9.55 203.207539  64.648917  3.890 -100.00 -100.00 -100.00
 178    42.352 56414.16535397  9.52 203.213302  64.648025  3.961 -100.00 -100.00 -100.00
 178    43.438 56414.16535456  9.00 203.219065  64.647134  3.048 -100.00 -100.00 -100.00
 178    40.558 56414.16535515  9.46 203.224828  64.646242  3.791 -100.00 -100.00 -100.00
 179    37.276 56424.08098777 26.25 203.210510  64.648112 18.626 -100.00 -100.00 -100.00
 179    37.735 56424.08098836 26.63 203.216274  64.647221 18.870 -100.00 -100.00 -100.00
 179    37.941 56424.08098895 27.37 203.222037  64.646329 20.581 -100.00 -100.00 -100.00
 179    37.933 56424.08098954 32.17 203.227799  64.645438   -100 -100.00 -100.00 -100.00
 180    37.910 56433.99663295 40.56 203.208774  64.647886   -100 -100.00 -100.00 -100.00
 180    37.935 56433.99663354 42.69 203.214537  64.646995   -100 -100.00 -100.00 -100.00
 180    37.847 56433.99663413 44.77 203.220301  64.646104   -100 -100.00 -100.00 -100.00
 180    37.862 56433.99663472 43.33 203.226063  64.645212   -100 -100.00 -100.00 -100.00
 181    44.259 56443.91228521 52.25 203.208765  64.647528 16.097 -100.00 -100.00 -100.00
 181    44.172 56443.91228580 52.93 203.214528  64.646637 17.279 -100.00 -100.00 -100.00
 181    44.466 56443.91228639 53.37 203.220291  64.645745   -100 -100.00 -100.00 -100.00
 181    44.425 56443.91228698 54.60 203.226053  64.644854 20.380 -100.00 -100.00 -100.00
 182    45.078 56453.82793482 29.85 203.207921  64.648027 12.126 -100.00 -100.00 -100.00
 182    44.395 56453.82793541 30.31 203.213684  64.647136 14.448 -100.00 -100.00 -100.00
 182    43.972 56453.82793600 32.78 203.219447  64.646244 21.576 -100.00 -100.00 -100.00
 182    44.216 56453.82793660 36.10 203.225209  64.645352 27.920 -100.00 -100.00 -100.00
 183    41.589 56463.74358168 48.32 203.206263  64.647642 17.667 -100.00 -100.00 -100.00
 183    41.510 56463.74358228 42.21 203.212026  64.646750   -100 -100.00 -100.00 -100.00
 183    41.535 56463.74358287 40.70 203.217789  64.645859   -100 -100.00 -100.00 -100.00
 183    41.679 56463.74358346 36.87 203.223551  64.644967 22.969 -100.00 -100.00 -100.00
 183    41.720 56463.74358405 46.16 203.229313  64.644075  4.829 -100.00 -100.00 -100.00
 184    40.634 56473.65922589 46.86 203.211350  64.645125  7.139 -100.00 -100.00 -100.00
 184    40.538 56473.65922648 41.75 203.217112  64.644234   -100 -100.00 -100.00 -100.00
 184    40.451 56473.65922707 41.38 203.222874  64.643342   -100 -100.00 -100.00 -100.00
 184    40.623 56473.65922766 41.88 203.228635  64.642450   -100 -100.00 -100.00 -100.00
 185    44.527 56483.57486633 27.17 203.212798  64.642992 11.500 -100.00 -100.00 -100.00
 185    44.113 56483.57486692 26.54 203.218559  64.642101 10.553 -100.00 -100.00 -100.00
 185    43.958 56483.57486752 25.14 203.224320  64.641209  7.964 -100.00 -100.00 -100.00
 185    43.645 56483.57486811 28.91 203.230081  64.640317 16.970 -100.00 -100.00 -100.00
 187    40.010 56503.40613722 47.74 203.210839  64.644849   -100 -100.00 -100.00 -100.00
 187    40.154 56503.40613781 50.15 203.216602  64.643958   -100 -100.00 -100.00 -100.00
 187    40.033 56503.40613840 54.21 203.222364  64.643066 23.107 -100.00 -100.00 -100.00
 187    40.088 56503.40613899 54.26 203.228125  64.642174 27.977 -100.00 -100.00 -100.00
 188    40.053 56513.32176946 35.27 203.207427  64.648099 29.946 -100.00 -100.00 -100.00
 188    42.764 56513.32177005 28.88 203.213191  64.647208 11.197 -100.00 -100.00 -100.00
 188    39.875 56513.32177064 33.38 203.218954  64.646317 23.480 -100.00 -100.00 -100.00
 188    40.253 56513.32177123 33.21 203.224716  64.645426 19.462 -100.00 -100.00 -100.00
 189    39.258 56523.23741887 44.56 203.208795  64.648356   -100 -100.00 -100.00 -100.00
 189    39.228 56523.23741946 38.99 203.214558  64.647465 29.317 -100.00 -100.00 -100.00
 189    39.044 56523.23742006 43.16 203.220322  64.646574   -100 -100.00 -100.00 -100.00
 189    38.972 56523.23742065 40.88 203.226084  64.645682   -100 -100.00 -100.00 -100.00
 190    39.408 56533.15307100 47.02 203.209458  64.646653   -100 -100.00 -100.00 -100.00
 190    39.438 56533.15307159 52.04 203.215221  64.645762   -100 -100.00 -100.00 -100.00
 190    39.654 56533.15307218 55.91 203.220984  64.644871   -100 -100.00 -100.00 -100.00
 190    39.326 56533.15307277 55.42 203.226747  64.643979 12.732 -100.00 -100.00 -100.00
 192    46.061 56552.98436404 23.08 203.208500  64.644337 11.839 -100.00 -100.00 -100.00
 192    45.663 56552.98436463 22.16 203.214263  64.643445 11.000 -100.00 -100.00 -100.00
 192    45.650 56552.98436522 19.20 203.220026  64.642554  6.562 -100.00 -100.00 -100.00
 192    44.973 56552.98436581 19.46 203.225788  64.641662  7.476 -100.00 -100.00 -100.00
 192    44.289 56552.98436640 22.71 203.231550  64.640770 13.320 -100.00 -100.00 -100.00
 193    45.914 56562.90000665 20.56 203.208599  64.646124  9.357 -100.00 -100.00 -100.00
 193    45.744 56562.90000724 19.70 203.214363  64.645233  6.952 -100.00 -100.00 -100.00
 193    45.303 56562.90000783 18.78 203.220126  64.644341  6.130 -100.00 -100.00 -100.00
 193    44.878 56562.90000842 19.88 203.225888  64.643449  8.551 -100.00 -100.00 -100.00
 194    45.977 56572.81564786 17.89 203.207259  64.648881  5.053 -100.00 -100.00 -100.00
 194    45.757 56572.81564845 19.53 203.213023  64.647989  8.595 -100.00 -100.00 -100.00
 194    44.502 56572.81564904 20.31 203.218787  64.647098  9.536 -100.00 -100.00 -100.00
 194    44.421 56572.81564963 20.78 203.224550  64.646206  9.695 -100.00 -100.00 -100.00
 195    38.266 56582.73128742 36.14 203.209406  64.650128   -100 -100.00 -100.00 -100.00
 195    37.919 56582.73128801 35.90 203.215170  64.649236   -100 -100.00 -100.00 -100.00
 195    37.886 56582.73128860 34.82 203.220934  64.648345   -100 -100.00 -100.00 -100.00
 195    37.887 56582.73128919 33.26 203.226697  64.647453 30.849 -100.00 -100.00 -100.00
 196    42.121 56592.64692211 21.54 203.206185  64.650417  7.075 -100.00 -100.00 -100.00
 196    42.426 56592.64692270 22.90 203.211950  64.649526  8.623 -100.00 -100.00 -100.00
 196    37.487 56592.64692329 29.04 203.217713  64.648635 20.697 -100.00 -100.00 -100.00
 196    37.491 56592.64692388 29.67 203.223477  64.647744 23.364 -100.00 -100.00 -100.00
 197    37.368 56602.56257377 44.52 203.209647  64.647848   -100 -100.00 -100.00 -100.00
 197    37.212 56602.56257437 48.01 203.215410  64.646957   -100 -100.00 -100.00 -100.00
 197    36.988 56602.56257496 46.68 203.221173  64.646066   -100 -100.00 -100.00 -100.00
 197    36.829 56602.56257555 43.99 203.226936  64.645174   -100 -100.00 -100.00 -100.00
 198    38.232 56612.47822302 31.52 203.208117  64.646769 24.994 -100.00 -100.00 -100.00
 198    38.422 56612.47822361 31.36 203.213880  64.645878 22.017 -100.00 -100.00 -100.00
 198    38.550 56612.47822420 31.94 203.219643  64.644986 22.527 -100.00 -100.00 -100.00
 198    38.233 56612.47822479 35.28 203.225405  64.644094   -100 -100.00 -100.00 -100.00
 199    38.032 56622.39386773 25.04 203.206472  64.647610 11.589 -100.00 -100.00 -100.00
 199    37.776 56622.39386832 26.94 203.212235  64.646719 17.070 -100.00 -100.00 -100.00
 199    37.809 56622.39386891 27.42 203.217998  64.645827 16.102 -100.00 -100.00 -100.00
 199    37.923 56622.39386950 25.75 203.223761  64.644936 12.918 -100.00 -100.00 -100.00
 199    38.022 56622.39387009 24.71 203.229523  64.644044 12.239 -100.00 -100.00 -100.00
 201    38.452 56642.22514718 22.06 203.205460  64.648848  8.372 -100.00 -100.00 -100.00
 201    38.300 56642.22514777 23.60 203.211224  64.647957 11.114 -100.00 -100.00 -100.00
 201    41.976 56642.22514836 21.89 203.216988  64.647065  8.011 -100.00 -100.00 -100.00
 201    38.467 56642.22514895 22.30 203.222751  64.646174  8.752 -100.00 -100.00 -100.00
 201    38.515 56642.22514954 23.42 203.228514  64.645282 10.873 -100.00 -100.00 -100.00
 202    42.619 56652.14079729 17.95 203.210629  64.645832  4.555 -100.00 -100.00 -100.00
 202    42.584 56652.14079788 19.28 203.216392  64.644941  6.709 -100.00 -100.00 -100.00
 202    41.627 56652.14079847 20.49 203.222155  64.644049  8.416 -100.00 -100.00 -100.00
 202    42.358 56652.14079906 18.98 203.227918  64.643157  6.799 -100.00 -100.00 -100.00
 203    43.155 56662.05644707 17.57 203.209750  64.643440  5.385 -100.00 -100.00 -100.00
 203    38.277 56662.05644766 20.29 203.215513  64.642549  9.507 -100.00 -100.00 -100.00
 203    37.404 56662.05644825 25.67 203.221275  64.641657 20.510 -100.00 -100.00 -100.00
 203    37.249 56662.05644884 25.43 203.227037  64.640765 20.544 -100.00 -100.00 -100.00
 204    43.334 56671.97209405 16.76 203.211231  64.642320  4.441 -100.00 -100.00 -100.00
 204    43.033 56671.97209464 16.94 203.216993  64.641428  4.345 -100.00 -100.00 -100.00
 204    43.287 56671.97209523 16.88 203.222756  64.640536  4.545 -100.00 -100.00 -100.00
 204    43.184 56671.97209582 16.84 203.228517  64.639644  4.335 -100.00 -100.00 -100.00
 205    38.185 56681.88773886 19.29 203.209582  64.644345  8.772 -100.00 -100.00 -100.00
 205    42.908 56681.88773945 18.84 203.215345  64.643453  8.068 -100.00 -100.00 -100.00
 205    43.332 56681.88774004 16.09 203.221107  64.642561  4.163 -100.00 -100.00 -100.00
 205    43.206 56681.88774063 16.01 203.226869  64.641669  4.950 -100.00 -100.00 -100.00
 206    42.218 56691.80338201 19.09 203.211508  64.646256  7.620 -100.00 -100.00 -100.00
 206    38.044 56691.80338260 19.47 203.217271  64.645365  8.740 -100.00 -100.00 -100.00
 206    37.997 56691.80338319 19.35 203.223034  64.644473  8.684 -100.00 -100.00 -100.00
 206    42.220 56691.80338378 17.66 203.228796  64.643581  5.478 -100.00 -100.00 -100.00
 207    42.098 56701.71902071 16.66 203.206893  64.648154  4.694 -100.00 -100.00 -100.00
 207    42.389 56701.71902130 16.50 203.212657  64.647263  4.674 -100.00 -100.00 -100.00
 207    42.297 56701.71902189 16.78 203.218420  64.646372  5.690 -100.00 -100.00 -100.00
 207    42.338 56701.71902248 15.68 203.224183  64.645480  4.031 -100.00 -100.00 -100.00
 208    44.439 56711.63465544 15.93 203.210136  64.646765  4.294 -100.00 -100.00 -100.00
 208    40.744 56711.63465603 18.21 203.215899  64.645874  8.131 -100.00 -100.00 -100.00
 208    42.353 56711.63465663 15.89 203.221662  64.644983  5.060 -100.00 -100.00 -100.00
 208    42.026 56711.63465722 15.49 203.227424  64.644091  4.553 -100.00 -100.00 -100.00
 210    42.791 56731.46595249 14.45 203.212444  64.643860  3.889 -100.00 -100.00 -100.00
 210    44.929 56731.46595308 13.93 203.218205  64.642968  3.156 -100.00 -100.00 -100.00
 210    45.224 56731.46595367 13.74 203.223967  64.642076  3.330 -100.00 -100.00 -100.00
 210    45.078 56731.46595426 13.84 203.229728  64.641184  3.753 -100.00 -100.00 -100.00
 211    42.747 56741.38160014 13.37 203.211685  64.645733  3.152 -100.00 -100.00 -100.00
 211    44.901 56741.38160073 12.65 203.217447  64.644842  2.714 -100.00 -100.00 -100.00
 211    44.691 56741.38160132 12.95 203.223209  64.643950  3.380 -100.00 -100.00 -100.00
 211    45.039 56741.38160191 12.65 203.228971  64.643058  2.947 -100.00 -100.00 -100.00
 212    43.490 56751.29724329 12.78 203.209667  64.648573  3.384 -100.00 -100.00 -100.00
 212    42.204 56751.29724388 12.45 203.215430  64.647682  2.848 -100.00 -100.00 -100.00
 212    44.414 56751.29724447 12.48 203.221193  64.646790  3.216 -100.00 -100.00 -100.00
 212    44.372 56751.29724506 12.22 203.226955  64.645898  3.184 -100.00 -100.00 -100.00
 213    42.578 56761.21288165 12.55 203.209807  64.650088  5.737 -100.00 -100.00 -100.00
 213    41.717 56761.21288224 13.88 203.215570  64.649197  7.458 -100.00 -100.00 -100.00
 213    40.649 56761.21288283 15.06 203.221333  64.648305  9.652 -100.00 -100.00 -100.00
 213    44.188 56761.21288342 13.87 203.227096  64.647413  7.461 -100.00 -100.00 -100.00
 214    36.998 56771.12851320 40.02 203.207325  64.650267   -100 -100.00 -100.00 -100.00
 214    36.769 56771.12851379 37.72 203.213089  64.649376   -100 -100.00 -100.00 -100.00
 214    43.126 56771.12851438 33.64 203.218853  64.648484 30.139 -100.00 -100.00 -100.00
 214    43.274 56771.12851497 32.08 203.224616  64.647593 24.076 -100.00 -100.00 -100.00
 215    38.704 56781.04416809 40.71 203.210034  64.647437   -100 -100.00 -100.00 -100.00
 215    38.885 56781.04416868 38.64 203.215798  64.646545   -100 -100.00 -100.00 -100.00
 215    39.183 56781.04416928 43.13 203.221561  64.645654   -100 -100.00 -100.00 -100.00
 215    39.019 56781.04416987 41.91 203.227323  64.644762   -100 -100.00 -100.00 -100.00
 216    45.734 56790.95982325 24.00 203.211991  64.645395  7.781 -100.00 -100.00 -100.00
 216    43.069 56790.95982384 27.41 203.217753  64.644504 16.334 -100.00 -100.00 -100.00
 216    44.608 56790.95982443 24.92 203.223516  64.643612 12.541 -100.00 -100.00 -100.00
 216    44.120 56790.95982502 27.21 203.229278  64.642720 17.597 -100.00 -100.00 -100.00
 217    45.859 56800.87547488 23.80 203.210354  64.645430  9.737 -100.00 -100.00 -100.00
 217    43.082 56800.87547547 26.15 203.216117  64.644538 15.225 -100.00 -100.00 -100.00
 217    44.853 56800.87547606 23.66 203.221879  64.643646  9.624 -100.00 -100.00 -100.00
 217    43.994 56800.87547665 24.76 203.227640  64.642754 11.770 -100.00 -100.00 -100.00
 218    46.219 56810.79111927 23.46 203.206595  64.646998  6.700 -100.00 -100.00 -100.00
 218    45.757 56810.79111986 24.77 203.212357  64.646106 11.099 -100.00 -100.00 -100.00
 218    41.626 56810.79112045 29.82 203.218120  64.645214 23.299 -100.00 -100.00 -100.00
 218    44.942 56810.79112104 23.00 203.223882  64.644322  6.875 -100.00 -100.00 -100.00
 218    44.602 56810.79112164 24.54 203.229643  64.643430  8.858 -100.00 -100.00 -100.00
 219    41.018 56820.70675949 38.94 203.207407  64.647214 32.026 -100.00 -100.00 -100.00
 219    40.664 56820.70676008 37.26 203.213169  64.646323   -100 -100.00 -100.00 -100.00
 219    40.580 56820.70676067 35.80 203.218932  64.645431   -100 -100.00 -100.00 -100.00
 219    40.704 56820.70676126 33.54 203.224694  64.644539 27.011 -100.00 -100.00 -100.00
 221    41.829 56840.53802868 38.75 203.208181  64.644554   -100 -100.00 -100.00 -100.00
 221    41.572 56840.53802927 44.26 203.213943  64.643662  9.091 -100.00 -100.00 -100.00
 221    41.630 56840.53802986 48.43 203.219705  64.642771 19.435 -100.00 -100.00 -100.00
 221    41.733 56840.53803045 50.25 203.225466  64.641880  1.270 -100.00 -100.00 -100.00
 221    41.800 56840.53803104 51.44 203.231227  64.640988   -100 -100.00 -100.00 -100.00
 222    41.061 56850.45366404 38.04 203.207842  64.644331   -100 -100.00 -100.00 -100.00
 222    41.405 56850.45366463 43.13 203.213604  64.643440   -100 -100.00 -100.00 -100.00
 222    41.052 56850.45366522 54.57 203.219366  64.642549   -100 -100.00 -100.00 -100.00
 222    41.040 56850.45366581 54.57 203.225127  64.641657   -100 -100.00 -100.00 -100.00
 222    41.023 56850.45366640 56.24 203.230888  64.640766   -100 -100.00 -100.00 -100.00
 223    45.745 56860.36931889 21.07 203.212696  64.644407  7.480 -100.00 -100.00 -100.00
 223    45.257 56860.36931948 20.51 203.218458  64.643516  7.679 -100.00 -100.00 -100.00
 223    45.035 56860.36932007 20.00 203.224220  64.642624  5.695 -100.00 -100.00 -100.00
 223    44.345 56860.36932066 21.78 203.229981  64.641732  8.311 -100.00 -100.00 -100.00
 224    41.072 56870.28497209 39.97 203.209876  64.646636 24.155 -100.00 -100.00 -100.00
 224    40.349 56870.28497268 48.21 203.215639  64.645745 17.860 -100.00 -100.00 -100.00
 224    40.364 56870.28497327 49.60 203.221401  64.644853   -100 -100.00 -100.00 -100.00
 224    40.383 56870.28497386 49.60 203.227163  64.643961   -100 -100.00 -100.00 -100.00
 225    40.343 56880.20062306 36.70 203.210464  64.647240 26.433 -100.00 -100.00 -100.00
 225    40.672 56880.20062365 39.80 203.216227  64.646348   -100 -100.00 -100.00 -100.00
 225    40.918 56880.20062424 40.96 203.221990  64.645457 30.103 -100.00 -100.00 -100.00
 225    40.580 56880.20062483 43.17 203.227752  64.644565   -100 -100.00 -100.00 -100.00
 226    39.763 56890.11627038 30.19 203.209534  64.646354 26.845 -100.00 -100.00 -100.00
 226    42.858 56890.11627097 23.49 203.215297  64.645463  9.908 -100.00 -100.00 -100.00
 226    43.488 56890.11627156 23.45 203.221059  64.644571  9.503 -100.00 -100.00 -100.00
 226    39.646 56890.11627215 24.85 203.226822  64.643679 12.727 -100.00 -100.00 -100.00
 227    45.577 56900.03191520 24.23 203.210823  64.644415  9.704 -100.00 -100.00 -100.00
 227    42.472 56900.03191579 25.02 203.216585  64.643523  9.539 -100.00 -100.00 -100.00
 227    39.572 56900.03191638 26.68 203.222348  64.642631 13.706 -100.00 -100.00 -100.00
 227    39.571 56900.03191697 27.02 203.228109  64.641739 14.638 -100.00 -100.00 -100.00
 228    40.457 56909.94755736 33.13 203.207976  64.644716 24.224 -100.00 -100.00 -100.00
 228    40.027 56909.94755795 34.88 203.213738  64.643825   -100 -100.00 -100.00 -100.00
 228    39.926 56909.94755854 32.44 203.219501  64.642933   -100 -100.00 -100.00 -100.00
 228    39.904 56909.94755913 31.89 203.225263  64.642041 30.542 -100.00 -100.00 -100.00
 228    43.618 56909.94755972 27.41 203.231024  64.641148 14.061 -100.00 -100.00 -100.00
 229    39.178 56919.86319835 34.18 203.211081  64.646040   -100 -100.00 -100.00 -100.00
 229    39.233 56919.86319894 31.03 203.216844  64.645148 21.595 -100.00 -100.00 -100.00
 229    39.280 56919.86319953 31.80 203.222607  64.644256 20.963 -100.00 -100.00 -100.00
 229    39.364 56919.86320012 30.96 203.228369  64.643364 18.499 -100.00 -100.00 -100.00
 230    44.772 56929.77883667 18.71 203.209178  64.648971  6.704 -100.00 -100.00 -100.00
 230    44.398 56929.77883726 18.13 203.214941  64.648080  5.915 -100.00 -100.00 -100.00
 230    44.061 56929.77883785 19.78 203.220705  64.647188  9.150 -100.00 -100.00 -100.00
 230    43.937 56929.77883844 20.94 203.226467  64.646296  8.762 -100.00 -100.00 -100.00
 231    38.515 56939.69447039 37.58 203.207284  64.650731   -100 -100.00 -100.00 -100.00
 231    41.337 56939.69447098 30.18 203.213048  64.649840 18.489 -100.00 -100.00 -100.00
 231    38.034 56939.69447157 33.79 203.218812  64.648948 30.405 -100.00 -100.00 -100.00
 231    37.894 56939.69447216 35.33 203.224575  64.648057   -100 -100.00 -100.00 -100.00
 232    37.718 56949.61010745 46.61 203.208703  64.650077   -100 -100.00 -100.00 -100.00
 232    37.608 56949.61010804 50.63 203.214467  64.649186 17.366 -100.00 -100.00 -100.00
 232    37.765 56949.61010863 52.32 203.220230  64.648294  0.552 -100.00 -100.00 -100.00
 232    37.642 56949.61010922 50.41 203.225993  64.647403 17.311 -100.00 -100.00 -100.00
 233    37.122 56959.52575989 45.05 203.207697  64.647920   -100 -100.00 -100.00 -100.00
 233    37.054 56959.52576048 48.22 203.213460  64.647029   -100 -100.00 -100.00 -100.00
 233    37.311 56959.52576107 47.60 203.219223  64.646138   -100 -100.00 -100.00 -100.00
 233    37.054 56959.52576166 44.37 203.224986  64.645246   -100 -100.00 -100.00 -100.00
 234    38.003 56969.44140734 34.32 203.208851  64.646315 27.052 -100.00 -100.00 -100.00
 234    37.856 56969.44140793 38.06 203.214613  64.645424   -100 -100.00 -100.00 -100.00
 234    37.803 56969.44140852 35.69 203.220376  64.644532   -100 -100.00 -100.00 -100.00
 234    37.683 56969.44140912 37.98 203.226138  64.643640   -100 -100.00 -100.00 -100.00
 235    37.786 56979.35705061 37.29 203.208667  64.646453   -100 -100.00 -100.00 -100.00
 235    37.967 56979.35705120 35.99 203.214430  64.645562   -100 -100.00 -100.00 -100.00
 235    38.030 56979.35705179 36.29 203.220192  64.644670 32.143 -100.00 -100.00 -100.00
 235    37.957 56979.35705238 34.18 203.225954  64.643778 27.133 -100.00 -100.00 -100.00
 236    38.341 56989.27268934 29.50 203.208336  64.647423 11.689 -100.00 -100.00 -100.00
 236    38.405 56989.27268993 30.31 203.214100  64.646532 12.656 -100.00 -100.00 -100.00
 236    38.396 56989.27269052 30.36 203.219863  64.645641 14.435 -100.00 -100.00 -100.00
 236    38.332 56989.27269111 31.42 203.225625  64.644749 16.803 -100.00 -100.00 -100.00
 237    37.603 56999.18832201 27.74 203.209873  64.647770 14.800 -100.00 -100.00 -100.00
 237    37.652 56999.18832260 27.60 203.215637  64.646878 14.782 -100.00 -100.00 -100.00
 237    37.626 56999.18832319 26.10 203.221400  64.645987 11.269 -100.00 -100.00 -100.00
 237    37.480 56999.18832379 26.14 203.227163  64.645095 11.237 -100.00 -100.00 -100.00
 238    37.713 57009.10397384 27.82 203.209439  64.646448 16.296 -100.00 -100.00 -100.00
 238    37.920 57009.10397443 27.87 203.215202  64.645557 14.636 -100.00 -100.00 -100.00
 238    38.007 57009.10397502 25.55 203.220965  64.644665 10.472 -100.00 -100.00 -100.00
 238    37.944 57009.10397561 25.11 203.226728  64.643773  9.791 -100.00 -100.00 -100.00
 239    38.117 57019.01962679 26.21 203.211474  64.644232 13.737 -100.00 -100.00 -100.00
 239    38.157 57019.01962738 25.45 203.217237  64.643341 10.595 -100.00 -100.00 -100.00
 239    38.158 57019.01962797 24.71 203.223000  64.642449  9.124 -100.00 -100.00 -100.00
 239    38.055 57019.01962856 24.86 203.228762  64.641557 10.602 -100.00 -100.00 -100.00
 240    38.230 57028.93527611 29.65 203.208658  64.643939 24.079 -100.00 -100.00 -100.00
 240    38.185 57028.93527670 30.01 203.214421  64.643047 27.872 -100.00 -100.00 -100.00
 240    37.963 57028.93527729 29.66 203.220183  64.642156 28.030 -100.00 -100.00 -100.00
 240    37.947 57028.93527788 28.41 203.225945  64.641264 23.956 -100.00 -100.00 -100.00
 240    37.875 57028.93527847 24.68 203.231707  64.640371 14.182 -100.00 -100.00 -100.00
 241    37.762 57038.85092385 30.43 203.207591  64.644945   -100 -100.00 -100.00 -100.00
 241    37.964 57038.85092444 29.50 203.213354  64.644054 26.568 -100.00 -100.00 -100.00
 241    37.743 57038.85092503 28.96 203.219117  64.643162 25.676 -100.00 -100.00 -100.00
 241    37.707 57038.85092562 28.40 203.224879  64.642270 25.293 -100.00 -100.00 -100.00
 241    37.677 57038.85092621 24.32 203.230641  64.641378 13.850 -100.00 -100.00 -100.00
