#     +Inf   0.430  16.053 ;Mean Elev.(m), Avg Gradient(m/km), RMS Gradient(m/km)
   2    52.614 54674.94571551 24.23 206.065581  65.047930 19.678 -100.00 -100.00 -100.00
   2    51.948 54674.94571610 31.50 206.071525  65.047157   -100 -100.00 -100.00 -100.00
   2    52.361 54674.94571669 31.16 206.077468  65.046384   -100 -100.00 -100.00 -100.00
   2    52.331 54674.94571728 31.11 206.083411  65.045612   -100 -100.00 -100.00 -100.00
   2    52.574 54674.94571787 33.93 206.089353  65.044838   -100 -100.00 -100.00 -100.00
   3   116.779 54684.86135963 13.46 206.074753  65.048301  6.560 -100.00 -100.00 -100.00
   3   116.383 54684.86136022 19.72 206.080697  65.047528  8.790 -100.00 -100.00 -100.00
   3   101.672 54684.86136081 23.91 206.086640  65.046755 12.161 -100.00 -100.00 -100.00
   3   100.595 54684.86136140 24.83 206.092582  65.045981   -100 -100.00 -100.00 -100.00
   4    52.128 54694.77700118 34.67 206.072441  65.049771 28.976 -100.00 -100.00 -100.00
   4    52.498 54694.77700177 39.86 206.078385  65.048999 27.220 -100.00 -100.00 -100.00
   4    52.681 54694.77700236 39.69 206.084329  65.048226 30.722 -100.00 -100.00 -100.00
   4    52.282 54694.77700295 38.73 206.090271  65.047453   -100 -100.00 -100.00 -100.00
   4    52.232 54694.77700354 36.86 206.096214  65.046679   -100 -100.00 -100.00 -100.00
   5    99.688 54704.69264083 12.22 206.075172  65.048975 13.575 -100.00 -100.00 -100.00
   5   100.360 54704.69264142 13.34 206.081115  65.048202  8.502 -100.00 -100.00 -100.00
   5    99.866 54704.69264201 11.27 206.087058  65.047429 13.079 -100.00 -100.00 -100.00
   6    51.755 54714.60829124 47.95 206.064542  65.047729   -100 -100.00 -100.00 -100.00
   6    52.105 54714.60829183 48.13 206.070485  65.046957   -100 -100.00 -100.00 -100.00
   6    52.238 54714.60829242 50.17 206.076428  65.046184   -100 -100.00 -100.00 -100.00
   6    51.941 54714.60829301 53.06 206.082370  65.045411 12.513 -100.00 -100.00 -100.00
   6    51.996 54714.60829361 54.99 206.088313  65.044638 10.836 -100.00 -100.00 -100.00
   7    99.327 54724.52394124 17.50 206.058821  65.045851 11.162 -100.00 -100.00 -100.00
   7    98.677 54724.52394183 21.75 206.064764  65.045079 18.694 -100.00 -100.00 -100.00
   7    98.035 54724.52394242 13.01 206.070706  65.044307   -100 -100.00 -100.00 -100.00
   7    98.444 54724.52394301 14.06 206.076648  65.043534   -100 -100.00 -100.00 -100.00
  10    50.282 54754.27088323 46.46 206.061996  65.046718   -100 -100.00 -100.00 -100.00
  10    50.550 54754.27088382 46.03 206.067939  65.045946   -100 -100.00 -100.00 -100.00
  10    50.485 54754.27088441 48.14 206.073882  65.045173   -100 -100.00 -100.00 -100.00
  10    50.395 54754.27088500 51.24 206.079825  65.044400   -100 -100.00 -100.00 -100.00
  11    50.364 54764.18652921 45.68 206.064836  65.046185   -100 -100.00 -100.00 -100.00
  11    50.400 54764.18652980 46.72 206.070779  65.045412   -100 -100.00 -100.00 -100.00
  11    50.343 54764.18653039 48.95 206.076722  65.044639   -100 -100.00 -100.00 -100.00
  11    50.604 54764.18653098 49.81 206.082664  65.043866   -100 -100.00 -100.00 -100.00
  12    50.808 54774.10217163 32.03 206.057875  65.045186 24.559 -100.00 -100.00 -100.00
  12    50.689 54774.10217222 31.72 206.063818  65.044413 25.117 -100.00 -100.00 -100.00
  12    51.082 54774.10217281 30.76 206.069761  65.043641 23.891 -100.00 -100.00 -100.00
  12    50.965 54774.10217340 29.76 206.075704  65.042868 19.106 -100.00 -100.00 -100.00
  13    50.473 54784.01781197 29.67 206.056418  65.043709 20.024 -100.00 -100.00 -100.00
  13    50.505 54784.01781256 30.52 206.062361  65.042936 25.188 -100.00 -100.00 -100.00
  13    50.647 54784.01781315 29.39 206.068304  65.042164 20.099 -100.00 -100.00 -100.00
  13    50.636 54784.01781374 28.16 206.074247  65.041391 16.508 -100.00 -100.00 -100.00
  14    50.815 54793.93344993 27.71 206.051930  65.044662 17.928 -100.00 -100.00 -100.00
  14    50.727 54793.93345052 27.74 206.057874  65.043890 19.972 -100.00 -100.00 -100.00
  14    50.706 54793.93345111 27.39 206.063818  65.043118 18.340 -100.00 -100.00 -100.00
  14    50.289 54793.93345170 27.73 206.069761  65.042346 22.429 -100.00 -100.00 -100.00
  14    50.905 54793.93345229 25.97 206.075703  65.041573 13.303 -100.00 -100.00 -100.00
  17    50.518 54823.68037044 14.98 206.070050  65.047401  8.071 -100.00 -100.00 -100.00
  17    50.403 54823.68037103 15.35 206.075993  65.046629  7.563 -100.00 -100.00 -100.00
  17    50.113 54823.68037162 15.60 206.081936  65.045856  9.882 -100.00 -100.00 -100.00
  17    49.922 54823.68037221 16.36 206.087879  65.045083 11.352 -100.00 -100.00 -100.00
  18    50.398 54833.59601029 13.36 206.066427  65.046554  7.050 -100.00 -100.00 -100.00
  18    50.362 54833.59601088 13.54 206.072370  65.045781  6.608 -100.00 -100.00 -100.00
  18    49.981 54833.59601147 13.78 206.078313  65.045008  7.693 -100.00 -100.00 -100.00
  18    50.272 54833.59601206 14.01 206.084255  65.044235  7.120 -100.00 -100.00 -100.00
  19    50.469 54843.51166000 11.26 206.062754  65.046401  5.579 -100.00 -100.00 -100.00
  19    50.555 54843.51166059 11.84 206.068697  65.045628  5.955 -100.00 -100.00 -100.00
  19    50.463 54843.51166118 11.56 206.074640  65.044856  5.065 -100.00 -100.00 -100.00
  19    50.339 54843.51166177 12.03 206.080582  65.044083  7.002 -100.00 -100.00 -100.00
  20    50.569 54853.42730936  9.58 206.067113  65.046635  3.702 -100.00 -100.00 -100.00
  20    50.953 54853.42730995  9.72 206.073055  65.045863  3.210 -100.00 -100.00 -100.00
  20    51.350 54853.42731054 10.05 206.078998  65.045090  3.587 -100.00 -100.00 -100.00
  20    51.758 54853.42731113 10.25 206.084940  65.044316  4.305 -100.00 -100.00 -100.00
  21    50.475 54863.34295790  8.96 206.066753  65.048350  3.156 -100.00 -100.00 -100.00
  21    50.904 54863.34295849  9.18 206.072696  65.047577  2.866 -100.00 -100.00 -100.00
  21    51.381 54863.34295908  9.48 206.078639  65.046804  2.934 -100.00 -100.00 -100.00
  21    51.714 54863.34295967  9.53 206.084582  65.046031  2.990 -100.00 -100.00 -100.00
  21    52.685 54863.34296026  9.75 206.090524  65.045257  3.146 -100.00 -100.00 -100.00
  22    50.940 54873.25860706  9.45 206.073574  65.048140  3.483 -100.00 -100.00 -100.00
  22    51.549 54873.25860765  9.81 206.079517  65.047367  3.960 -100.00 -100.00 -100.00
  22    52.386 54873.25860824  9.64 206.085459  65.046594  3.512 -100.00 -100.00 -100.00
  22    52.693 54873.25860883  9.90 206.091402  65.045820  3.355 -100.00 -100.00 -100.00
  23    48.561 54883.17425286 15.46 206.068314  65.047680  9.756 -100.00 -100.00 -100.00
  23    48.031 54883.17425345 15.80 206.074257  65.046907  9.875 -100.00 -100.00 -100.00
  23    48.212 54883.17425404 16.20 206.080200  65.046134  9.752 -100.00 -100.00 -100.00
  23    48.265 54883.17425463 16.88 206.086143  65.045361 11.218 -100.00 -100.00 -100.00
  24    50.343 54893.08989500  9.51 206.058961  65.046199  3.379 -100.00 -100.00 -100.00
  24    50.368 54893.08989559  9.76 206.064904  65.045426  3.697 -100.00 -100.00 -100.00
  24    50.535 54893.08989618 11.24 206.070848  65.044653  6.059 -100.00 -100.00 -100.00
  24    51.496 54893.08989677  9.93 206.076790  65.043880  3.613 -100.00 -100.00 -100.00
  24    51.762 54893.08989736 11.62 206.082733  65.043107  6.190 -100.00 -100.00 -100.00
  25    50.798 54903.00553503  9.75 206.055870  65.044244  4.173 -100.00 -100.00 -100.00
  25    50.762 54903.00553562 10.10 206.061813  65.043472  4.565 -100.00 -100.00 -100.00
  25    51.234 54903.00553621 10.52 206.067756  65.042699  4.242 -100.00 -100.00 -100.00
  25    51.641 54903.00553680 10.45 206.073699  65.041926  4.472 -100.00 -100.00 -100.00
  26    50.853 54912.92117353  7.37 206.051751  65.044682  3.459 -100.00 -100.00 -100.00
  26    51.086 54912.92117412  7.17 206.057694  65.043910  2.553 -100.00 -100.00 -100.00
  26    51.291 54912.92117471  7.43 206.063637  65.043137  2.863 -100.00 -100.00 -100.00
  26    51.671 54912.92117530  7.79 206.069579  65.042365  2.953 -100.00 -100.00 -100.00
  26    52.014 54912.92117589  7.88 206.075521  65.041592  2.725 -100.00 -100.00 -100.00
  27    50.744 54922.83681218  8.01 206.058454  65.045506  4.364 -100.00 -100.00 -100.00
  27    50.932 54922.83681277  7.72 206.064397  65.044733  3.511 -100.00 -100.00 -100.00
  27    51.306 54922.83681337  7.84 206.070340  65.043960  3.647 -100.00 -100.00 -100.00
  27    51.596 54922.83681396  7.97 206.076282  65.043187  3.254 -100.00 -100.00 -100.00
  28    50.933 54932.75245009  7.33 206.065366  65.046392  3.437 -100.00 -100.00 -100.00
  28    51.263 54932.75245068  7.38 206.071309  65.045619  3.274 -100.00 -100.00 -100.00
  28    51.921 54932.75245127  7.48 206.077252  65.044847  3.073 -100.00 -100.00 -100.00
  28    52.174 54932.75245186  7.48 206.083194  65.044073  2.713 -100.00 -100.00 -100.00
  29    51.013 54942.66808577  7.67 206.066873  65.046378  3.335 -100.00 -100.00 -100.00
  29    51.670 54942.66808636  7.80 206.072815  65.045606  3.586 -100.00 -100.00 -100.00
  29    52.410 54942.66808695  7.76 206.078758  65.044833  3.029 -100.00 -100.00 -100.00
  29    53.106 54942.66808755  7.89 206.084700  65.044060  3.028 -100.00 -100.00 -100.00
  30    50.708 54952.58371880 33.16 206.059537  65.045984 27.752 -100.00 -100.00 -100.00
  30    50.381 54952.58371939 38.00 206.065480  65.045212   -100 -100.00 -100.00 -100.00
  30    50.515 54952.58371999 38.96 206.071422  65.044440   -100 -100.00 -100.00 -100.00
  30    50.400 54952.58372058 40.09 206.077364  65.043667   -100 -100.00 -100.00 -100.00
  31    53.780 54962.49936155 37.14 206.054223  65.044778 28.026 -100.00 -100.00 -100.00
  31    53.992 54962.49936214 39.39 206.060165  65.044006   -100 -100.00 -100.00 -100.00
  31    53.868 54962.49936274 38.39 206.066107  65.043234 31.293 -100.00 -100.00 -100.00
  31    53.807 54962.49936333 44.07 206.072049  65.042462   -100 -100.00 -100.00 -100.00
  31    54.212 54962.49936392 44.06 206.077991  65.041690 27.845 -100.00 -100.00 -100.00
  32    52.415 54972.41501023 52.14 206.054960  65.044658   -100 -100.00 -100.00 -100.00
  32    52.580 54972.41501082 51.69 206.060902  65.043886   -100 -100.00 -100.00 -100.00
  32    52.446 54972.41501141 49.29 206.066844  65.043114   -100 -100.00 -100.00 -100.00
  32    52.303 54972.41501200 56.34 206.072786  65.042342   -100 -100.00 -100.00 -100.00
  33    52.953 54982.33065811 50.06 206.059308  65.045867   -100 -100.00 -100.00 -100.00
  33    52.883 54982.33065870 48.13 206.065250  65.045095   -100 -100.00 -100.00 -100.00
  33    52.696 54982.33065929 48.30 206.071193  65.044322   -100 -100.00 -100.00 -100.00
  33    52.717 54982.33065988 50.60 206.077135  65.043550   -100 -100.00 -100.00 -100.00
  34   101.919 54992.24630609 13.73 206.067976  65.046785 14.151 -100.00 -100.00 -100.00
  34   103.454 54992.24630786 11.90 206.085803  65.044466 21.609 -100.00 -100.00 -100.00
  35    53.444 55002.16195279 37.66 206.069946  65.047033 29.556 -100.00 -100.00 -100.00
  35    53.400 55002.16195338 33.17 206.075889  65.046260 17.221 -100.00 -100.00 -100.00
  35    52.613 55002.16195397 34.24 206.081831  65.045487 20.278 -100.00 -100.00 -100.00
  35    53.750 55002.16195456 34.87 206.087773  65.044714 16.875 -100.00 -100.00 -100.00
  36    52.961 55012.07759694 29.45 206.064013  65.047288 26.981 -100.00 -100.00 -100.00
  36    53.166 55012.07759753 34.36 206.069956  65.046515   -100 -100.00 -100.00 -100.00
  36    53.382 55012.07759812 28.96 206.075899  65.045743 29.213 -100.00 -100.00 -100.00
  36    52.857 55012.07759871 26.75 206.081842  65.044970 26.973 -100.00 -100.00 -100.00
  37    52.089 55021.99324009 26.17 206.062210  65.046829 24.687 -100.00 -100.00 -100.00
  37    52.501 55021.99324068 29.92 206.068154  65.046056 31.340 -100.00 -100.00 -100.00
  37    52.913 55021.99324128 31.00 206.074097  65.045283   -100 -100.00 -100.00 -100.00
  37    52.795 55021.99324187 25.62 206.080039  65.044511 18.113 -100.00 -100.00 -100.00
  37    53.181 55021.99324246 34.18 206.085982  65.043737   -100 -100.00 -100.00 -100.00
  38    51.007 55031.90888266 48.22 206.064234  65.047232  7.926 -100.00 -100.00 -100.00
  38    51.681 55031.90888325 45.99 206.070178  65.046460   -100 -100.00 -100.00 -100.00
  38    51.743 55031.90888384 48.20 206.076121  65.045687   -100 -100.00 -100.00 -100.00
  38    51.610 55031.90888443 47.37 206.082063  65.044914   -100 -100.00 -100.00 -100.00
  39    51.978 55041.82452473 24.96 206.068567  65.048107 12.959 -100.00 -100.00 -100.00
  39    51.032 55041.82452532 29.17 206.074511  65.047334 21.679 -100.00 -100.00 -100.00
  39    51.353 55041.82452592 31.76 206.080454  65.046561 25.308 -100.00 -100.00 -100.00
  39    52.707 55041.82452651 34.06 206.086396  65.045788 24.612 -100.00 -100.00 -100.00
  40    50.817 55051.74016499 36.57 206.069476  65.049111 29.476 -100.00 -100.00 -100.00
  40    51.084 55051.74016558 45.23 206.075419  65.048339   -100 -100.00 -100.00 -100.00
  40    51.040 55051.74016617 43.99 206.081362  65.047566   -100 -100.00 -100.00 -100.00
  40    51.029 55051.74016677 46.90 206.087305  65.046793   -100 -100.00 -100.00 -100.00
  40    50.950 55051.74016736 42.17 206.093248  65.046019   -100 -100.00 -100.00 -100.00
  41    50.345 55061.65580324 25.33 206.070899  65.048156 17.427 -100.00 -100.00 -100.00
  41    51.299 55061.65580383 27.04 206.076842  65.047383 19.305 -100.00 -100.00 -100.00
  41    51.815 55061.65580443 28.42 206.082785  65.046611 20.968 -100.00 -100.00 -100.00
  41    52.843 55061.65580502 30.51 206.088727  65.045838 24.759 -100.00 -100.00 -100.00
  42    50.508 55071.57144529 42.46 206.061410  65.046847   -100 -100.00 -100.00 -100.00
  42    50.857 55071.57144588 44.90 206.067353  65.046075   -100 -100.00 -100.00 -100.00
  42    50.979 55071.57144647 40.70 206.073296  65.045303   -100 -100.00 -100.00 -100.00
  42    50.596 55071.57144706 42.51 206.079238  65.044530   -100 -100.00 -100.00 -100.00
  42    50.841 55071.57144765 46.37 206.085180  65.043757   -100 -100.00 -100.00 -100.00
  43    51.168 55081.48709355 49.86 206.054835  65.045083   -100 -100.00 -100.00 -100.00
  43    51.156 55081.48709414 48.32 206.060778  65.044311   -100 -100.00 -100.00 -100.00
  43    51.099 55081.48709473 47.49 206.066720  65.043538   -100 -100.00 -100.00 -100.00
  43    51.294 55081.48709532 51.79 206.072662  65.042766   -100 -100.00 -100.00 -100.00
  43    51.202 55081.48709592 49.47 206.078604  65.041993   -100 -100.00 -100.00 -100.00
  44    50.753 55091.40274085 45.60 206.057045  65.044174   -100 -100.00 -100.00 -100.00
  44    50.672 55091.40274144 40.10 206.062987  65.043402   -100 -100.00 -100.00 -100.00
  44    50.293 55091.40274203 48.82 206.068929  65.042630 10.861 -100.00 -100.00 -100.00
  44    50.629 55091.40274262 46.18 206.074871  65.041857   -100 -100.00 -100.00 -100.00
  45    50.868 55101.31838734 50.46 206.058601  65.045221   -100 -100.00 -100.00 -100.00
  45    50.611 55101.31838793 51.03 206.064544  65.044448   -100 -100.00 -100.00 -100.00
  45    50.614 55101.31838852 50.62 206.070486  65.043676   -100 -100.00 -100.00 -100.00
  45    50.816 55101.31838911 55.10 206.076428  65.042903  9.617 -100.00 -100.00 -100.00
  46    49.934 55111.23403381 21.83 206.064409  65.046080 15.954 -100.00 -100.00 -100.00
  46    50.694 55111.23403440 19.90 206.070352  65.045308 11.889 -100.00 -100.00 -100.00
  46    51.958 55111.23403499 19.11 206.076294  65.044535  9.181 -100.00 -100.00 -100.00
  46    52.069 55111.23403558 19.66 206.082236  65.043761  9.897 -100.00 -100.00 -100.00
  47    49.997 55121.14967778 47.42 206.064420  65.046121   -100 -100.00 -100.00 -100.00
  47    49.895 55121.14967837 47.38 206.070363  65.045349   -100 -100.00 -100.00 -100.00
  47    49.774 55121.14967896 45.90 206.076306  65.044576   -100 -100.00 -100.00 -100.00
  47    49.704 55121.14967955 51.24 206.082249  65.043803 11.610 -100.00 -100.00 -100.00
  48    49.431 55131.06531848 46.19 206.058558  65.045263   -100 -100.00 -100.00 -100.00
  48    49.313 55131.06531907 46.32 206.064501  65.044491   -100 -100.00 -100.00 -100.00
  48    49.262 55131.06531966 50.46 206.070444  65.043718   -100 -100.00 -100.00 -100.00
  48    49.467 55131.06532025 48.00 206.076387  65.042946   -100 -100.00 -100.00 -100.00
  49    50.027 55140.98095753 44.83 206.055726  65.043846   -100 -100.00 -100.00 -100.00
  49    49.927 55140.98095812 43.72 206.061669  65.043073   -100 -100.00 -100.00 -100.00
  49    49.925 55140.98095871 41.17 206.067612  65.042301   -100 -100.00 -100.00 -100.00
  49    49.708 55140.98095930 37.07 206.073555  65.041528 29.737 -100.00 -100.00 -100.00
  50    49.206 55150.89659591 24.50 206.054781  65.044190 14.831 -100.00 -100.00 -100.00
  50    49.152 55150.89659650 25.66 206.060725  65.043418 16.588 -100.00 -100.00 -100.00
  50    49.107 55150.89659710 24.77 206.066668  65.042646 14.271 -100.00 -100.00 -100.00
  50    48.970 55150.89659769 25.27 206.072610  65.041873 14.308 -100.00 -100.00 -100.00
  51    49.031 55160.81223505 22.86 206.062010  65.045486 10.904 -100.00 -100.00 -100.00
  51    49.098 55160.81223564 23.10 206.067953  65.044714 11.706 -100.00 -100.00 -100.00
  51    48.740 55160.81223623 23.91 206.073896  65.043941 14.909 -100.00 -100.00 -100.00
  51    49.221 55160.81223682 23.43 206.079839  65.043169 10.120 -100.00 -100.00 -100.00
  52    49.093 55170.72787339 20.49 206.065256  65.047526  9.464 -100.00 -100.00 -100.00
  52    49.022 55170.72787398 21.27 206.071200  65.046754  9.982 -100.00 -100.00 -100.00
  52    49.059 55170.72787457 21.26 206.077143  65.045981  9.305 -100.00 -100.00 -100.00
  52    49.049 55170.72787516 22.19 206.083086  65.045208 11.539 -100.00 -100.00 -100.00
  53    49.620 55180.64351074 20.96 206.072099  65.047849 10.612 -100.00 -100.00 -100.00
  53    49.374 55180.64351133 21.20 206.078043  65.047077 11.016 -100.00 -100.00 -100.00
  53    49.354 55180.64351192 21.81 206.083986  65.046304 11.089 -100.00 -100.00 -100.00
  53    49.365 55180.64351251 21.84 206.089929  65.045531 11.100 -100.00 -100.00 -100.00
  54    49.686 55190.55915880 19.07 206.069253  65.047366 10.677 -100.00 -100.00 -100.00
  54    49.843 55190.55915939 19.05 206.075196  65.046594 10.168 -100.00 -100.00 -100.00
  54    49.520 55190.55915998 19.39 206.081139  65.045821  9.965 -100.00 -100.00 -100.00
  54    49.473 55190.55916057 19.48 206.087082  65.045048 10.111 -100.00 -100.00 -100.00
  55    49.690 55200.47480910 17.33 206.068355  65.046781  7.419 -100.00 -100.00 -100.00
  55    49.343 55200.47480969 18.39 206.074298  65.046008  8.234 -100.00 -100.00 -100.00
  55    49.301 55200.47481028 18.85 206.080240  65.045235  8.769 -100.00 -100.00 -100.00
  55    49.133 55200.47481087 18.76 206.086183  65.044462  8.500 -100.00 -100.00 -100.00
  56    49.660 55210.39045859 15.54 206.067073  65.047089  7.964 -100.00 -100.00 -100.00
  56    50.257 55210.39045918 15.60 206.073016  65.046316  6.993 -100.00 -100.00 -100.00
  56    49.515 55210.39045977 15.84 206.078959  65.045543  7.852 -100.00 -100.00 -100.00
  56    49.543 55210.39046036 16.32 206.084901  65.044770  7.942 -100.00 -100.00 -100.00
  57    49.661 55220.30610750 15.16 206.065380  65.048052  8.623 -100.00 -100.00 -100.00
  57    50.108 55220.30610809 14.78 206.071323  65.047279  6.647 -100.00 -100.00 -100.00
  57    50.035 55220.30610868 15.32 206.077266  65.046507  7.069 -100.00 -100.00 -100.00
  57    49.333 55220.30610927 15.26 206.083209  65.045733  6.617 -100.00 -100.00 -100.00
  57    48.389 55220.30610986 17.87 206.089151  65.044960 13.198 -100.00 -100.00 -100.00
  58    49.871 55230.22175559 13.78 206.064865  65.047805  6.157 -100.00 -100.00 -100.00
  58    49.952 55230.22175618 14.59 206.070809  65.047032  8.186 -100.00 -100.00 -100.00
  58    50.456 55230.22175677 14.41 206.076752  65.046259  6.530 -100.00 -100.00 -100.00
  58    49.512 55230.22175736 15.17 206.082694  65.045486  7.529 -100.00 -100.00 -100.00
  58    48.981 55230.22175795 15.76 206.088637  65.044712  9.201 -100.00 -100.00 -100.00
  59    49.397 55240.13740045 13.46 206.063534  65.046766  6.542 -100.00 -100.00 -100.00
  59    49.324 55240.13740104 13.58 206.069478  65.045993  7.094 -100.00 -100.00 -100.00
  59    49.231 55240.13740163 14.17 206.075421  65.045220  7.355 -100.00 -100.00 -100.00
  59    49.315 55240.13740222 15.16 206.081363  65.044447  9.665 -100.00 -100.00 -100.00
  60    49.748 55250.05304167 13.57 206.061124  65.045065  6.175 -100.00 -100.00 -100.00
  60    49.640 55250.05304226 14.16 206.067067  65.044292  7.287 -100.00 -100.00 -100.00
  60    49.637 55250.05304285 13.94 206.073010  65.043519  5.640 -100.00 -100.00 -100.00
  60    49.828 55250.05304344 14.39 206.078952  65.042746  6.066 -100.00 -100.00 -100.00
  61    49.702 55259.96868024 13.45 206.055305  65.044399  6.575 -100.00 -100.00 -100.00
  61    49.626 55259.96868083 13.80 206.061248  65.043627  6.648 -100.00 -100.00 -100.00
  61    49.611 55259.96868142 13.48 206.067191  65.042854  6.494 -100.00 -100.00 -100.00
  61    49.921 55259.96868201 13.53 206.073134  65.042081  5.860 -100.00 -100.00 -100.00
  62    49.720 55269.88431861 12.69 206.055914  65.044451  5.723 -100.00 -100.00 -100.00
  62    49.713 55269.88431920 13.14 206.061857  65.043679  5.911 -100.00 -100.00 -100.00
  62    49.612 55269.88431979 13.12 206.067800  65.042906  5.884 -100.00 -100.00 -100.00
  62    49.542 55269.88432038 13.45 206.073742  65.042133  5.559 -100.00 -100.00 -100.00
  63    50.016 55279.79995725 12.02 206.060732  65.045083  6.034 -100.00 -100.00 -100.00
  63    50.204 55279.79995784 12.67 206.066675  65.044311  6.857 -100.00 -100.00 -100.00
  63    50.499 55279.79995843 13.12 206.072618  65.043538  6.804 -100.00 -100.00 -100.00
  63    50.453 55279.79995902 12.51 206.078560  65.042765  5.726 -100.00 -100.00 -100.00
  64    49.872 55289.71559403 15.70 206.059449  65.046424 14.641 -100.00 -100.00 -100.00
  64    49.853 55289.71559462 14.00 206.065392  65.045652 11.151 -100.00 -100.00 -100.00
  64    50.362 55289.71559521 12.82 206.071335  65.044879  7.747 -100.00 -100.00 -100.00
  64    50.684 55289.71559580 12.19 206.077277  65.044106  6.732 -100.00 -100.00 -100.00
  64    50.505 55289.71559639 12.56 206.083219  65.043334  6.390 -100.00 -100.00 -100.00
  65    49.814 55299.63122920 10.48 206.065436  65.046034  7.709 -100.00 -100.00 -100.00
  65    50.319 55299.63122979 10.52 206.071379  65.045262  8.392 -100.00 -100.00 -100.00
  65    50.451 55299.63123038  9.33 206.077321  65.044490  5.748 -100.00 -100.00 -100.00
  65    51.080 55299.63123097  8.85 206.083263  65.043717  5.307 -100.00 -100.00 -100.00
  66    51.634 55309.54687316 32.66 206.056488  65.045899   -100 -100.00 -100.00 -100.00
  66    49.324 55309.54687375 32.68 206.062430  65.045128 32.606 -100.00 -100.00 -100.00
  66    49.168 55309.54687434 33.62 206.068373  65.044356   -100 -100.00 -100.00 -100.00
  66    50.144 55309.54687493 31.51 206.074315  65.043583 24.105 -100.00 -100.00 -100.00
  66    50.655 55309.54687552 30.49 206.080256  65.042811 21.842 -100.00 -100.00 -100.00
  67    51.318 55319.46251932 37.25 206.058655  65.044336   -100 -100.00 -100.00 -100.00
  67    50.505 55319.46251991 39.05 206.064598  65.043564   -100 -100.00 -100.00 -100.00
  67    50.870 55319.46252050 41.80 206.070539  65.042791   -100 -100.00 -100.00 -100.00
  67    50.653 55319.46252109 42.69 206.076481  65.042019   -100 -100.00 -100.00 -100.00
  68    53.517 55329.37816404 46.39 206.058152  65.044416 25.798 -100.00 -100.00 -100.00
  68    53.201 55329.37816463 50.96 206.064094  65.043644   -100 -100.00 -100.00 -100.00
  68    53.013 55329.37816522 54.04 206.070036  65.042872   -100 -100.00 -100.00 -100.00
  68    53.073 55329.37816581 54.47 206.075977  65.042099   -100 -100.00 -100.00 -100.00
  69    50.494 55339.29380884 50.41 206.062897  65.045318   -100 -100.00 -100.00 -100.00
  69    50.391 55339.29380943 50.91 206.068839  65.044546   -100 -100.00 -100.00 -100.00
  69    50.183 55339.29381002 55.20 206.074781  65.043773  8.401 -100.00 -100.00 -100.00
  69    50.300 55339.29381061 55.39 206.080723  65.043000 14.185 -100.00 -100.00 -100.00
  70    53.206 55349.20945322 30.46 206.066829  65.046543 25.731 -100.00 -100.00 -100.00
  70    53.289 55349.20945381 30.58 206.072772  65.045770 21.536 -100.00 -100.00 -100.00
  70    50.957 55349.20945440 33.18 206.078714  65.044998   -100 -100.00 -100.00 -100.00
  70    52.799 55349.20945499 34.70 206.084656  65.044225   -100 -100.00 -100.00 -100.00
  71    52.606 55359.12509538 35.91 206.067747  65.047385 21.426 -100.00 -100.00 -100.00
  71    52.993 55359.12509597 33.84 206.073690  65.046613 14.383 -100.00 -100.00 -100.00
  71    50.789 55359.12509656 36.65 206.079632  65.045840 25.632 -100.00 -100.00 -100.00
  71    52.897 55359.12509715 34.95 206.085575  65.045067 16.164 -100.00 -100.00 -100.00
  72    52.300 55369.04073518 21.64 206.065761  65.047675 13.886 -100.00 -100.00 -100.00
  72    52.642 55369.04073577 29.31 206.071704  65.046902 26.832 -100.00 -100.00 -100.00
  72    52.426 55369.04073636 23.69 206.077647  65.046129 15.726 -100.00 -100.00 -100.00
  72    52.605 55369.04073695 27.61 206.083589  65.045357 25.611 -100.00 -100.00 -100.00
  73    51.706 55378.95637395 19.21 206.068000  65.047365 17.007 -100.00 -100.00 -100.00
  73    51.788 55378.95637454 21.37 206.073943  65.046592 20.303 -100.00 -100.00 -100.00
  73    51.628 55378.95637513 25.25 206.079886  65.045819 29.679 -100.00 -100.00 -100.00
  73    52.862 55378.95637572 26.06 206.085829  65.045046 20.790 -100.00 -100.00 -100.00
  74    51.819 55388.87201161 22.59 206.066395  65.048077   -100 -100.00 -100.00 -100.00
  74    52.059 55388.87201220 21.02 206.072338  65.047304 26.830 -100.00 -100.00 -100.00
  74    52.130 55388.87201279 24.93 206.078282  65.046532   -100 -100.00 -100.00 -100.00
  74    52.507 55388.87201338 25.76 206.084224  65.045759   -100 -100.00 -100.00 -100.00
  74    52.789 55388.87201397 28.00 206.090166  65.044986   -100 -100.00 -100.00 -100.00
  75    51.974 55398.78764888 46.76 206.070666  65.048137   -100 -100.00 -100.00 -100.00
  75    52.236 55398.78764947 47.38 206.076609  65.047364   -100 -100.00 -100.00 -100.00
  75    52.145 55398.78765006 48.47 206.082552  65.046591   -100 -100.00 -100.00 -100.00
  75    52.050 55398.78765065 51.30 206.088495  65.045818   -100 -100.00 -100.00 -100.00
  76    52.160 55408.70329425 47.97 206.067366  65.048058   -100 -100.00 -100.00 -100.00
  76    52.536 55408.70329484 47.26 206.073309  65.047286   -100 -100.00 -100.00 -100.00
  76    52.637 55408.70329543 49.67 206.079252  65.046514   -100 -100.00 -100.00 -100.00
  76    52.500 55408.70329602 51.32 206.085194  65.045741   -100 -100.00 -100.00 -100.00
  77    51.918 55418.61894486 49.62 206.064156  65.046599   -100 -100.00 -100.00 -100.00
  77    52.211 55418.61894545 47.99 206.070098  65.045827   -100 -100.00 -100.00 -100.00
  77    52.062 55418.61894604 52.32 206.076041  65.045054   -100 -100.00 -100.00 -100.00
  77    51.945 55418.61894663 54.62 206.081983  65.044281   -100 -100.00 -100.00 -100.00
  78    52.785 55428.53459205 48.57 206.061034  65.044982   -100 -100.00 -100.00 -100.00
  78    52.564 55428.53459264 48.19 206.066976  65.044210   -100 -100.00 -100.00 -100.00
  78    52.388 55428.53459323 54.12 206.072918  65.043437   -100 -100.00 -100.00 -100.00
  78    52.372 55428.53459382 53.21 206.078860  65.042665 12.958 -100.00 -100.00 -100.00
  79    52.172 55438.45023619 48.30 206.055086  65.044953   -100 -100.00 -100.00 -100.00
  79    52.148 55438.45023678 48.38 206.061029  65.044181   -100 -100.00 -100.00 -100.00
  79    51.973 55438.45023737 53.16 206.066971  65.043409   -100 -100.00 -100.00 -100.00
  79    51.966 55438.45023796 54.59 206.072912  65.042636   -100 -100.00 -100.00 -100.00
  79    51.877 55438.45023855 51.02 206.078854  65.041864  8.623 -100.00 -100.00 -100.00
  80    51.204 55448.36587974 50.60 206.058332  65.045063   -100 -100.00 -100.00 -100.00
  80    51.044 55448.36588033 50.26 206.064275  65.044291   -100 -100.00 -100.00 -100.00
  80    51.011 55448.36588092 55.31 206.070217  65.043518  8.883 -100.00 -100.00 -100.00
  80    51.252 55448.36588151 54.27 206.076159  65.042746  6.601 -100.00 -100.00 -100.00
  81    51.403 55458.28152274 48.37 206.059340  65.045754   -100 -100.00 -100.00 -100.00
  81    51.287 55458.28152333 48.64 206.065283  65.044981   -100 -100.00 -100.00 -100.00
  81    51.089 55458.28152392 52.19 206.071226  65.044209   -100 -100.00 -100.00 -100.00
  81    51.126 55458.28152451 54.58 206.077168  65.043436   -100 -100.00 -100.00 -100.00
  82    50.764 55468.19716520 42.16 206.062058  65.045754 23.599 -100.00 -100.00 -100.00
  82    50.633 55468.19716579 45.36 206.068001  65.044981   -100 -100.00 -100.00 -100.00
  82    50.076 55468.19716638 45.06 206.073944  65.044209   -100 -100.00 -100.00 -100.00
  82    50.420 55468.19716697 46.73 206.079886  65.043436  1.832 -100.00 -100.00 -100.00
  83    50.100 55478.11280417 44.26 206.061782  65.045330 25.936 -100.00 -100.00 -100.00
  83    49.815 55478.11280476 48.40 206.067725  65.044558   -100 -100.00 -100.00 -100.00
  83    49.763 55478.11280535 53.64 206.073668  65.043785   -100 -100.00 -100.00 -100.00
  83    49.630 55478.11280594 51.24 206.079611  65.043012  9.236 -100.00 -100.00 -100.00
  84    49.544 55488.02843975 45.60 206.058117  65.045281 30.604 -100.00 -100.00 -100.00
  84    49.314 55488.02844034 47.12 206.064061  65.044509   -100 -100.00 -100.00 -100.00
  84    49.338 55488.02844093 48.77 206.070004  65.043737   -100 -100.00 -100.00 -100.00
  84    49.587 55488.02844152 41.93 206.075947  65.042964   -100 -100.00 -100.00 -100.00
  85    49.754 55497.94407368 44.45 206.060586  65.044943   -100 -100.00 -100.00 -100.00
  85    49.311 55497.94407427 48.26 206.066530  65.044171  3.638 -100.00 -100.00 -100.00
  85    49.567 55497.94407486 46.88 206.072473  65.043398   -100 -100.00 -100.00 -100.00
  85    49.527 55497.94407545 40.51 206.078416  65.042626   -100 -100.00 -100.00 -100.00
  86    50.067 55507.85971184 27.71 206.063009  65.045687 20.885 -100.00 -100.00 -100.00
  86    50.430 55507.85971243 27.41 206.068952  65.044915 19.814 -100.00 -100.00 -100.00
  86    50.018 55507.85971302 26.06 206.074896  65.044142 15.710 -100.00 -100.00 -100.00
  86    49.956 55507.85971361 25.73 206.080839  65.043370 17.587 -100.00 -100.00 -100.00
  87    49.751 55517.77536191 26.03 206.060621  65.046894 25.238 -100.00 -100.00 -100.00
  87    49.931 55517.77536250 25.85 206.066564  65.046122 21.520 -100.00 -100.00 -100.00
  87    50.102 55517.77536309 23.51 206.072508  65.045349 15.942 -100.00 -100.00 -100.00
  87    50.019 55517.77536368 23.13 206.078451  65.044576 15.174 -100.00 -100.00 -100.00
  87    49.892 55517.77536427 22.73 206.084394  65.043803 12.074 -100.00 -100.00 -100.00
  88    49.973 55527.69101156 30.44 206.063183  65.047478 28.193 -100.00 -100.00 -100.00
  88    50.286 55527.69101215 28.55 206.069127  65.046706 21.762 -100.00 -100.00 -100.00
  88    50.204 55527.69101274 29.90 206.075070  65.045933 27.134 -100.00 -100.00 -100.00
  88    50.442 55527.69101333 29.33 206.081013  65.045160 20.757 -100.00 -100.00 -100.00
  88    50.294 55527.69101393 28.45 206.086956  65.044387 19.706 -100.00 -100.00 -100.00
  89    49.595 55537.60665924 16.73 206.065047  65.047499  9.010 -100.00 -100.00 -100.00
  89    49.544 55537.60665983 16.90 206.070991  65.046727  8.415 -100.00 -100.00 -100.00
  89    49.236 55537.60666042 17.89 206.076934  65.045954 12.130 -100.00 -100.00 -100.00
  89    49.316 55537.60666101 17.99 206.082876  65.045181  9.719 -100.00 -100.00 -100.00
  90    49.655 55547.52230459 16.33 206.066217  65.047319  8.045 -100.00 -100.00 -100.00
  90    49.499 55547.52230518 16.48 206.072160  65.046547  8.133 -100.00 -100.00 -100.00
  90    49.688 55547.52230577 16.29 206.078103  65.045774  7.248 -100.00 -100.00 -100.00
  90    49.563 55547.52230636 16.40 206.084046  65.045001  7.635 -100.00 -100.00 -100.00
  91    49.686 55557.43794831 14.71 206.069464  65.047071  7.681 -100.00 -100.00 -100.00
  91    49.633 55557.43794890 15.50 206.075407  65.046298  7.929 -100.00 -100.00 -100.00
  91    49.683 55557.43794949 15.19 206.081349  65.045525  7.349 -100.00 -100.00 -100.00
  91    49.450 55557.43795009 16.60 206.087292  65.044752 10.494 -100.00 -100.00 -100.00
  92    49.561 55567.35359083 15.03 206.069782  65.047553  7.026 -100.00 -100.00 -100.00
  92    49.628 55567.35359142 15.55 206.075725  65.046780  8.067 -100.00 -100.00 -100.00
  92    49.550 55567.35359201 15.72 206.081667  65.046007  7.624 -100.00 -100.00 -100.00
  92    49.635 55567.35359260 16.37 206.087610  65.045234  8.860 -100.00 -100.00 -100.00
  93    49.460 55577.26923236 13.16 206.067558  65.047810  5.444 -100.00 -100.00 -100.00
  93    49.429 55577.26923295 13.56 206.073501  65.047038  6.430 -100.00 -100.00 -100.00
  93    49.484 55577.26923354 14.06 206.079444  65.046265  6.389 -100.00 -100.00 -100.00
  93    49.430 55577.26923414 14.65 206.085387  65.045492  8.367 -100.00 -100.00 -100.00
  94    49.448 55587.18487183 11.62 206.064397  65.047011  4.989 -100.00 -100.00 -100.00
  94    49.534 55587.18487242 11.93 206.070341  65.046239  5.342 -100.00 -100.00 -100.00
  94    49.759 55587.18487301 11.68 206.076284  65.045466  4.840 -100.00 -100.00 -100.00
  94    49.526 55587.18487360 12.35 206.082227  65.044693  6.880 -100.00 -100.00 -100.00
  95    49.446 55597.10050814 11.53 206.060363  65.045835  4.948 -100.00 -100.00 -100.00
  95    49.598 55597.10050873 11.93 206.066307  65.045063  6.455 -100.00 -100.00 -100.00
  95    49.575 55597.10050932 11.96 206.072250  65.044291  5.888 -100.00 -100.00 -100.00
  95    49.367 55597.10050991 12.43 206.078193  65.043518  5.955 -100.00 -100.00 -100.00
  96    49.785 55607.01614194 11.09 206.060320  65.044953  4.761 -100.00 -100.00 -100.00
  96    49.725 55607.01614253 11.89 206.066263  65.044181  5.791 -100.00 -100.00 -100.00
  96    49.835 55607.01614312 11.53 206.072206  65.043409  5.018 -100.00 -100.00 -100.00
  96    49.768 55607.01614371 12.46 206.078149  65.042636  6.510 -100.00 -100.00 -100.00
  97    49.577 55616.93177365 10.60 206.060326  65.045448  4.843 -100.00 -100.00 -100.00
  97    49.589 55616.93177424 10.83 206.066270  65.044676  4.661 -100.00 -100.00 -100.00
  97    49.954 55616.93177483 10.93 206.072213  65.043903  5.250 -100.00 -100.00 -100.00
  97    50.334 55616.93177542 10.91 206.078156  65.043131  4.565 -100.00 -100.00 -100.00
  98    49.556 55626.84741758 10.85 206.061493  65.046548  4.849 -100.00 -100.00 -100.00
  98    49.912 55626.84741817 10.51 206.067437  65.045776  4.594 -100.00 -100.00 -100.00
  98    49.586 55626.84741876 11.32 206.073380  65.045004  5.712 -100.00 -100.00 -100.00
  98    49.975 55626.84741935 11.14 206.079323  65.044231  5.332 -100.00 -100.00 -100.00
  99    49.615 55636.76306961  9.71 206.064299  65.046456  4.763 -100.00 -100.00 -100.00
  99    49.919 55636.76307020  9.99 206.070242  65.045683  4.778 -100.00 -100.00 -100.00
  99    49.937 55636.76307079 10.21 206.076185  65.044911  4.613 -100.00 -100.00 -100.00
  99    50.266 55636.76307138 11.28 206.082128  65.044138  5.805 -100.00 -100.00 -100.00
 100    49.643 55646.67871923  9.51 206.062806  65.045947  4.935 -100.00 -100.00 -100.00
 100    49.689 55646.67871982  9.71 206.068749  65.045175  5.009 -100.00 -100.00 -100.00
 100    49.482 55646.67872041 10.88 206.074692  65.044402  6.973 -100.00 -100.00 -100.00
 100    49.751 55646.67872100 10.54 206.080634  65.043630  5.599 -100.00 -100.00 -100.00
 101    49.693 55656.59436585 10.14 206.058855  65.044970  5.554 -100.00 -100.00 -100.00
 101    49.721 55656.59436644 10.64 206.064797  65.044198  6.381 -100.00 -100.00 -100.00
 101    49.860 55656.59436703 10.51 206.070740  65.043426  5.387 -100.00 -100.00 -100.00
 101    50.262 55656.59436762 10.96 206.076681  65.042653  6.216 -100.00 -100.00 -100.00
 102    50.151 55666.51000787  9.33 206.053369  65.044936  5.801 -100.00 -100.00 -100.00
 102    49.982 55666.51000846  9.49 206.059311  65.044164  5.024 -100.00 -100.00 -100.00
 102    50.348 55666.51000905  9.38 206.065254  65.043392  4.941 -100.00 -100.00 -100.00
 102    50.547 55666.51000964  9.87 206.071195  65.042620  5.309 -100.00 -100.00 -100.00
 102    50.631 55666.51001023 10.33 206.077137  65.041847  6.413 -100.00 -100.00 -100.00
 104    50.042 55686.34128558 33.91 206.059104  65.046530   -100 -100.00 -100.00 -100.00
 104    50.004 55686.34128617 32.78 206.065047  65.045758 30.103 -100.00 -100.00 -100.00
 104    52.499 55686.34128676 33.20 206.070989  65.044986 24.789 -100.00 -100.00 -100.00
 104    50.428 55686.34128735 34.19 206.076931  65.044213 30.456 -100.00 -100.00 -100.00
 104    50.460 55686.34128794 33.05 206.082873  65.043441 31.017 -100.00 -100.00 -100.00
 105    52.641 55696.25692288 42.00 206.067867  65.047052   -100 -100.00 -100.00 -100.00
 105    52.062 55696.25692348 44.84 206.073810  65.046279   -100 -100.00 -100.00 -100.00
 105    51.895 55696.25692407 41.77 206.079753  65.045507   -100 -100.00 -100.00 -100.00
 105    51.847 55696.25692466 44.80 206.085695  65.044734   -100 -100.00 -100.00 -100.00
 106    51.722 55706.17255802 45.14 206.067020  65.048041   -100 -100.00 -100.00 -100.00
 106    51.704 55706.17255861 48.62 206.072964  65.047269   -100 -100.00 -100.00 -100.00
 106    52.028 55706.17255920 48.55 206.078907  65.046496   -100 -100.00 -100.00 -100.00
 106    51.764 55706.17255979 47.26 206.084850  65.045724   -100 -100.00 -100.00 -100.00
 107    54.167 55716.08820754 48.48 206.068177  65.047380   -100 -100.00 -100.00 -100.00
 107    54.401 55716.08820813 50.84 206.074121  65.046608   -100 -100.00 -100.00 -100.00
 107    54.287 55716.08820872 49.95 206.080064  65.045835   -100 -100.00 -100.00 -100.00
 107    54.152 55716.08820931 50.64 206.086006  65.045062   -100 -100.00 -100.00 -100.00
 108    53.158 55726.00385625 32.44 206.067791  65.047055 31.727 -100.00 -100.00 -100.00
 108    53.305 55726.00385684 33.12 206.073735  65.046283   -100 -100.00 -100.00 -100.00
 108    52.195 55726.00385743 31.94 206.079678  65.045510   -100 -100.00 -100.00 -100.00
 108    52.143 55726.00385803 31.73 206.085620  65.044737   -100 -100.00 -100.00 -100.00
 109    53.109 55735.91950305 25.31 206.066548  65.047651 20.844 -100.00 -100.00 -100.00
 109    53.367 55735.91950364 27.46 206.072492  65.046878 22.371 -100.00 -100.00 -100.00
 109    52.253 55735.91950423 26.06 206.078435  65.046105 30.492 -100.00 -100.00 -100.00
 109    52.013 55735.91950482 27.87 206.084377  65.045332   -100 -100.00 -100.00 -100.00
 110    52.945 55745.83514918 34.58 206.071301  65.047722   -100 -100.00 -100.00 -100.00
 110    52.860 55745.83514977 31.34 206.077245  65.046949   -100 -100.00 -100.00 -100.00
 110    53.239 55745.83515037 27.34 206.083187  65.046176   -100 -100.00 -100.00 -100.00
 110    52.246 55745.83515096 32.30 206.089130  65.045403  2.114 -100.00 -100.00 -100.00
 111    52.841 55755.75079256 28.69 206.065969  65.048147   -100 -100.00 -100.00 -100.00
 111    53.090 55755.75079315 32.67 206.071912  65.047375   -100 -100.00 -100.00 -100.00
 111    52.412 55755.75079374 28.57 206.077855  65.046602   -100 -100.00 -100.00 -100.00
 111    52.590 55755.75079433 28.96 206.083798  65.045829   -100 -100.00 -100.00 -100.00
 111    52.330 55755.75079493 31.29 206.089740  65.045056   -100 -100.00 -100.00 -100.00
 112    52.969 55765.66643423 45.85 206.066836  65.046366 31.447 -100.00 -100.00 -100.00
 112    52.850 55765.66643482 47.65 206.072779  65.045594   -100 -100.00 -100.00 -100.00
 112    52.764 55765.66643541 47.70 206.078721  65.044821   -100 -100.00 -100.00 -100.00
 112    52.655 55765.66643600 52.53 206.084663  65.044048  2.869 -100.00 -100.00 -100.00
 113    52.416 55775.58207213 36.31 206.058614  65.045260 31.848 -100.00 -100.00 -100.00
 113    52.247 55775.58207272 37.25 206.064557  65.044488   -100 -100.00 -100.00 -100.00
 113    52.332 55775.58207331 41.60 206.070499  65.043716   -100 -100.00 -100.00 -100.00
 113    53.202 55775.58207390 41.46 206.076441  65.042943 18.167 -100.00 -100.00 -100.00
 114    52.491 55785.49770747 49.63 206.055524  65.044578   -100 -100.00 -100.00 -100.00
 114    52.374 55785.49770806 49.31 206.061467  65.043806   -100 -100.00 -100.00 -100.00
 114    51.959 55785.49770865 52.21 206.067409  65.043034  9.243 -100.00 -100.00 -100.00
 114    52.266 55785.49770924 55.80 206.073351  65.042261   -100 -100.00 -100.00 -100.00
 115    51.632 55795.41334138 36.08 206.060560  65.045235 21.030 -100.00 -100.00 -100.00
 115    51.384 55795.41334197 37.62 206.066503  65.044463 28.102 -100.00 -100.00 -100.00
 115    51.763 55795.41334256 37.24 206.072445  65.043691 22.417 -100.00 -100.00 -100.00
 115    51.564 55795.41334315 43.21 206.078387  65.042918   -100 -100.00 -100.00 -100.00
 116    51.991 55805.32898090 48.70 206.065555  65.046596   -100 -100.00 -100.00 -100.00
 116    52.268 55805.32898149 48.64 206.071498  65.045824   -100 -100.00 -100.00 -100.00
 116    52.122 55805.32898208 48.20 206.077440  65.045052   -100 -100.00 -100.00 -100.00
 116    51.615 55805.32898267 51.46 206.083383  65.044279 11.945 -100.00 -100.00 -100.00
 117    51.892 55815.24463040 20.19 206.069003  65.046863 12.795 -100.00 -100.00 -100.00
 117    50.900 55815.24463099 26.68 206.074946  65.046090   -100 -100.00 -100.00 -100.00
 117    51.787 55815.24463158 26.88 206.080889  65.045318 30.894 -100.00 -100.00 -100.00
 117    51.811 55815.24463217 29.47 206.086832  65.044545 31.533 -100.00 -100.00 -100.00
 118    51.054 55825.16027647 45.66 206.062451  65.046520   -100 -100.00 -100.00 -100.00
 118    51.175 55825.16027706 47.83 206.068395  65.045748 31.552 -100.00 -100.00 -100.00
 118    51.072 55825.16027765 45.89 206.074338  65.044975   -100 -100.00 -100.00 -100.00
 118    50.985 55825.16027824 51.84 206.080281  65.044203   -100 -100.00 -100.00 -100.00
 119    50.928 55835.07591846 47.64 206.060147  65.045096   -100 -100.00 -100.00 -100.00
 119    50.756 55835.07591905 43.16 206.066090  65.044324   -100 -100.00 -100.00 -100.00
 119    50.436 55835.07591964 42.33 206.072034  65.043551   -100 -100.00 -100.00 -100.00
 119    50.725 55835.07592023 44.11 206.077976  65.042779   -100 -100.00 -100.00 -100.00
 120    49.877 55844.99155665 35.11 206.056341  65.044814   -100 -100.00 -100.00 -100.00
 120    49.886 55844.99155724 32.90 206.062285  65.044042   -100 -100.00 -100.00 -100.00
 120    49.627 55844.99155783 39.48 206.068228  65.043270  6.388 -100.00 -100.00 -100.00
 120    50.324 55844.99155842 39.57 206.074171  65.042498   -100 -100.00 -100.00 -100.00
 121    50.116 55854.90719256 40.42 206.059356  65.045888 27.197 -100.00 -100.00 -100.00
 121    50.067 55854.90719315 43.51 206.065300  65.045116   -100 -100.00 -100.00 -100.00
 121    49.882 55854.90719374 33.76 206.071244  65.044343 31.458 -100.00 -100.00 -100.00
 121    49.754 55854.90719433 30.24 206.077187  65.043571 21.910 -100.00 -100.00 -100.00
 122    49.122 55864.82283300 39.91 206.068424  65.046993   -100 -100.00 -100.00 -100.00
 122    49.270 55864.82283359 42.29 206.074368  65.046221   -100 -100.00 -100.00 -100.00
 122    49.021 55864.82283418 43.20 206.080312  65.045448   -100 -100.00 -100.00 -100.00
 122    49.193 55864.82283477 45.94 206.086255  65.044675   -100 -100.00 -100.00 -100.00
 123    49.467 55874.73848614 19.09 206.068096  65.048190 12.903 -100.00 -100.00 -100.00
 123    49.645 55874.73848673 18.10 206.074039  65.047417 10.979 -100.00 -100.00 -100.00
 123    49.506 55874.73848732 18.71 206.079983  65.046645 10.758 -100.00 -100.00 -100.00
 123    49.624 55874.73848791 18.55 206.085926  65.045872  9.916 -100.00 -100.00 -100.00
 133    50.340 55973.89492000  7.69 206.056898  65.044821  3.951 -100.00 -100.00 -100.00
 133    50.479 55973.89492059  7.79 206.062842  65.044049  4.280 -100.00 -100.00 -100.00
 133    50.651 55973.89492119  8.06 206.068785  65.043277  3.915 -100.00 -100.00 -100.00
 133    51.432 55973.89492178  8.10 206.074727  65.042504  3.740 -100.00 -100.00 -100.00
 134    50.052 55983.81055647  8.06 206.060908  65.046978  4.241 -100.00 -100.00 -100.00
 134    50.226 55983.81055706  8.57 206.066852  65.046206  4.475 -100.00 -100.00 -100.00
 134    50.735 55983.81055765  8.75 206.072795  65.045434  4.197 -100.00 -100.00 -100.00
 134    50.480 55983.81055824  9.10 206.078738  65.044661  5.093 -100.00 -100.00 -100.00
 134    50.627 55983.81055883  9.59 206.084681  65.043888  4.884 -100.00 -100.00 -100.00
 135    50.823 55993.72619134  8.11 206.069770  65.047490  3.126 -100.00 -100.00 -100.00
 135    50.648 55993.72619193  8.59 206.075713  65.046717  3.303 -100.00 -100.00 -100.00
 135    51.672 55993.72619252  8.98 206.081656  65.045945  3.790 -100.00 -100.00 -100.00
 135    52.078 55993.72619311  8.95 206.087598  65.045172  3.635 -100.00 -100.00 -100.00
 136    50.149 56003.64184142  7.81 206.066168  65.046575  4.155 -100.00 -100.00 -100.00
 136    50.864 56003.64184201  7.79 206.072111  65.045803  3.971 -100.00 -100.00 -100.00
 136    50.760 56003.64184260  8.51 206.078053  65.045030  4.985 -100.00 -100.00 -100.00
 136    52.037 56003.64184319  8.51 206.083995  65.044258  4.322 -100.00 -100.00 -100.00
 137    50.547 56013.55749002  7.20 206.059784  65.044738  2.878 -100.00 -100.00 -100.00
 137    51.078 56013.55749061  7.30 206.065727  65.043966  2.994 -100.00 -100.00 -100.00
 137    51.397 56013.55749120  7.81 206.071669  65.043193  3.281 -100.00 -100.00 -100.00
 137    51.876 56013.55749179  7.96 206.077611  65.042421  3.407 -100.00 -100.00 -100.00
 141    51.983 56053.22005919 41.94 206.068191  65.048682  6.682 -100.00 -100.00 -100.00
 141    52.444 56053.22005979 40.16 206.074134  65.047909   -100 -100.00 -100.00 -100.00
 141    52.380 56053.22006038 38.12 206.080077  65.047137   -100 -100.00 -100.00 -100.00
 141    52.237 56053.22006097 39.83 206.086019  65.046364   -100 -100.00 -100.00 -100.00
 141    52.133 56053.22006156 36.12 206.091961  65.045591   -100 -100.00 -100.00 -100.00
 142    51.391 56063.13569456 44.95 206.069357  65.048817   -100 -100.00 -100.00 -100.00
 142    51.605 56063.13569515 49.49 206.075300  65.048045   -100 -100.00 -100.00 -100.00
 142    51.684 56063.13569574 49.81 206.081243  65.047272   -100 -100.00 -100.00 -100.00
 142    51.678 56063.13569633 49.33 206.087186  65.046499   -100 -100.00 -100.00 -100.00
 142    51.389 56063.13569692 48.97 206.093129  65.045726   -100 -100.00 -100.00 -100.00
 143    51.943 56073.05133591 50.16 206.067638  65.047791   -100 -100.00 -100.00 -100.00
 143    52.074 56073.05133650 50.84 206.073581  65.047018   -100 -100.00 -100.00 -100.00
 143    52.089 56073.05133709 51.67 206.079524  65.046246   -100 -100.00 -100.00 -100.00
 143    51.925 56073.05133768 51.13 206.085467  65.045473   -100 -100.00 -100.00 -100.00
 144    53.613 56082.96698555 49.07 206.062568  65.047334   -100 -100.00 -100.00 -100.00
 144    53.884 56082.96698614 50.68 206.068512  65.046562   -100 -100.00 -100.00 -100.00
 144    53.702 56082.96698673 48.44 206.074455  65.045789   -100 -100.00 -100.00 -100.00
 144    53.733 56082.96698732 48.07 206.080397  65.045017   -100 -100.00 -100.00 -100.00
 144    53.485 56082.96698791 52.61 206.086340  65.044244  5.060 -100.00 -100.00 -100.00
 145    53.088 56092.88263344 34.61 206.065107  65.047194 27.242 -100.00 -100.00 -100.00
 145    52.926 56092.88263403 39.30 206.071050  65.046422   -100 -100.00 -100.00 -100.00
 145    52.897 56092.88263462 40.26 206.076993  65.045649   -100 -100.00 -100.00 -100.00
 145    52.942 56092.88263521 42.63 206.082936  65.044876   -100 -100.00 -100.00 -100.00
 146    52.927 56102.79827935 34.62 206.070475  65.047441   -100 -100.00 -100.00 -100.00
 146    52.663 56102.79827994 29.80 206.076418  65.046668 32.092 -100.00 -100.00 -100.00
 146    52.661 56102.79828053 32.26 206.082361  65.045895   -100 -100.00 -100.00 -100.00
 146    52.775 56102.79828112 34.66 206.088303  65.045122 32.009 -100.00 -100.00 -100.00
 147    52.690 56112.71391019 32.11 206.068422  65.047533   -100 -100.00 -100.00 -100.00
 147    53.182 56112.71391078 28.60 206.074365  65.046760   -100 -100.00 -100.00 -100.00
 147    52.637 56112.71391137 29.37 206.080307  65.045987   -100 -100.00 -100.00 -100.00
 147    52.215 56112.71391196 31.78 206.086249  65.045214   -100 -100.00 -100.00 -100.00
 148    53.192 56122.62954903 49.05 206.066669  65.046392   -100 -100.00 -100.00 -100.00
 148    53.474 56122.62954962 49.02 206.072612  65.045620   -100 -100.00 -100.00 -100.00
 148    53.284 56122.62955021 51.71 206.078554  65.044847   -100 -100.00 -100.00 -100.00
 148    53.182 56122.62955080 54.73 206.084496  65.044075   -100 -100.00 -100.00 -100.00
 149    52.886 56132.54518316 26.79 206.055991  65.045796 23.981 -100.00 -100.00 -100.00
 149    52.549 56132.54518375 28.67 206.061934  65.045024   -100 -100.00 -100.00 -100.00
 149    52.536 56132.54518434 29.52 206.067877  65.044252   -100 -100.00 -100.00 -100.00
 149    52.560 56132.54518493 28.95 206.073819  65.043480   -100 -100.00 -100.00 -100.00
 149    52.265 56132.54518552 31.46 206.079760  65.042708   -100 -100.00 -100.00 -100.00
 150    52.374 56142.46082042 27.60 206.057515  65.044679 27.299 -100.00 -100.00 -100.00
 150    52.121 56142.46082101 27.36 206.063457  65.043907   -100 -100.00 -100.00 -100.00
 150    52.195 56142.46082160 29.50 206.069399  65.043135   -100 -100.00 -100.00 -100.00
 150    52.268 56142.46082220 26.57 206.075341  65.042363 29.691 -100.00 -100.00 -100.00
 151    52.053 56152.37647139 48.89 206.060265  65.044861 28.324 -100.00 -100.00 -100.00
 151    51.731 56152.37647198 49.60 206.066207  65.044089   -100 -100.00 -100.00 -100.00
 151    51.316 56152.37647257 55.01 206.072150  65.043316   -100 -100.00 -100.00 -100.00
 151    51.657 56152.37647316 54.19 206.078091  65.042544  0.012 -100.00 -100.00 -100.00
 152    51.206 56162.29212054 47.69 206.061866  65.046448   -100 -100.00 -100.00 -100.00
 152    51.481 56162.29212113 48.10 206.067809  65.045676   -100 -100.00 -100.00 -100.00
 152    51.289 56162.29212172 50.93 206.073752  65.044903   -100 -100.00 -100.00 -100.00
 152    51.127 56162.29212231 53.70 206.079694  65.044131   -100 -100.00 -100.00 -100.00
 153    51.074 56172.20776814 47.82 206.067012  65.046915   -100 -100.00 -100.00 -100.00
 153    51.361 56172.20776873 47.81 206.072955  65.046143   -100 -100.00 -100.00 -100.00
 153    50.866 56172.20776932 49.13 206.078898  65.045370   -100 -100.00 -100.00 -100.00
 153    50.948 56172.20776991 51.67 206.084840  65.044597   -100 -100.00 -100.00 -100.00
 154    52.167 56182.12341007 17.81 206.061385  65.047013  6.730 -100.00 -100.00 -100.00
 154    52.081 56182.12341066 19.29 206.067328  65.046240  8.609 -100.00 -100.00 -100.00
 154    52.022 56182.12341125 20.78 206.073272  65.045468 11.183 -100.00 -100.00 -100.00
 154    52.220 56182.12341184 23.84 206.079214  65.044695 17.065 -100.00 -100.00 -100.00
 154    51.805 56182.12341243 27.42 206.085157  65.043922 25.158 -100.00 -100.00 -100.00
 155    50.652 56192.03904853 49.98 206.058064  65.045776   -100 -100.00 -100.00 -100.00
 155    50.909 56192.03904912 48.77 206.064008  65.045003   -100 -100.00 -100.00 -100.00
 155    50.663 56192.03904971 50.81 206.069951  65.044231   -100 -100.00 -100.00 -100.00
 155    50.472 56192.03905030 53.52 206.075894  65.043459   -100 -100.00 -100.00 -100.00
 155    50.694 56192.03905089 55.00 206.081836  65.042686 23.452 -100.00 -100.00 -100.00
 156    51.868 56201.95468461 22.69 206.058216  65.044877 14.098 -100.00 -100.00 -100.00
 156    52.053 56201.95468520 21.31 206.064160  65.044105  9.734 -100.00 -100.00 -100.00
 156    52.055 56201.95468579 21.03 206.070103  65.043332  9.029 -100.00 -100.00 -100.00
 156    52.098 56201.95468638 21.03 206.076046  65.042560  7.970 -100.00 -100.00 -100.00
 157    50.634 56211.87031914 50.08 206.063634  65.045718   -100 -100.00 -100.00 -100.00
 157    50.495 56211.87031973 50.18 206.069577  65.044946   -100 -100.00 -100.00 -100.00
 157    50.342 56211.87032032 51.07 206.075521  65.044174   -100 -100.00 -100.00 -100.00
 157    50.643 56211.87032091 54.82 206.081464  65.043401   -100 -100.00 -100.00 -100.00
 158    49.764 56221.78595140 41.62 206.066327  65.048340   -100 -100.00 -100.00 -100.00
 158    49.736 56221.78595199 44.79 206.072271  65.047568   -100 -100.00 -100.00 -100.00
 158    50.036 56221.78595258 45.93 206.078215  65.046795   -100 -100.00 -100.00 -100.00
 158    49.992 56221.78595317 46.97 206.084158  65.046022   -100 -100.00 -100.00 -100.00
 158    49.845 56221.78595376 47.28 206.090101  65.045250   -100 -100.00 -100.00 -100.00
 159    48.893 56231.70160569 35.22 206.071682  65.049214 25.375 -100.00 -100.00 -100.00
 159    49.107 56231.70160628 35.30 206.077626  65.048442 28.361 -100.00 -100.00 -100.00
 159    49.349 56231.70160687 36.12 206.083569  65.047669 27.849 -100.00 -100.00 -100.00
 159    49.386 56231.70160746 35.80 206.089513  65.046896 27.678 -100.00 -100.00 -100.00
 160    49.547 56241.61725844 28.25 206.072238  65.048780 14.327 -100.00 -100.00 -100.00
 160    49.384 56241.61725903 30.62 206.078181  65.048008 22.570 -100.00 -100.00 -100.00
 160    49.900 56241.61725962 29.35 206.084124  65.047235 15.016 -100.00 -100.00 -100.00
 160    49.713 56241.61726021 29.32 206.090067  65.046462 15.506 -100.00 -100.00 -100.00
 161    50.288 56251.53290682 27.39 206.070518  65.047564 15.349 -100.00 -100.00 -100.00
 161    50.571 56251.53290741 26.91 206.076461  65.046791 16.141 -100.00 -100.00 -100.00
 161    50.286 56251.53290800 26.47 206.082404  65.046018 13.678 -100.00 -100.00 -100.00
 161    50.505 56251.53290859 25.68 206.088347  65.045245 11.573 -100.00 -100.00 -100.00
 162    50.235 56261.44854990 29.95 206.063037  65.047342 20.717 -100.00 -100.00 -100.00
 162    50.384 56261.44855049 29.10 206.068980  65.046569 16.535 -100.00 -100.00 -100.00
 162    50.386 56261.44855108 28.90 206.074923  65.045797 17.369 -100.00 -100.00 -100.00
 162    50.391 56261.44855167 28.45 206.080866  65.045024 16.191 -100.00 -100.00 -100.00
 162    50.171 56261.44855226 29.85 206.086808  65.044251 19.980 -100.00 -100.00 -100.00
 163    50.165 56271.36419156 24.29 206.064604  65.047171 11.481 -100.00 -100.00 -100.00
 163    50.139 56271.36419215 24.09 206.070547  65.046398  9.979 -100.00 -100.00 -100.00
 163    50.356 56271.36419274 23.97 206.076490  65.045626 11.042 -100.00 -100.00 -100.00
 163    50.322 56271.36419333 24.05 206.082433  65.044853 11.173 -100.00 -100.00 -100.00
 164    49.659 56281.27983225 18.68 206.065482  65.047621  8.641 -100.00 -100.00 -100.00
 164    49.550 56281.27983284 19.13 206.071425  65.046849  9.370 -100.00 -100.00 -100.00
 164    49.721 56281.27983343 19.08 206.077369  65.046076  9.761 -100.00 -100.00 -100.00
 164    49.511 56281.27983402 19.27 206.083311  65.045303  9.618 -100.00 -100.00 -100.00
 165    49.956 56291.19548434 16.50 206.064189  65.047523  8.022 -100.00 -100.00 -100.00
 165    49.813 56291.19548493 16.77 206.070132  65.046751  8.475 -100.00 -100.00 -100.00
 165    49.715 56291.19548552 16.88 206.076076  65.045978  7.528 -100.00 -100.00 -100.00
 165    49.635 56291.19548612 16.92 206.082019  65.045205  8.009 -100.00 -100.00 -100.00
 165    49.891 56291.19548671 16.27 206.087961  65.044432  6.735 -100.00 -100.00 -100.00
 166    49.774 56301.11113213 15.91 206.063636  65.046058  7.771 -100.00 -100.00 -100.00
 166    49.677 56301.11113272 16.39 206.069580  65.045286  8.383 -100.00 -100.00 -100.00
 166    49.644 56301.11113331 16.25 206.075523  65.044513  7.612 -100.00 -100.00 -100.00
 166    49.886 56301.11113390 16.11 206.081466  65.043740  7.516 -100.00 -100.00 -100.00
 167    49.605 56311.02677546 14.33 206.059744  65.044597  6.503 -100.00 -100.00 -100.00
 167    49.682 56311.02677605 13.84 206.065687  65.043825  5.360 -100.00 -100.00 -100.00
 167    49.798 56311.02677664 13.71 206.071630  65.043052  5.444 -100.00 -100.00 -100.00
 167    50.000 56311.02677723 14.14 206.077573  65.042279  5.486 -100.00 -100.00 -100.00
 168    49.503 56320.94241653 11.50 206.055914  65.044244  5.152 -100.00 -100.00 -100.00
 168    49.402 56320.94241712 11.84 206.061857  65.043472  5.491 -100.00 -100.00 -100.00
 168    49.749 56320.94241771 11.71 206.067800  65.042700  4.700 -100.00 -100.00 -100.00
 168    49.995 56320.94241830 12.17 206.073742  65.041927  5.133 -100.00 -100.00 -100.00
 169    49.614 56330.85805740 12.18 206.057426  65.045088  5.390 -100.00 -100.00 -100.00
 169    49.758 56330.85805800 12.47 206.063369  65.044316  5.095 -100.00 -100.00 -100.00
 169    49.585 56330.85805859 13.07 206.069312  65.043543  5.976 -100.00 -100.00 -100.00
 169    49.757 56330.85805918 12.93 206.075255  65.042771  5.448 -100.00 -100.00 -100.00
 170    49.313 56340.77369775 12.31 206.059516  65.046673  6.355 -100.00 -100.00 -100.00
 170    49.279 56340.77369834 12.46 206.065459  65.045901  6.436 -100.00 -100.00 -100.00
 170    49.471 56340.77369893 12.35 206.071402  65.045128  4.977 -100.00 -100.00 -100.00
 170    50.092 56340.77369952 11.51 206.077345  65.044356  4.187 -100.00 -100.00 -100.00
 170    50.273 56340.77370011 11.95 206.083287  65.043583  4.161 -100.00 -100.00 -100.00
 171    49.485 56350.68933634 11.58 206.066206  65.047108  5.490 -100.00 -100.00 -100.00
 171    49.439 56350.68933693 11.52 206.072149  65.046336  5.281 -100.00 -100.00 -100.00
 171    49.747 56350.68933752 11.71 206.078092  65.045563  4.914 -100.00 -100.00 -100.00
 171    50.068 56350.68933811 11.48 206.084034  65.044791  4.408 -100.00 -100.00 -100.00
 172    49.425 56360.60497455 11.07 206.065719  65.046706  5.181 -100.00 -100.00 -100.00
 172    49.402 56360.60497514 10.61 206.071662  65.045933  4.061 -100.00 -100.00 -100.00
 172    49.674 56360.60497573 11.40 206.077605  65.045161  5.272 -100.00 -100.00 -100.00
 172    49.779 56360.60497632 11.80 206.083547  65.044388  5.523 -100.00 -100.00 -100.00
 173    49.748 56370.52062404  9.71 206.060990  65.045534  3.929 -100.00 -100.00 -100.00
 173    49.575 56370.52062463 10.20 206.066933  65.044762  4.639 -100.00 -100.00 -100.00
 173    49.876 56370.52062522 10.59 206.072875  65.043990  5.344 -100.00 -100.00 -100.00
 173    50.486 56370.52062581 10.57 206.078817  65.043217  4.149 -100.00 -100.00 -100.00
 175    49.793 56390.35191615  9.64 206.062079  65.045938  4.058 -100.00 -100.00 -100.00
 175    49.872 56390.35191674  9.83 206.068021  65.045165  4.131 -100.00 -100.00 -100.00
 175    50.273 56390.35191733 10.23 206.073963  65.044393  3.789 -100.00 -100.00 -100.00
 175    50.644 56390.35191792 10.31 206.079905  65.043620  3.915 -100.00 -100.00 -100.00
 176    49.617 56400.26755964 10.71 206.066673  65.047438  5.246 -100.00 -100.00 -100.00
 176    49.716 56400.26756023 10.37 206.072616  65.046666  4.287 -100.00 -100.00 -100.00
 176    49.623 56400.26756082 10.99 206.078558  65.045893  4.766 -100.00 -100.00 -100.00
 176    50.087 56400.26756141 10.97 206.084501  65.045120  4.595 -100.00 -100.00 -100.00
 177    50.549 56410.18320042 15.35 206.070298  65.048436 15.395 -100.00 -100.00 -100.00
 177    51.035 56410.18320101 14.27 206.076241  65.047664 11.520 -100.00 -100.00 -100.00
 177    51.343 56410.18320160 13.95 206.082184  65.046891 12.340 -100.00 -100.00 -100.00
 177    52.212 56410.18320219 13.17 206.088126  65.046118  8.715 -100.00 -100.00 -100.00
 178    52.223 56420.09883609 24.08 206.069532  65.048751 21.597 -100.00 -100.00 -100.00
 178    50.478 56420.09883668 25.56 206.075476  65.047979 25.430 -100.00 -100.00 -100.00
 178    49.809 56420.09883728 26.17 206.081419  65.047206 29.815 -100.00 -100.00 -100.00
 178    49.614 56420.09883787 29.34 206.087362  65.046433   -100 -100.00 -100.00 -100.00
 179    52.842 56430.01447262 29.88 206.071442  65.047909 21.389 -100.00 -100.00 -100.00
 179    52.644 56430.01447321 28.92 206.077385  65.047137 18.301 -100.00 -100.00 -100.00
 179    52.883 56430.01447380 30.74 206.083328  65.046364 18.549 -100.00 -100.00 -100.00
 179    52.344 56430.01447439 32.86 206.089271  65.045591 28.835 -100.00 -100.00 -100.00
 180    55.592 56439.93012565 48.74 206.068583  65.047133   -100 -100.00 -100.00 -100.00
 180    55.384 56439.93012624 49.24 206.074527  65.046360   -100 -100.00 -100.00 -100.00
 180    55.471 56439.93012683 49.60 206.080469  65.045587   -100 -100.00 -100.00 -100.00
 180    55.340 56439.93012742 50.76 206.086412  65.044814   -100 -100.00 -100.00 -100.00
 181    55.470 56449.84577589 52.50 206.062589  65.047382   -100 -100.00 -100.00 -100.00
 181    55.490 56449.84577648 50.22 206.068533  65.046610   -100 -100.00 -100.00 -100.00
 181    55.568 56449.84577707 49.71 206.074476  65.045837   -100 -100.00 -100.00 -100.00
 181    55.135 56449.84577766 49.78 206.080418  65.045064   -100 -100.00 -100.00 -100.00
 181    55.378 56449.84577825 52.23 206.086360  65.044291   -100 -100.00 -100.00 -100.00
 182    54.248 56459.76142470 50.27 206.064518  65.046922   -100 -100.00 -100.00 -100.00
 182    54.583 56459.76142529 51.17 206.070461  65.046150   -100 -100.00 -100.00 -100.00
 182    54.473 56459.76142588 51.94 206.076403  65.045377   -100 -100.00 -100.00 -100.00
 182    54.208 56459.76142647 54.27 206.082345  65.044604 13.988 -100.00 -100.00 -100.00
 183    52.860 56469.67707000 50.16 206.064107  65.046128   -100 -100.00 -100.00 -100.00
 183    52.714 56469.67707059 50.60 206.070050  65.045355   -100 -100.00 -100.00 -100.00
 183    52.908 56469.67707118 50.55 206.075992  65.044582   -100 -100.00 -100.00 -100.00
 183    52.891 56469.67707177 53.06 206.081934  65.043809   -100 -100.00 -100.00 -100.00
 184    52.258 56479.59271086 48.02 206.057823  65.046079   -100 -100.00 -100.00 -100.00
 184    52.501 56479.59271145 47.23 206.063765  65.045307   -100 -100.00 -100.00 -100.00
 184    52.383 56479.59271204 48.76 206.069708  65.044534   -100 -100.00 -100.00 -100.00
 184    52.364 56479.59271263 51.28 206.075650  65.043762   -100 -100.00 -100.00 -100.00
 184    52.571 56479.59271322 52.34 206.081591  65.042989   -100 -100.00 -100.00 -100.00
 185    53.438 56489.50834865 22.10 206.060905  65.045016 17.847 -100.00 -100.00 -100.00
 185    53.620 56489.50834924 24.86 206.066847  65.044244 24.730 -100.00 -100.00 -100.00
 185    53.909 56489.50834983 22.73 206.072789  65.043472 19.900 -100.00 -100.00 -100.00
 185    51.948 56489.50835042 30.24 206.078731  65.042699   -100 -100.00 -100.00 -100.00
 187    52.069 56509.33961739 32.06 206.064327  65.046000 25.527 -100.00 -100.00 -100.00
 187    52.308 56509.33961798 33.27 206.070269  65.045228 32.317 -100.00 -100.00 -100.00
 187    51.835 56509.33961857 39.81 206.076212  65.044455   -100 -100.00 -100.00 -100.00
 187    52.324 56509.33961916 39.48 206.082154  65.043683   -100 -100.00 -100.00 -100.00
 188    51.327 56519.25525835 29.09 206.064123  65.047054 23.149 -100.00 -100.00 -100.00
 188    52.447 56519.25525894 31.88 206.070066  65.046282   -100 -100.00 -100.00 -100.00
 188    52.707 56519.25525953 30.20 206.076009  65.045509 26.906 -100.00 -100.00 -100.00
 188    51.240 56519.25526012 36.67 206.081952  65.044737   -100 -100.00 -100.00 -100.00
 189    51.379 56529.17091228 49.00 206.065950  65.046741   -100 -100.00 -100.00 -100.00
 189    51.696 56529.17091287 49.10 206.071893  65.045969   -100 -100.00 -100.00 -100.00
 189    51.528 56529.17091346 49.20 206.077836  65.045196   -100 -100.00 -100.00 -100.00
 189    51.338 56529.17091405 49.14 206.083779  65.044423   -100 -100.00 -100.00 -100.00
 190    51.352 56539.08656190 36.90 206.065506  65.046311 29.139 -100.00 -100.00 -100.00
 190    51.193 56539.08656249 38.48 206.071449  65.045538   -100 -100.00 -100.00 -100.00
 190    51.095 56539.08656308 40.21 206.077392  65.044766   -100 -100.00 -100.00 -100.00
 190    51.408 56539.08656367 42.84 206.083335  65.043993   -100 -100.00 -100.00 -100.00
 191    51.701 56549.00220701 18.77 206.061668  65.046069 12.868 -100.00 -100.00 -100.00
 191    51.526 56549.00220760 19.06 206.067612  65.045296 12.819 -100.00 -100.00 -100.00
 191    51.644 56549.00220819 19.10 206.073555  65.044524 12.542 -100.00 -100.00 -100.00
 191    51.274 56549.00220879 26.90 206.079498  65.043751 28.080 -100.00 -100.00 -100.00
 192    51.171 56558.91784999 47.70 206.060987  65.046272   -100 -100.00 -100.00 -100.00
 192    51.186 56558.91785058 46.38 206.066930  65.045500   -100 -100.00 -100.00 -100.00
 192    51.122 56558.91785117 43.62 206.072874  65.044727   -100 -100.00 -100.00 -100.00
 192    51.161 56558.91785176 49.82 206.078817  65.043954   -100 -100.00 -100.00 -100.00
 193    50.509 56568.83349240 47.57 206.064147  65.046950   -100 -100.00 -100.00 -100.00
 193    50.771 56568.83349299 46.35 206.070090  65.046177   -100 -100.00 -100.00 -100.00
 193    50.994 56568.83349358 44.95 206.076034  65.045405   -100 -100.00 -100.00 -100.00
 193    50.585 56568.83349417 44.92 206.081977  65.044631   -100 -100.00 -100.00 -100.00
 194    50.233 56578.74913363 22.70 206.068662  65.048089 11.680 -100.00 -100.00 -100.00
 194    51.213 56578.74913422 23.99 206.074606  65.047316 14.259 -100.00 -100.00 -100.00
 194    51.580 56578.74913481 25.11 206.080549  65.046544 14.582 -100.00 -100.00 -100.00
 194    52.527 56578.74913540 30.82 206.086492  65.045770 32.402 -100.00 -100.00 -100.00
 195    50.043 56588.66477129 49.30 206.074765  65.048382   -100 -100.00 -100.00 -100.00
 195    50.532 56588.66477188 49.24 206.080709  65.047610 29.331 -100.00 -100.00 -100.00
 195    50.370 56588.66477247 51.76 206.086652  65.046837   -100 -100.00 -100.00 -100.00
 195    50.001 56588.66477306 52.10 206.092595  65.046064 11.140 -100.00 -100.00 -100.00
 196    49.500 56598.58041472 43.16 206.073674  65.048212   -100 -100.00 -100.00 -100.00
 196    49.822 56598.58041531 45.91 206.079618  65.047439   -100 -100.00 -100.00 -100.00
 196    49.719 56598.58041590 47.26 206.085561  65.046667   -100 -100.00 -100.00 -100.00
 196    49.680 56598.58041649 46.46 206.091503  65.045894   -100 -100.00 -100.00 -100.00
 197    50.642 56608.49606561 22.02 206.070654  65.047274 13.530 -100.00 -100.00 -100.00
 197    50.557 56608.49606620 22.41 206.076597  65.046501 14.361 -100.00 -100.00 -100.00
 197    50.637 56608.49606679 23.04 206.082540  65.045728 15.065 -100.00 -100.00 -100.00
 197    50.284 56608.49606738 28.68 206.088482  65.044955   -100 -100.00 -100.00 -100.00
 198    50.235 56618.41171155 16.18 206.068081  65.047137  7.298 -100.00 -100.00 -100.00
 198    50.530 56618.41171214 16.99 206.074025  65.046364  8.978 -100.00 -100.00 -100.00
 198    50.636 56618.41171273 16.98 206.079967  65.045591  7.746 -100.00 -100.00 -100.00
 198    50.540 56618.41171332 16.91 206.085910  65.044818  8.148 -100.00 -100.00 -100.00
 199    49.934 56628.32735447 16.43 206.068851  65.047071  8.479 -100.00 -100.00 -100.00
 199    49.947 56628.32735506 16.57 206.074794  65.046298  8.444 -100.00 -100.00 -100.00
 199    50.446 56628.32735565 15.93 206.080737  65.045525  7.415 -100.00 -100.00 -100.00
 199    50.379 56628.32735624 16.53 206.086680  65.044752  8.112 -100.00 -100.00 -100.00
 200    49.955 56638.24299394 18.81 206.064258  65.047549  9.712 -100.00 -100.00 -100.00
 200    50.028 56638.24299453 18.75 206.070201  65.046777  9.060 -100.00 -100.00 -100.00
 200    49.924 56638.24299512 19.22 206.076144  65.046004  9.550 -100.00 -100.00 -100.00
 200    50.074 56638.24299571 19.54 206.082087  65.045231 10.179 -100.00 -100.00 -100.00
 200    50.175 56638.24299630 19.84 206.088030  65.044458 10.353 -100.00 -100.00 -100.00
 201    50.006 56648.15863712 18.65 206.062310  65.046731  7.933 -100.00 -100.00 -100.00
 201    50.038 56648.15863771 18.91 206.068254  65.045958  8.270 -100.00 -100.00 -100.00
 201    50.042 56648.15863830 19.10 206.074197  65.045186  9.500 -100.00 -100.00 -100.00
 201    50.359 56648.15863889 19.45 206.080140  65.044413 11.679 -100.00 -100.00 -100.00
 202    50.186 56658.07428847 16.01 206.058198  65.045519  6.660 -100.00 -100.00 -100.00
 202    50.368 56658.07428906 15.99 206.064142  65.044747  6.366 -100.00 -100.00 -100.00
 202    50.283 56658.07428965 16.22 206.070085  65.043975  6.230 -100.00 -100.00 -100.00
 202    50.793 56658.07429024 16.40 206.076028  65.043202  6.982 -100.00 -100.00 -100.00
 203    50.101 56667.98993581 14.87 206.056507  65.044919  6.076 -100.00 -100.00 -100.00
 203    50.065 56667.98993640 14.86 206.062450  65.044146  6.911 -100.00 -100.00 -100.00
 203    50.270 56667.98993699 15.49 206.068394  65.043374  7.055 -100.00 -100.00 -100.00
 203    50.668 56667.98993759 15.07 206.074337  65.042601  5.813 -100.00 -100.00 -100.00
 205    50.291 56687.82122490 11.61 206.061599  65.046457  4.927 -100.00 -100.00 -100.00
 205    50.498 56687.82122549 12.16 206.067543  65.045684  5.473 -100.00 -100.00 -100.00
 205    50.976 56687.82122608 11.90 206.073486  65.044912  4.866 -100.00 -100.00 -100.00
 205    51.562 56687.82122667 11.89 206.079429  65.044139  4.572 -100.00 -100.00 -100.00
 206    50.435 56697.73686635 11.84 206.061336  65.047125  4.926 -100.00 -100.00 -100.00
 206    50.362 56697.73686694 12.16 206.067279  65.046352  5.614 -100.00 -100.00 -100.00
 206    50.999 56697.73686753 11.64 206.073222  65.045580  3.954 -100.00 -100.00 -100.00
 206    51.290 56697.73686812 11.85 206.079165  65.044807  4.155 -100.00 -100.00 -100.00
 206    51.647 56697.73686871 11.84 206.085108  65.044034  4.667 -100.00 -100.00 -100.00
 207    50.385 56707.65250376 11.73 206.066260  65.046231  5.199 -100.00 -100.00 -100.00
 207    50.936 56707.65250435 11.99 206.072203  65.045459  4.751 -100.00 -100.00 -100.00
 207    51.696 56707.65250494 11.36 206.078145  65.044686  3.796 -100.00 -100.00 -100.00
 207    51.598 56707.65250553 11.81 206.084087  65.043913  4.356 -100.00 -100.00 -100.00
 208    50.359 56717.56814006 10.90 206.063616  65.046013  4.650 -100.00 -100.00 -100.00
 208    50.846 56717.56814065 10.76 206.069559  65.045241  4.495 -100.00 -100.00 -100.00
 208    51.186 56717.56814124 11.05 206.075502  65.044468  3.978 -100.00 -100.00 -100.00
 208    52.199 56717.56814183 10.95 206.081444  65.043696  3.869 -100.00 -100.00 -100.00
 211    50.415 56747.31508736 10.20 206.068449  65.047663  4.448 -100.00 -100.00 -100.00
 211    51.115 56747.31508795 10.10 206.074392  65.046891  4.249 -100.00 -100.00 -100.00
 211    51.763 56747.31508854  9.94 206.080335  65.046118  3.869 -100.00 -100.00 -100.00
 211    52.239 56747.31508913 10.21 206.086277  65.045344  3.802 -100.00 -100.00 -100.00
 212    50.722 56757.23072830  9.27 206.070154  65.048403  4.045 -100.00 -100.00 -100.00
 212    51.103 56757.23072889  9.69 206.076097  65.047630  4.185 -100.00 -100.00 -100.00
 212    51.969 56757.23072948  9.74 206.082040  65.046857  4.707 -100.00 -100.00 -100.00
 212    52.525 56757.23073007  9.60 206.087982  65.046084  3.534 -100.00 -100.00 -100.00
 213    50.176 56767.14636356 33.40 206.073292  65.048041 26.667 -100.00 -100.00 -100.00
 213    50.749 56767.14636415 32.46 206.079235  65.047268 23.458 -100.00 -100.00 -100.00
 213    50.339 56767.14636474 34.05 206.085178  65.046495 28.787 -100.00 -100.00 -100.00
 213    50.010 56767.14636533 35.97 206.091120  65.045722   -100 -100.00 -100.00 -100.00
 214    52.875 56777.06200691 36.54 206.070751  65.047345 30.352 -100.00 -100.00 -100.00
 214    50.403 56777.06200750 34.87 206.076694  65.046572 29.176 -100.00 -100.00 -100.00
 214    50.526 56777.06200809 37.88 206.082637  65.045799   -100 -100.00 -100.00 -100.00
 214    53.092 56777.06200868 35.81 206.088580  65.045026 24.510 -100.00 -100.00 -100.00
 215    52.010 56786.97766280 48.18 206.066449  65.046961   -100 -100.00 -100.00 -100.00
 215    52.610 56786.97766339 48.26 206.072392  65.046188   -100 -100.00 -100.00 -100.00
 215    52.256 56786.97766398 48.54 206.078335  65.045415   -100 -100.00 -100.00 -100.00
 215    52.357 56786.97766457 47.36 206.084277  65.044642   -100 -100.00 -100.00 -100.00
 216    53.121 56796.89331535 32.48 206.064724  65.047007   -100 -100.00 -100.00 -100.00
 216    52.798 56796.89331594 33.89 206.070667  65.046234   -100 -100.00 -100.00 -100.00
 216    52.763 56796.89331653 32.62 206.076610  65.045461   -100 -100.00 -100.00 -100.00
 216    52.633 56796.89331712 29.81 206.082552  65.044688 24.964 -100.00 -100.00 -100.00
 217    51.775 56806.80896307 48.89 206.064697  65.047167   -100 -100.00 -100.00 -100.00
 217    51.896 56806.80896366 50.45 206.070640  65.046395   -100 -100.00 -100.00 -100.00
 217    51.875 56806.80896425 51.47 206.076582  65.045622   -100 -100.00 -100.00 -100.00
 217    51.752 56806.80896485 54.46 206.082524  65.044848   -100 -100.00 -100.00 -100.00
 219    51.902 56826.64024228 24.55 206.060997  65.045842 23.735 -100.00 -100.00 -100.00
 219    52.491 56826.64024287 25.33 206.066939  65.045070 21.656 -100.00 -100.00 -100.00
 219    52.152 56826.64024346 27.02 206.072881  65.044297 29.320 -100.00 -100.00 -100.00
 219    52.219 56826.64024405 31.28 206.078823  65.043524 32.045 -100.00 -100.00 -100.00
 220   101.869 56836.55587646 18.67 206.056306  65.045329  9.679 -100.00 -100.00 -100.00
 220   101.075 56836.55587705 24.95 206.062248  65.044557 13.748 -100.00 -100.00 -100.00
 220   100.167 56836.55587764 24.65 206.068190  65.043784   -100 -100.00 -100.00 -100.00
 220   100.621 56836.55587823 33.03 206.074132  65.043012   -100 -100.00 -100.00 -100.00
 220   100.900 56836.55587882 30.36 206.080073  65.042239 32.245 -100.00 -100.00 -100.00
 221    53.282 56846.47150820 49.46 206.059483  65.045481   -100 -100.00 -100.00 -100.00
 221    53.103 56846.47150879 50.60 206.065425  65.044709   -100 -100.00 -100.00 -100.00
 221    52.871 56846.47150938 51.79 206.071367  65.043937   -100 -100.00 -100.00 -100.00
 221    52.983 56846.47150997 55.51 206.077309  65.043164   -100 -100.00 -100.00 -100.00
 222    52.749 56856.38715755 26.22 206.060482  65.046389 23.399 -100.00 -100.00 -100.00
 222    52.864 56856.38715815 25.96 206.066424  65.045617 27.136 -100.00 -100.00 -100.00
 222    52.409 56856.38715874 31.20 206.072367  65.044844   -100 -100.00 -100.00 -100.00
 222    52.652 56856.38715933 31.03 206.078309  65.044072   -100 -100.00 -100.00 -100.00
 222    52.567 56856.38715992 28.39 206.084250  65.043299   -100 -100.00 -100.00 -100.00
 223    52.254 56866.30281147 47.35 206.066726  65.046774   -100 -100.00 -100.00 -100.00
 223    52.543 56866.30281206 48.48 206.072669  65.046001 31.608 -100.00 -100.00 -100.00
 223    52.316 56866.30281265 51.19 206.078611  65.045229   -100 -100.00 -100.00 -100.00
 223    52.195 56866.30281324 55.33 206.084553  65.044456 19.390 -100.00 -100.00 -100.00
 224    51.908 56876.21846329 47.77 206.063290  65.047120   -100 -100.00 -100.00 -100.00
 224    52.429 56876.21846388 47.17 206.069233  65.046348   -100 -100.00 -100.00 -100.00
 224    52.373 56876.21846447 49.45 206.075175  65.045575   -100 -100.00 -100.00 -100.00
 224    51.832 56876.21846506 51.51 206.081118  65.044802   -100 -100.00 -100.00 -100.00
 225    51.878 56886.13411209 41.24 206.060134  65.046559 30.704 -100.00 -100.00 -100.00
 225    52.229 56886.13411268 42.33 206.066077  65.045787 30.640 -100.00 -100.00 -100.00
 225    52.062 56886.13411327 37.92 206.072020  65.045014 31.795 -100.00 -100.00 -100.00
 225    51.577 56886.13411386 40.78 206.077963  65.044241   -100 -100.00 -100.00 -100.00
 225    51.835 56886.13411445 46.45 206.083905  65.043468 13.711 -100.00 -100.00 -100.00
 226    51.837 56896.04975805 32.88 206.056535  65.045849   -100 -100.00 -100.00 -100.00
 226    51.997 56896.04975864 24.07 206.062478  65.045077 15.743 -100.00 -100.00 -100.00
 226    51.355 56896.04975924 28.74 206.068421  65.044304   -100 -100.00 -100.00 -100.00
 226    51.754 56896.04975983 33.01 206.074364  65.043531   -100 -100.00 -100.00 -100.00
 226    51.884 56896.04976042 33.31 206.080306  65.042758   -100 -100.00 -100.00 -100.00
 227    52.134 56905.96540143 25.77 206.057598  65.045954 23.279 -100.00 -100.00 -100.00
 227    52.057 56905.96540202 22.90 206.063542  65.045182 18.250 -100.00 -100.00 -100.00
 227    52.335 56905.96540261 21.13 206.069484  65.044409 12.438 -100.00 -100.00 -100.00
 227    51.958 56905.96540320 24.31 206.075427  65.043636 18.371 -100.00 -100.00 -100.00
 227    52.159 56905.96540379 22.41 206.081370  65.042863 15.082 -100.00 -100.00 -100.00
 228    51.438 56915.88104301 35.76 206.063154  65.046944 26.565 -100.00 -100.00 -100.00
 228    51.383 56915.88104360 36.58 206.069097  65.046172 27.134 -100.00 -100.00 -100.00
 228    51.290 56915.88104419 37.07 206.075040  65.045399 27.446 -100.00 -100.00 -100.00
 228    51.397 56915.88104478 40.99 206.080983  65.044625 32.587 -100.00 -100.00 -100.00
 229    51.076 56925.79668292 41.05 206.070776  65.048138   -100 -100.00 -100.00 -100.00
 229    51.386 56925.79668351 42.30 206.076719  65.047365 28.700 -100.00 -100.00 -100.00
 229    51.161 56925.79668410 44.21 206.082662  65.046592   -100 -100.00 -100.00 -100.00
 229    51.196 56925.79668469 45.11 206.088605  65.045818   -100 -100.00 -100.00 -100.00
 230    50.602 56935.71231911 40.54 206.072445  65.049087   -100 -100.00 -100.00 -100.00
 230    50.906 56935.71231970 45.18 206.078388  65.048314   -100 -100.00 -100.00 -100.00
 230    50.873 56935.71232029 44.31 206.084331  65.047541   -100 -100.00 -100.00 -100.00
 230    50.990 56935.71232088 40.72 206.090274  65.046768   -100 -100.00 -100.00 -100.00
 231    50.181 56945.62795009 48.07 206.073946  65.048580   -100 -100.00 -100.00 -100.00
 231    50.670 56945.62795068 48.28 206.079890  65.047807 32.514 -100.00 -100.00 -100.00
 231    50.515 56945.62795127 50.47 206.085833  65.047035   -100 -100.00 -100.00 -100.00
 231    50.374 56945.62795186 49.62 206.091775  65.046261   -100 -100.00 -100.00 -100.00
 232    49.741 56955.54360122 48.28 206.068027  65.047276  2.146 -100.00 -100.00 -100.00
 232    49.992 56955.54360181 48.58 206.073970  65.046504   -100 -100.00 -100.00 -100.00
 232    49.879 56955.54360240 48.88 206.079913  65.045731   -100 -100.00 -100.00 -100.00
 232    49.949 56955.54360299 51.55 206.085855  65.044958   -100 -100.00 -100.00 -100.00
 233    50.282 56965.45925015 42.83 206.063226  65.046646   -100 -100.00 -100.00 -100.00
 233    50.543 56965.45925074 44.18 206.069169  65.045874   -100 -100.00 -100.00 -100.00
 233    50.256 56965.45925133 44.24 206.075111  65.045101   -100 -100.00 -100.00 -100.00
 233    50.391 56965.45925192 46.96 206.081053  65.044329   -100 -100.00 -100.00 -100.00
 234    50.205 56975.37489506 34.44 206.064215  65.047087 30.210 -100.00 -100.00 -100.00
 234    50.429 56975.37489565 33.30 206.070158  65.046315 27.185 -100.00 -100.00 -100.00
 234    50.499 56975.37489624 34.74 206.076100  65.045542 27.256 -100.00 -100.00 -100.00
 234    50.417 56975.37489683 33.35 206.082043  65.044769 25.815 -100.00 -100.00 -100.00
 235    51.080 56985.29053585 31.80 206.069299  65.047656 21.875 -100.00 -100.00 -100.00
 235    51.049 56985.29053644 31.46 206.075242  65.046884 18.520 -100.00 -100.00 -100.00
 235    51.035 56985.29053703 32.25 206.081185  65.046111 23.551 -100.00 -100.00 -100.00
 235    51.011 56985.29053762 32.23 206.087127  65.045338 22.541 -100.00 -100.00 -100.00
 236    50.139 56995.20617104 23.40 206.071519  65.047499 14.288 -100.00 -100.00 -100.00
 236    50.401 56995.20617164 23.20 206.077463  65.046727 13.722 -100.00 -100.00 -100.00
 236    50.253 56995.20617223 24.34 206.083406  65.045954 16.815 -100.00 -100.00 -100.00
 236    50.478 56995.20617282 22.93 206.089348  65.045181 11.423 -100.00 -100.00 -100.00
 237    50.773 57005.12181181 21.19 206.065457  65.046459 12.989 -100.00 -100.00 -100.00
 237    50.661 57005.12181240 21.14 206.071401  65.045686 12.724 -100.00 -100.00 -100.00
 237    50.706 57005.12181299 21.17 206.077344  65.044914 11.374 -100.00 -100.00 -100.00
 237    50.718 57005.12181358 20.72 206.083287  65.044141 10.959 -100.00 -100.00 -100.00
 238    50.538 57015.03746632 19.68 206.056367  65.045014 12.753 -100.00 -100.00 -100.00
 238    50.549 57015.03746691 19.63 206.062311  65.044242 11.652 -100.00 -100.00 -100.00
 238    50.702 57015.03746750 19.33 206.068254  65.043470  9.974 -100.00 -100.00 -100.00
 238    50.716 57015.03746809 19.29 206.074197  65.042697  9.342 -100.00 -100.00 -100.00
 239    50.726 57024.95311687 16.67 206.053464  65.044831  7.461 -100.00 -100.00 -100.00
 239    50.827 57024.95311746 17.08 206.059407  65.044059  9.128 -100.00 -100.00 -100.00
 239    50.719 57024.95311805 17.57 206.065351  65.043287  7.848 -100.00 -100.00 -100.00
 239    50.780 57024.95311864 17.74 206.071293  65.042514  9.507 -100.00 -100.00 -100.00
 239    50.699 57024.95311923 17.64 206.077236  65.041742  8.017 -100.00 -100.00 -100.00
 240    50.447 57034.86876594 14.54 206.059517  65.045957  7.852 -100.00 -100.00 -100.00
 240    50.458 57034.86876653 14.70 206.065460  65.045185  6.633 -100.00 -100.00 -100.00
 240    50.416 57034.86876712 15.05 206.071403  65.044412  7.340 -100.00 -100.00 -100.00
 240    50.567 57034.86876771 14.73 206.077346  65.043640  6.550 -100.00 -100.00 -100.00
 241    50.025 57044.78441251 14.86 206.065567  65.047257  8.298 -100.00 -100.00 -100.00
 241    50.084 57044.78441310 14.40 206.071510  65.046485  7.017 -100.00 -100.00 -100.00
 241    50.073 57044.78441369 15.04 206.077453  65.045712  8.334 -100.00 -100.00 -100.00
 241    50.418 57044.78441428 14.19 206.083396  65.044939  6.078 -100.00 -100.00 -100.00
