# NaN NaN NaN ;Mean Elev.(m), Avg Gradient(m/km), RMS Gradient(m/km)
   1 204.757880  64.839341    46.481    46.481  2 54662.06333741 13.835
   4 204.767702  64.839848    46.742    46.561  3 54691.81026967 38.982
  10 204.758778  64.836360   100.098   100.097  4 54751.30415009 21.626
  11 204.760962  64.836190    95.831    91.664  4 54761.21979686 23.059
  12 204.759415  64.835770    44.420    44.402  4 54771.13544090 41.145
  13 204.758379  64.835269    44.738    44.767  4 54781.05108185 32.344
  14 204.755644  64.835437    44.594    44.600  3 54790.96672006 30.126
  17 204.763533  64.837885    44.317    44.302  4 54820.71363558 21.055
  18 204.762662  64.837831    53.910    51.118  4 54830.62928779  8.527
  19 204.764141  64.837426    50.218    44.523  4 54840.54492673 10.483
  20 204.760022  64.838370    93.393    93.393  2 54850.46057529  0.599
  21 204.762406  64.838978    44.337    44.299  4 54860.37622400 10.361
  23 204.763291  64.838467    44.903    44.894  4 54880.20752008  9.817
  24 204.764159  64.836216    45.044    45.044  2 54890.12316446  9.430
  25 204.753948  64.835574    45.521    45.551  4 54900.03880467  7.405
  26 204.754916  64.835239    45.215    45.157  4 54909.95444379  8.323
  27 204.757239  64.836258    45.059    44.986  4 54919.87008173  7.903
  28 204.759098  64.837255    45.018    45.018  4 54929.78571927  7.961
  29 204.759697  64.836964    43.924    43.852  3 54939.70135577 12.229
  30 204.757565  64.836193    75.850    67.742  3 54949.61699041 10.977
  31 204.757750  64.835300    72.054    70.298  4 54959.53262891 33.146
  32 204.757314  64.835695    97.906    96.554  4 54969.44827742 26.925
  33 204.759132  64.836794   100.234   100.076  3 54979.36392489 14.161
  35 204.759951  64.837762    51.087    49.900  4 54999.19521938 16.343
  36 204.759877  64.837569    60.206    61.256  4 55009.11086486 15.162
  37 204.760874  64.837510    46.896    46.868  3 55019.02650868 50.744
  38 204.762439  64.838341    93.366    93.322  4 55028.94215119 25.380
  39 204.767368  64.838959    93.155    93.181  4 55038.85779349 20.751
  40 204.767466  64.839772    63.756    62.871  4 55048.77343412  6.348
  41 204.766742  64.838942    60.635    64.779  4 55058.68907273  9.036
  42 204.761036  64.837440    44.606    44.553  4 55068.60471128 20.153
  43 204.754870  64.835834    45.188    45.268  4 55078.52036077 24.508
  44 204.753938  64.835459    46.162    45.859  4 55088.43600837 47.474
  45 204.758914  64.835994    45.086    45.103  4 55098.35165494 53.210
  46 204.761816  64.836988    91.895    91.893  4 55108.26730078 26.397
  47 204.759621  64.836989    91.553    91.024  3 55118.18294526 27.289
  48 204.754588  64.835807    97.282    98.158  4 55128.09858724 17.890
  49 204.751042  64.834689    96.618    92.215  4 55138.01422721 21.036
  50 204.755082  64.834610   101.429   100.482  4 55147.92986621  3.637
  51 204.756912  64.836850    44.686    44.699  4 55157.84550429 25.896
  52 204.764648  64.838029    44.873    44.884  4 55167.76114284 24.043
  53 204.765440  64.838772    45.245    45.277  4 55177.67678020 22.296
  54 204.760929  64.838451    64.574    68.966  4 55187.59242402  6.471
  55 204.761233  64.837561    53.013    45.432  3 55197.50807499  8.922
  56 204.761413  64.838074    45.271    45.311  4 55207.42372474 14.662
  57 204.766141  64.838795    44.852    44.858  4 55217.33937430 14.854
  58 204.764768  64.839275    44.537    44.580  4 55227.25502264 15.688
  59 204.762139  64.838008    44.564    44.526  3 55237.17066825 15.241
  60 204.758286  64.835735    44.423    44.399  4 55247.08631035 15.362
  62 204.753187  64.834678    80.415    80.666  3 55266.91758860  0.603
  63 204.757287  64.836295    44.542    44.527  4 55276.83322714 14.053
  65 204.760730  64.837528    66.466    66.630  3 55296.66449955  5.624
  66 204.758481  64.835796    79.427    79.472  4 55306.58014020  4.296
  67 204.753349  64.834663    98.078    98.213  4 55316.49578661 13.577
  68 204.756610  64.834583   107.013   106.305  4 55326.41143237 22.088
  69 204.756457  64.836827    45.574    45.607  4 55336.32707655 48.345
  70 204.762401  64.838062    47.748    48.652  3 55346.24272090 31.057
  71 204.764478  64.838291    49.570    49.599  3 55356.15836369 22.460
  72 204.764061  64.837880    51.244    49.787  4 55366.07400430 18.664
  73 204.764140  64.837454    45.915    45.881  4 55375.98964348 50.768
  74 204.762807  64.838357    92.136    92.032  4 55385.90528150 29.385
  75 204.765253  64.839212   100.574   101.784  4 55395.82091899 18.705
  76 204.765003  64.839913    92.595    92.359  4 55405.73655964 27.372
  77 204.762640  64.838682    53.141    46.769  4 55415.65221092 13.952
  78 204.758219  64.836498    99.081    99.341  4 55425.56785882 25.424
  79 204.752692  64.835104    46.883    46.934  4 55435.48350388 51.393
  80 204.752342  64.835037    46.452    46.382  4 55445.39914792 50.878
  81 204.755788  64.836126    65.899    72.491  4 55455.31479133  9.560
  82 204.760538  64.837243    91.781    91.581  4 55465.23043413 26.419
  83 204.762416  64.837089    44.391    44.390  4 55475.14607389 36.521
  84 204.756351  64.836434    43.748    43.753  4 55485.06170991 37.427
  85 204.756654  64.834855    93.752    90.417  4 55494.97734449 18.559
  86 204.757713  64.835471    99.493    99.307  4 55504.89297814  5.057
  87 204.763144  64.836562    54.943    54.943  2 55514.80862884 12.190
  88 204.763097  64.838606    98.442    99.172  4 55524.72427837  5.219
  90 204.763464  64.838233    44.196    44.205  3 55544.55557205 15.643
  91 204.762416  64.837644    44.341    44.352  4 55554.47121590 13.750
  94 204.764262  64.838244    86.077    86.077  2 55584.21814188  0.205
  95 204.761692  64.837408    44.349    44.354  4 55594.13377905 13.344
  96 204.760327  64.836093    44.365    44.346  4 55604.04941305 11.916
  99 204.757652  64.837133    62.273    67.215  4 55633.79633536  5.834
 100 204.761290  64.836941    70.729    74.291  4 55643.71198620  4.499
 103 204.750638  64.836084    91.244    91.244  2 55673.45891635  0.327
 104 204.756565  64.835836    51.425    44.530  4 55683.37455555 14.456
 105 204.759780  64.837314    94.601    98.244  4 55693.29019300  6.485
 106 204.764885  64.838626    49.176    50.560  3 55703.20582911 26.763
 107 204.763970  64.839441    49.606    49.681  4 55713.12147329 48.123
 108 204.765044  64.838721    46.604    46.660  3 55723.03712271 26.185
 109 204.763399  64.838435   101.630   102.762  4 55732.95276989 25.175
 110 204.761752  64.838539    53.022    47.667  4 55742.86841582 14.310
 111 204.764426  64.838030    47.005    46.870  4 55752.78406086 28.231
 112 204.761222  64.837803    93.656    93.296  4 55762.69970306 25.419
 113 204.760130  64.836804    46.899    46.934  4 55772.61534270 14.192
 114 204.757253  64.835940   100.863   103.089  3 55782.53097865 24.019
 115 204.756981  64.836095   101.521   102.938  4 55792.44661215 24.742
 116 204.757603  64.837164    92.998    92.488  4 55802.36224604 25.418
 117 204.761481  64.837223    98.616    98.384  3 55812.27789633 25.206
 118 204.760699  64.837260    91.942    97.347  4 55822.19354454  6.163
 119 204.760031  64.836661    45.144    45.340  3 55832.10918801 25.466
 120 204.756792  64.836393    45.039    45.050  4 55842.02482677 51.888
 121 204.759490  64.836175    90.467    90.703  4 55851.94046303 27.004
 122 204.763011  64.837260    93.481    89.556  4 55861.85609720 21.071
 123 204.762118  64.838306    94.822    90.101  4 55871.77175135 14.681
 135 204.762568  64.837703    44.142    43.857  3 55990.75946187 10.511
 136 204.758729  64.837500    44.192    44.176  4 56000.67510667  9.115
 137 204.756903  64.836064    44.589    44.474  3 56010.59075713  8.378
 138 204.755016  64.835709    44.450    44.402  4 56020.50640354  8.930
 139 204.759636  64.835796    43.203    42.976  4 56030.42204750 15.740
 141 204.764371  64.838300    98.567    98.829  4 56050.25332871 17.462
 142 204.766096  64.838837    92.579    92.170  4 56060.16896555 28.553
 143 204.766648  64.838604    84.839    82.734  4 56070.08460180 10.307
 144 204.765811  64.838030    48.144    48.117  4 56080.00025266 23.730
 145 204.763893  64.838345    47.518    47.528  4 56089.91590069 24.527
 146 204.764753  64.838853    58.196    56.948  4 56099.83154652 13.547
 147 204.763288  64.838672    51.682    46.830  4 56109.74717814 12.810
 148 204.760572  64.837388    97.822    97.888  3 56119.66281828 27.397
 149 204.755416  64.836222    99.034    97.864  4 56129.57845451 22.580
 150 204.754278  64.835787    52.329    46.794  4 56139.49408782 12.917
 151 204.756142  64.836392    98.160    98.002  4 56149.40973752 22.998
 152 204.760126  64.837597    92.002    91.913  4 56159.32538680 24.439
 153 204.760512  64.838229    99.348    99.602  4 56169.24103447 18.140
 154 204.760585  64.836983    85.044    84.444  4 56179.15667892  8.560
 155 204.754739  64.836136    93.167    97.332  4 56189.07231854 18.384
 156 204.755073  64.835691    61.592    64.370  4 56198.98795552 13.070
 157 204.759073  64.837065    91.745    96.895  4 56208.90359003 19.070
 158 204.763877  64.839269    90.917    90.619  4 56218.81922286 25.286
 159 204.768682  64.839961    90.206    89.699  3 56228.73486987 23.212
 160 204.766605  64.839426    44.437    44.385  3 56238.65052367 36.039
 161 204.765087  64.838210    44.288    44.279  4 56248.56617368 28.610
 162 204.763918  64.837543    44.805    44.808  4 56258.48181875 23.856
 163 204.763330  64.838302    44.709    44.676  3 56268.39746068 20.364
 164 204.764851  64.838872    44.510    44.532  4 56278.31310110 19.447
 165 204.764705  64.838535    44.153    44.196  4 56288.22875025 20.256
 166 204.758614  64.837213    44.047    44.049  4 56298.14439864 19.707
 167 204.756879  64.834981    43.994    43.944  4 56308.06004358 14.386
 168 204.755180  64.834213    43.778    43.746  4 56317.97568583 15.535
 169 204.756248  64.835631    43.741    43.756  3 56327.89132694 15.738
 170 204.760075  64.837505    43.522    43.397  4 56337.80696730 17.238
 171 204.764334  64.838256    43.639    43.604  4 56347.72260597 15.237
 173 204.759670  64.835694    44.273    44.300  4 56367.55389058 10.974
 176 204.762992  64.838535    44.227    44.220  4 56397.30082797 11.153
 179 204.762966  64.839135    88.756    92.169  4 56427.04773897  0.456
 180 204.761288  64.837899   105.622   103.050  4 56436.96339071 16.164
 181 204.764071  64.837320    50.205    50.185  4 56446.87904261 49.568
 182 204.763417  64.838210    98.063    97.232  3 56456.79469185 24.648
 183 204.765031  64.837768    47.787    47.786  4 56466.71033822 46.154
 184 204.760310  64.836915    47.261    47.275  4 56476.62598005 50.268
 185 204.756619  64.835456    46.900    46.928  4 56486.54161837 51.653
 187 204.760451  64.836041    98.125    93.902  4 56506.37288881  8.893
 188 204.765476  64.838043    92.123    91.696  4 56516.28852337 28.403
 189 204.766086  64.838494    45.973    45.886  4 56526.20417789 51.207
 190 204.761458  64.838023    45.965    45.967  4 56536.11982789 41.544
 192 204.758347  64.835825    98.236    93.935  4 56555.95111830 16.554
 193 204.758754  64.837226    96.946    99.620  4 56565.86676100  3.876
 194 204.760285  64.839593    80.751    72.223  3 56575.78240240  6.980
 195 204.770028  64.840018    97.834    98.981  4 56585.69804152 25.776
 196 204.768775  64.840157    90.504    89.893  3 56595.61367898 27.135
 197 204.766722  64.838454    95.317    92.393  4 56605.52933145 17.388
 198 204.762513  64.837587    44.463    44.435  4 56615.44497879 33.452
 199 204.760640  64.837813    44.111    44.110  4 56625.36062258 27.300
 200 204.762255  64.838111    44.251    44.246  4 56635.27626390 31.196
 201 204.765659  64.837973    44.525    44.475  4 56645.19190253 29.673
 202 204.760907  64.837114    44.592    44.606  4 56655.10755474 22.116
 203 204.757229  64.835745    44.429    44.460  3 56665.02320283 21.371
 205 204.756633  64.835957    43.925    43.920  4 56684.85449311 19.697
 206 204.758654  64.837411    44.552    44.550  4 56694.77013583 14.441
 207 204.763354  64.838050    44.499    44.500  4 56704.68577439 13.546
 208 204.762061  64.838191    44.537    44.547  4 56714.60140702 13.416
 210 204.758516  64.836461    44.792    44.783  4 56734.43270815 13.355
 211 204.759771  64.837609    44.761    44.759  4 56744.34835489 11.948
 212 204.764886  64.838917    44.730    44.698  4 56754.26399768 11.730
 213 204.772664  64.839140    43.416    43.416  2 56764.17963529 25.915
 214 204.767157  64.839694    93.807   104.337  3 56774.09527020  6.202
 215 204.763715  64.838363    97.789    97.802  3 56784.01092714 22.493
 216 204.762296  64.837295   102.918   102.527  4 56793.92658062 13.394
 217 204.762582  64.836816   100.786    99.765  4 56803.84223102 22.674
 218 204.759583  64.837333    90.781    93.773  4 56813.75787357  8.296
 219 204.759665  64.836973    58.190    56.441  3 56823.67351296 14.556
 221 204.758743  64.836474   101.634   103.093  3 56843.50478000 22.657
 222 204.759134  64.836734    59.125    59.153  4 56853.42042207 13.769
 223 204.761719  64.836665    46.381    46.373  4 56863.33607621 21.383
 224 204.760481  64.837236    46.545    46.526  4 56873.25172938 51.751
 225 204.759930  64.837258    59.554    59.392  4 56883.16737950 13.390
 226 204.761731  64.836680    92.487    92.007  4 56893.08302645 23.310
 227 204.757945  64.836908    65.540    71.849  4 56902.99866969 12.280
 228 204.759749  64.837309    61.914    58.881  4 56912.91431152 13.833
 229 204.761288  64.838384    65.820    72.049  4 56922.82995165 10.725
 230 204.767978  64.838910    99.453   100.199  4 56932.74558995 18.677
 231 204.767689  64.839693    98.570    99.200  3 56942.66122233 22.058
 232 204.764291  64.839476    90.616    90.157  4 56952.57686642 26.870
 233 204.763496  64.838241    95.287    90.831  3 56962.49251719 23.797
 234 204.764069  64.837644    44.410    44.164  4 56972.40816312 37.662
 235 204.761349  64.838223    45.555    45.557  4 56982.32380445 35.377
 236 204.762963  64.838092    44.671    44.689  4 56992.23944166 26.970
 237 204.761673  64.837742    44.585    44.537  3 57002.15507533 24.148
 238 204.757347  64.836604    44.403    44.448  4 57012.07073216 23.744
 239 204.757438  64.835780    44.486    44.525  3 57021.98638370 20.549
 240 204.760630  64.836125    44.293    44.319  4 57031.90203269 21.114
 241 204.759697  64.837358    43.976    44.039  4 57041.81767925 20.199
