# NaN NaN NaN ;Mean Elev.(m), Avg Gradient(m/km), RMS Gradient(m/km)
   3 201.537844  64.463392     2.153    -3.512  3 54685.87674952 22.912
   5 201.537700  64.464507     7.470     8.510  3 54705.70803024 25.967
   7 201.535950  64.458811    10.800    10.797  4 54725.53933308 11.308
  17 201.535843  64.462471    30.103    30.097  3 54824.69576155 22.177
  18 201.535913  64.460966    30.397    30.331  4 54834.61140150 18.169
  19 201.533689  64.460512    30.074    29.966  4 54844.52705121 16.231
  20 201.536813  64.460554    30.777    30.322  3 54854.44270047  9.235
  21 201.537672  64.461999    29.983    29.837  4 54864.35834920 10.743
  22 201.536318  64.462831    29.835    29.739  3 54874.27399749 11.110
  23 201.535922  64.461920    30.864    30.911  4 54884.18964343 12.325
  24 201.533216  64.459757    29.775    29.920  4 54894.10528586 12.759
  25 201.533107  64.457412    30.372    30.532  4 54904.02092590 12.220
  26 201.532376  64.457280    28.142    28.184  4 54913.93656457 15.384
  27 201.530730  64.459131    28.329    28.133  4 54923.85220243 16.195
  28 201.535637  64.460236    28.439    28.528  3 54933.76784017 16.306
  29 201.534756  64.460993    27.909    27.917  4 54943.68347548 20.407
  35 201.536701  64.461784    33.705    33.757  3 55003.17734343 30.080
  36 201.535540  64.461472    33.513    33.520  3 55013.09298777 46.394
  38 201.537398  64.460939    33.103    33.100  4 55032.92427338 25.661
  42 201.534866  64.460579    31.487    31.470  3 55072.58683709 45.295
  43 201.532685  64.458458    31.207    31.232  4 55082.50248544 42.730
  46 201.534556  64.459740    31.156    31.483  3 55112.24942473 20.259
  51 201.533858  64.459456    30.145    29.700  3 55161.82762523 23.160
  52 201.537533  64.461190    30.290    30.252  4 55171.74326367 22.493
  53 201.536816  64.462735    29.819    29.888  3 55181.65890016 22.344
  54 201.536771  64.462058    30.449    30.088  4 55191.57455000 16.046
  55 201.535708  64.461589    30.141    30.184  4 55201.49020013 14.148
  56 201.536344  64.461474    30.657    30.339  3 55211.40584970 13.139
  57 201.536747  64.461792    30.093    30.065  4 55221.32149873 15.328
  58 201.535883  64.461326    29.385    29.291  3 55231.23714655 16.873
  59 201.534461  64.460272    29.447    29.092  4 55241.15279116 17.621
  60 201.532966  64.458730    28.233    28.320  4 55251.06843229 21.898
  61 201.532134  64.457732    28.977    28.614  4 55260.98407121 19.057
  62 201.530911  64.458322    29.902    29.705  4 55270.89970915 16.470
  63 201.533269  64.459052    28.881    28.856  3 55280.81534737 16.534
  64 201.533750  64.459905    28.902    28.728  4 55290.73098421 16.596
  65 201.534073  64.460132    28.325    28.339  4 55300.64661876 17.526
  66 201.533766  64.458991    28.144    28.131  3 55310.56226513 22.743
  67 201.531734  64.458443    29.905    29.897  4 55320.47791061 32.977
  71 201.536482  64.461400    31.957    31.661  4 55360.14048571 29.403
  72 201.535903  64.461711    31.870    31.908  4 55370.05612548 35.899
  75 201.536457  64.463292    32.074    32.087  3 55399.80303822 20.117
  77 201.534872  64.460190    31.645    31.634  4 55419.63433610 28.072
  80 201.533163  64.459013    32.124    32.211  3 55449.38127094 51.222
  86 201.535287  64.460164    28.305    28.298  4 55508.87510342 45.275
  87 201.534562  64.461051    29.661    29.751  4 55518.79075345 39.960
  88 201.535582  64.461394    29.577    29.613  3 55528.70640277 33.935
  89 201.535730  64.461308    29.209    29.221  3 55538.62205019 22.864
  90 201.537002  64.461045    29.218    29.173  4 55548.53769544 21.145
  91 201.536613  64.461463    29.658    29.443  3 55558.45333871 18.411
  92 201.535604  64.462418    29.993    29.985  3 55568.36898096 17.062
  93 201.539341  64.461847    30.747    30.820  3 55578.28462292 15.625
  94 201.536478  64.460948    30.377    30.340  3 55588.20026200 15.338
  95 201.533064  64.459534    28.713    28.600  4 55598.11589802 19.585
  96 201.534064  64.458393    28.504    28.357  4 55608.03153181 21.641
  97 201.531873  64.459599    28.183    28.190  4 55617.94716327 18.932
  98 201.535499  64.460591    28.435    28.283  3 55627.86280965 20.317
  99 201.535363  64.461078    28.042    28.087  4 55637.77846105 18.942
 100 201.533737  64.460310    27.603    27.547  4 55647.69411036 22.384
 101 201.535247  64.457992    28.064    28.011  4 55657.60975716 21.540
 102 201.532259  64.457488    27.675    27.683  4 55667.52539920 23.247
 104 201.535722  64.460261    29.329    29.263  3 55687.35667635 30.760
 105 201.536850  64.462044    32.164    32.189  3 55697.27231262 36.852
 107 201.537663  64.461540    34.246    34.266  4 55717.10359868 33.175
 110 201.536228  64.462575    33.619    33.551  3 55746.85053956 21.808
 115 201.534527  64.458924    32.492    32.299  4 55796.42873139 41.733
 119 201.532660  64.459312    32.269    32.316  4 55836.09130877 20.099
 122 201.537789  64.461313    29.464    29.300  3 55865.83822484 45.368
 123 201.536755  64.462920    29.404    29.448  3 55875.75387740 20.535
 133 201.530610  64.458572    30.691    30.573  4 55974.91031018 10.956
 134 201.536211  64.460419    31.261    31.191  3 55984.82594689  9.798
 135 201.537206  64.462259    30.955    30.808  3 55994.74158073  9.664
 136 201.536128  64.460982    28.996    29.010  4 56004.65723292 12.859
 137 201.535016  64.458418    28.479    28.459  4 56014.57288151 17.943
 139 201.532924  64.458623    27.985    27.995  3 56034.40416982 23.362
 142 201.538687  64.463369    33.890    33.921  4 56064.15108406 49.397
 143 201.535956  64.462529   169.266   169.266  2 56074.06672709  0.372
 146 201.537635  64.461632    33.406    33.514  3 56103.81366977 26.916
 150 201.533100  64.458643    33.828    33.831  4 56143.47621238 18.983
 153 201.537133  64.460720    32.181    32.019  3 56173.22315908 41.133
 154 201.536846  64.460504    32.455    32.471  3 56183.13880106 48.472
 161 201.536109  64.462443    30.266    30.095  3 56252.54829729 25.213
 162 201.536967  64.461217    30.396    30.406  4 56262.46394076 24.228
 164 201.535653  64.461676    29.853    29.870  4 56282.29522383 15.790
 165 201.534795  64.461210    30.033    29.854  4 56292.21087568 13.926
 166 201.533860  64.459784    29.801    29.842  3 56302.12652314 14.158
 167 201.530843  64.458651    30.932    30.563  4 56312.04216620 14.801
 168 201.533976  64.457724    31.006    31.021  4 56321.95780768 14.762
 169 201.534479  64.458750    29.047    28.997  4 56331.87344825 17.603
 170 201.536057  64.459988    29.186    28.907  4 56341.78908847 17.821
 171 201.535237  64.461113    28.004    27.892  3 56351.70472619 19.654
 172 201.535492  64.460611    28.012    27.885  3 56361.62036619 20.474
 173 201.536113  64.459097    28.170    28.204  4 56371.53601585 21.215
 175 201.535184  64.460052    27.749    27.863  4 56391.36730707 20.476
 176 201.536660  64.461551    28.294    28.371  4 56401.28295002 19.838
 178 201.537955  64.462958    29.119    28.909  3 56421.11422554 21.680
 179 201.537892  64.462637    29.913    29.873  4 56431.02986412 25.356
 182 201.536265  64.460669    35.476    35.503  4 56460.77681574 48.516
 184 201.532962  64.459161    32.798    32.789  4 56480.60810168 37.271
 185 201.535626  64.458458    33.222    33.311  4 56490.52373924 26.428
 188 201.537009  64.461158    31.786    31.763  3 56520.27065027 49.454
 190 201.535201  64.460148    32.765    32.674  3 56540.10195300 22.501
 191 201.539041  64.458991    31.666    31.718  3 56550.01759859 54.822
 197 201.537036  64.461586    28.942    28.867  3 56609.51145645 41.531
 198 201.535295  64.461780    29.693    29.638  3 56619.42710206 37.297
 199 201.538179  64.461633    29.971    30.049  3 56629.34274488 31.442
 200 201.536927  64.461663    29.908    29.879  3 56639.25838411 24.262
 201 201.534651  64.460456    30.008    29.989  3 56649.17402886 20.153
 202 201.531354  64.458813    30.216    30.228  4 56659.08967989 17.026
 203 201.531780  64.458075    30.138    30.153  4 56669.00532729 16.843
 205 201.534244  64.460801    30.190    30.123  4 56688.83661579 15.050
 206 201.535531  64.461139    30.424    30.505  3 56698.75225683 15.124
 207 201.534170  64.460716    30.308    30.187  4 56708.66789306 15.403
 208 201.534289  64.459786    29.465    29.539  3 56718.58353191 17.355
 211 201.538198  64.462100    29.823    29.742  3 56748.33047800 16.060
 212 201.540459  64.462719    30.051    29.974  3 56758.24611834 16.117
 213 201.536623  64.463266    28.959    29.024  3 56768.16175209 33.153
 215 201.537072  64.460568    32.947    32.888  4 56787.99305462 49.105
 222 201.535085  64.459779    33.555    33.614  4 56857.40254987 32.231
 223 201.536300  64.461156    34.460    34.381  3 56867.31820322 44.308
 226 201.538409  64.457998    33.671    33.570  3 56897.06514989 22.835
 230 201.539687  64.463929    31.567    31.567  2 56936.72770841 35.587
 231 201.540780  64.463446    30.938    30.900  3 56946.64333876 48.194
 233 201.535376  64.460242    30.300    30.389  3 56966.47464126 44.260
 234 201.535195  64.460893    29.787    29.800  4 56976.39028572 40.859
 235 201.536324  64.462162    31.765    31.710  3 56986.30592573 43.223
 236 201.537166  64.462459    30.855    30.905  4 56996.22156009 28.151
 237 201.536075  64.460776    30.266    30.202  4 57006.13720392 21.356
 238 201.532954  64.458473    30.272    30.345  4 57016.05285830 18.272
 239 201.531866  64.457853    30.559    30.694  5 57025.96850880 13.509
 240 201.535450  64.459060    31.034    31.006  4 57035.88415760 11.363
 241 201.536174  64.461126    31.266    31.162  4 57045.79980352 11.127
