#   54.813  -3.103  18.604 ;Mean Elev.(m), Avg Gradient(m/km), RMS Gradient(m/km)
   1    61.619 54667.99686434 24.89 207.967153  65.164430  9.456 -100.00 -100.00 -100.00
   1    61.682 54667.99686493 26.05 207.973151  65.163698 11.135 -100.00 -100.00 -100.00
   1    61.606 54667.99686552 29.32 207.979148  65.162965 15.701 -100.00 -100.00 -100.00
   1    61.751 54667.99686611 29.97 207.985145  65.162232 14.802 -100.00 -100.00 -100.00
   1    62.164 54667.99686670 33.36 207.991142  65.161499 24.804 -100.00 -100.00 -100.00
   2    62.917 54677.91250896 19.32 207.970380  65.164778 10.773 -100.00 -100.00 -100.00
   2    61.976 54677.91250955 22.43 207.976378  65.164046 21.150 -100.00 -100.00 -100.00
   2    61.953 54677.91251014 24.52 207.982376  65.163313 23.287 -100.00 -100.00 -100.00
   2    62.211 54677.91251073 24.48 207.988373  65.162579 24.301 -100.00 -100.00 -100.00
   4   105.684 54697.74379377  8.44 207.977037  65.167223  4.449 -100.00 -100.00 -100.00
   4   109.874 54697.74379436  8.55 207.983036  65.166490  4.943 -100.00 -100.00 -100.00
   4   112.046 54697.74379495 14.10 207.989033  65.165757 11.498 -100.00 -100.00 -100.00
   4   116.615 54697.74379554 12.78 207.995031  65.165024  6.472 -100.00 -100.00 -100.00
   4   118.970 54697.74379613 19.49 208.001028  65.164290  8.682 -100.00 -100.00 -100.00
   8   106.279 54737.40638357 13.77 207.962699  65.161813  7.607 -100.00 -100.00 -100.00
   8   106.790 54737.40638416 19.34 207.968696  65.161080  0.403 -100.00 -100.00 -100.00
   8   107.918 54737.40638475 23.71 207.974693  65.160347 13.479 -100.00 -100.00 -100.00
   8   108.651 54737.40638534 22.77 207.980689  65.159614 12.284 -100.00 -100.00 -100.00
   9    60.186 54747.32203092 39.64 207.964021  65.162612   -100 -100.00 -100.00 -100.00
   9    60.033 54747.32203151 38.29 207.970018  65.161879   -100 -100.00 -100.00 -100.00
   9    60.070 54747.32203210 36.85 207.976015  65.161146   -100 -100.00 -100.00 -100.00
   9    60.442 54747.32203269 36.46 207.982012  65.160413   -100 -100.00 -100.00 -100.00
  10    60.235 54757.23767784 43.67 207.965329  65.163826   -100 -100.00 -100.00 -100.00
  10    60.218 54757.23767843 41.85 207.971327  65.163093   -100 -100.00 -100.00 -100.00
  10    60.081 54757.23767902 42.07 207.977324  65.162360   -100 -100.00 -100.00 -100.00
  10    60.179 54757.23767961 40.08 207.983321  65.161627   -100 -100.00 -100.00 -100.00
  10    60.257 54757.23768020 40.28 207.989318  65.160893   -100 -100.00 -100.00 -100.00
  11    59.467 54767.15332285 52.37 207.966508  65.163914   -100 -100.00 -100.00 -100.00
  11    59.541 54767.15332344 53.38 207.972506  65.163181   -100 -100.00 -100.00 -100.00
  11    59.580 54767.15332403 53.08 207.978503  65.162448   -100 -100.00 -100.00 -100.00
  11    59.671 54767.15332463 46.15 207.984501  65.161715 10.801 -100.00 -100.00 -100.00
  11    59.740 54767.15332522 41.71 207.990497  65.160981   -100 -100.00 -100.00 -100.00
  12    61.004 54777.06896424 28.84 207.962612  65.162927 15.675 -100.00 -100.00 -100.00
  12    60.967 54777.06896483 31.88 207.968610  65.162194 23.086 -100.00 -100.00 -100.00
  12    60.849 54777.06896542 35.00 207.974608  65.161461   -100 -100.00 -100.00 -100.00
  12    60.764 54777.06896601 36.15 207.980605  65.160728   -100 -100.00 -100.00 -100.00
  12    61.095 54777.06896660 31.71 207.986602  65.159995 23.543 -100.00 -100.00 -100.00
  13    60.539 54786.98460345 24.71 207.960805  65.161511 11.497 -100.00 -100.00 -100.00
  13    60.782 54786.98460404 25.30 207.966803  65.160778 14.198 -100.00 -100.00 -100.00
  13    60.717 54786.98460463 26.89 207.972801  65.160046 16.790 -100.00 -100.00 -100.00
  13    60.562 54786.98460522 30.19 207.978798  65.159313 27.649 -100.00 -100.00 -100.00
  14    60.749 54796.90024160 20.90 207.959976  65.161498 14.688 -100.00 -100.00 -100.00
  14    70.867 54796.90024219 21.18 207.965974  65.160766 10.243 -100.00 -100.00 -100.00
  14    60.961 54796.90024278 23.98 207.971971  65.160033 15.368 -100.00 -100.00 -100.00
  14    60.811 54796.90024337 22.87 207.977969  65.159300 12.264 -100.00 -100.00 -100.00
  17    72.307 54826.64716625 15.90 207.970405  65.165444 20.233 -100.00 -100.00 -100.00
  17    60.766 54826.64716684 15.66 207.976404  65.164711 11.025 -100.00 -100.00 -100.00
  17    60.931 54826.64716743 17.30 207.982402  65.163978 10.381 -100.00 -100.00 -100.00
  17    60.895 54826.64716802 17.11 207.988399  65.163245  5.971 -100.00 -100.00 -100.00
  17    61.005 54826.64716861 17.09 207.994396  65.162512  5.506 -100.00 -100.00 -100.00
  18    91.668 54836.56280550  8.96 207.969856  65.164635 12.727 -100.00 -100.00 -100.00
  18    89.601 54836.56280609  9.23 207.975854  65.163903 13.980 -100.00 -100.00 -100.00
  18    89.041 54836.56280668  6.92 207.981851  65.163170 10.744 -100.00 -100.00 -100.00
  18    88.409 54836.56280727  7.39 207.987848  65.162436 10.704 -100.00 -100.00 -100.00
  19    60.519 54846.47845490 14.84 207.968026  65.164311 14.756 -100.00 -100.00 -100.00
  19    65.085 54846.47845549 14.32 207.974023  65.163578  7.705 -100.00 -100.00 -100.00
  19    60.789 54846.47845608 15.93 207.980021  65.162845  9.269 -100.00 -100.00 -100.00
  19    60.983 54846.47845667 16.66 207.986017  65.162112  6.842 -100.00 -100.00 -100.00
  19    61.129 54846.47845726 16.11 207.992014  65.161378  4.912 -100.00 -100.00 -100.00
  20    67.120 54856.39410373 15.09 207.967781  65.164596 10.920 -100.00 -100.00 -100.00
  20    60.608 54856.39410432 15.04 207.973779  65.163863  7.527 -100.00 -100.00 -100.00
  20    60.875 54856.39410491 15.95 207.979776  65.163130  6.155 -100.00 -100.00 -100.00
  20    61.112 54856.39410550 15.95 207.985773  65.162397  5.484 -100.00 -100.00 -100.00
  20    60.877 54856.39410609 16.51 207.991769  65.161663  5.234 -100.00 -100.00 -100.00
  21    72.085 54866.30975305 13.70 207.973450  65.165009  9.906 -100.00 -100.00 -100.00
  21    60.853 54866.30975364 14.19 207.979448  65.164275 10.174 -100.00 -100.00 -100.00
  21    61.404 54866.30975424 15.73 207.985445  65.163542  7.880 -100.00 -100.00 -100.00
  21    61.078 54866.30975483 15.39 207.991442  65.162808  5.170 -100.00 -100.00 -100.00
  22   126.225 54876.22540141  1.89 207.974172  65.165206  5.151 -100.00 -100.00 -100.00
  22   127.656 54876.22540201  0.47 207.980170  65.164473  4.166 -100.00 -100.00 -100.00
  23   125.289 54886.14104647  2.78 207.970204  65.164846  5.790 -100.00 -100.00 -100.00
  23   134.370 54886.14104706  1.52 207.976202  65.164113  5.982 -100.00 -100.00 -100.00
  23   140.775 54886.14104765  1.10 207.982200  65.163380  6.577 -100.00 -100.00 -100.00
  24   120.347 54896.05668794  4.35 207.963731  65.163496  8.684 -100.00 -100.00 -100.00
  24   119.373 54896.05668853  5.44 207.969729  65.162763 11.420 -100.00 -100.00 -100.00
  24   119.268 54896.05668912  2.78 207.975726  65.162030  7.928 -100.00 -100.00 -100.00
  25   116.107 54905.97232713  3.38 207.961103  65.161970  4.298 -100.00 -100.00 -100.00
  25   112.042 54905.97232772  4.99 207.967101  65.161237  6.722 -100.00 -100.00 -100.00
  25   116.101 54905.97232831  3.32 207.973098  65.160504  4.892 -100.00 -100.00 -100.00
  25   115.567 54905.97232890  3.72 207.979095  65.159771  6.034 -100.00 -100.00 -100.00
  28   118.013 54935.71924128  4.18 207.968238  65.163257 10.301 -100.00 -100.00 -100.00
  28   117.797 54935.71924187  3.59 207.974236  65.162525  9.302 -100.00 -100.00 -100.00
  28   118.098 54935.71924246  2.40 207.980233  65.161792  7.830 -100.00 -100.00 -100.00
  28   112.211 54935.71924305  5.31 207.986229  65.161058 13.988 -100.00 -100.00 -100.00
  30   106.382 54955.55050936 21.73 207.965970  65.163289 20.281 -100.00 -100.00 -100.00
  30   106.938 54955.55050995 20.77 207.971967  65.162557 12.097 -100.00 -100.00 -100.00
  30   107.473 54955.55051054 24.89 207.977964  65.161825 26.605 -100.00 -100.00 -100.00
  30   107.826 54955.55051113 27.57 207.983960  65.161092   -100 -100.00 -100.00 -100.00
  31   111.828 54965.46615699 31.08 207.965388  65.161862   -100 -100.00 -100.00 -100.00
  31   112.625 54965.46615758 27.74 207.971384  65.161130 16.013 -100.00 -100.00 -100.00
  31   111.997 54965.46615817 23.46 207.977381  65.160397   -100 -100.00 -100.00 -100.00
  31   112.475 54965.46615876 19.92 207.983377  65.159664 28.077 -100.00 -100.00 -100.00
  32    61.391 54975.38180465 49.05 207.962645  65.161933   -100 -100.00 -100.00 -100.00
  32    61.509 54975.38180524 51.25 207.968642  65.161201  5.797 -100.00 -100.00 -100.00
  32    61.612 54975.38180583 52.15 207.974638  65.160468   -100 -100.00 -100.00 -100.00
  32    61.341 54975.38180642 53.32 207.980634  65.159735 20.486 -100.00 -100.00 -100.00
  33   109.494 54985.29745241 17.46 207.964261  65.163015 23.105 -100.00 -100.00 -100.00
  33   109.790 54985.29745300 14.09 207.970258  65.162282 24.949 -100.00 -100.00 -100.00
  33   108.187 54985.29745359 23.82 207.976255  65.161549 25.214 -100.00 -100.00 -100.00
  33   108.861 54985.29745418 22.77 207.982251  65.160816 11.451 -100.00 -100.00 -100.00
  35   109.174 55005.12874658 22.77 207.968967  65.164874 10.710 -100.00 -100.00 -100.00
  35   108.155 55005.12874717 27.35 207.974965  65.164141 32.683 -100.00 -100.00 -100.00
  35   108.400 55005.12874776 18.52 207.980962  65.163408   -100 -100.00 -100.00 -100.00
  35   108.321 55005.12874835 14.90 207.986959  65.162675   -100 -100.00 -100.00 -100.00
  35   109.140 55005.12874894 27.83 207.992956  65.161941 20.739 -100.00 -100.00 -100.00
  36    61.915 55015.04439073 54.14 207.970127  65.164692  5.797 -100.00 -100.00 -100.00
  36    61.778 55015.04439132 55.87 207.976125  65.163959 25.907 -100.00 -100.00 -100.00
  36    61.823 55015.04439191 55.56 207.982122  65.163226 23.564 -100.00 -100.00 -100.00
  36    61.808 55015.04439250 53.24 207.988120  65.162493 24.761 -100.00 -100.00 -100.00
  37    61.079 55024.96003362 46.18 207.972491  65.164217   -100 -100.00 -100.00 -100.00
  37    61.165 55024.96003421 46.90 207.978488  65.163484  0.775 -100.00 -100.00 -100.00
  37    61.242 55024.96003480 48.25 207.984486  65.162751  4.455 -100.00 -100.00 -100.00
  37    61.320 55024.96003539 48.16 207.990483  65.162017   -100 -100.00 -100.00 -100.00
  38    60.950 55034.87567533 28.23 207.968301  65.165370 10.103 -100.00 -100.00 -100.00
  38    61.184 55034.87567592 29.14 207.974299  65.164638 12.304 -100.00 -100.00 -100.00
  38    61.451 55034.87567651 30.39 207.980297  65.163905 12.052 -100.00 -100.00 -100.00
  38    61.517 55034.87567710 31.10 207.986294  65.163171 14.700 -100.00 -100.00 -100.00
  38    61.296 55034.87567769 32.95 207.992291  65.162438 19.033 -100.00 -100.00 -100.00
  39    60.522 55044.79131734 48.36 207.974752  65.165389 12.077 -100.00 -100.00 -100.00
  39    60.560 55044.79131793 50.05 207.980750  65.164656 22.144 -100.00 -100.00 -100.00
  39    60.616 55044.79131852 47.38 207.986747  65.163922  2.695 -100.00 -100.00 -100.00
  39    60.777 55044.79131911 47.63 207.992744  65.163189   -100 -100.00 -100.00 -100.00
  40    60.615 55054.70695687 34.13 207.972757  65.165771 15.827 -100.00 -100.00 -100.00
  40    60.963 55054.70695746 34.58 207.978755  65.165038 15.703 -100.00 -100.00 -100.00
  40    60.902 55054.70695805 35.21 207.984753  65.164305 15.857 -100.00 -100.00 -100.00
  40    60.895 55054.70695864 40.19 207.990750  65.163572 29.614 -100.00 -100.00 -100.00
  40    61.133 55054.70695923 41.44 207.996747  65.162838 32.685 -100.00 -100.00 -100.00
  41   105.337 55064.62259428 21.63 207.971436  65.164662 19.673 -100.00 -100.00 -100.00
  41   105.510 55064.62259487  4.84 207.977433  65.163930 10.667 -100.00 -100.00 -100.00
  41   105.579 55064.62259546  9.26 207.983431  65.163197 21.099 -100.00 -100.00 -100.00
  41   104.165 55064.62259605 19.55 207.989427  65.162464 20.046 -100.00 -100.00 -100.00
  42    60.771 55074.53824094 48.04 207.966282  65.163371   -100 -100.00 -100.00 -100.00
  42    60.781 55074.53824153 49.46 207.972280  65.162638   -100 -100.00 -100.00 -100.00
  42    60.822 55074.53824212 46.71 207.978277  65.161906   -100 -100.00 -100.00 -100.00
  42    60.857 55074.53824271 47.39 207.984273  65.161173   -100 -100.00 -100.00 -100.00
  43   107.059 55084.45388842 12.60 207.960781  65.162681 18.947 -100.00 -100.00 -100.00
  43   107.406 55084.45388901 18.47 207.966778  65.161949 12.963 -100.00 -100.00 -100.00
  43   107.857 55084.45388960 18.61 207.972775  65.161216 11.507 -100.00 -100.00 -100.00
  43   108.665 55084.45389019 22.85 207.978771  65.160484 16.059 -100.00 -100.00 -100.00
  43   108.304 55084.45389078 18.34 207.984767  65.159750 23.173 -100.00 -100.00 -100.00
  44   106.126 55094.36953484  7.69 207.961842  65.162563  5.839 -100.00 -100.00 -100.00
  44   106.307 55094.36953543  8.63 207.967839  65.161831  7.281 -100.00 -100.00 -100.00
  44   106.079 55094.36953602 12.47 207.973836  65.161098 11.374 -100.00 -100.00 -100.00
  44   106.475 55094.36953661 13.35 207.979832  65.160365 12.817 -100.00 -100.00 -100.00
  44   106.956 55094.36953720 10.25 207.985828  65.159632  8.742 -100.00 -100.00 -100.00
  45    60.528 55104.28518120 30.57 207.964198  65.162780   -100 -100.00 -100.00 -100.00
  45    60.643 55104.28518179 32.32 207.970195  65.162047   -100 -100.00 -100.00 -100.00
  45    60.354 55104.28518238 30.95 207.976192  65.161314   -100 -100.00 -100.00 -100.00
  45    60.457 55104.28518297 29.07 207.982189  65.160581 26.557 -100.00 -100.00 -100.00
  47    59.520 55124.11647073 53.50 207.965339  65.162558 12.770 -100.00 -100.00 -100.00
  47    59.587 55124.11647132 49.52 207.971336  65.161825  6.634 -100.00 -100.00 -100.00
  47    59.831 55124.11647191 52.45 207.977334  65.161092   -100 -100.00 -100.00 -100.00
  47    59.578 55124.11647250 45.19 207.983331  65.160359   -100 -100.00 -100.00 -100.00
  48    59.248 55134.03211103 54.44 207.960969  65.162449   -100 -100.00 -100.00 -100.00
  48    59.291 55134.03211162 46.13 207.966967  65.161717  5.225 -100.00 -100.00 -100.00
  48    59.319 55134.03211221 44.95 207.972965  65.160984  4.078 -100.00 -100.00 -100.00
  48    59.346 55134.03211280 43.30 207.978962  65.160251   -100 -100.00 -100.00 -100.00
  48    59.381 55134.03211339 42.96 207.984959  65.159518   -100 -100.00 -100.00 -100.00
  49    60.052 55143.94774960 33.78 207.960512  65.162064 25.742 -100.00 -100.00 -100.00
  49    60.161 55143.94775019 37.70 207.966510  65.161332   -100 -100.00 -100.00 -100.00
  49    59.899 55143.94775078 37.93 207.972507  65.160599   -100 -100.00 -100.00 -100.00
  49    60.015 55143.94775137 38.89 207.978505  65.159866   -100 -100.00 -100.00 -100.00
  49    60.089 55143.94775196 40.52 207.984502  65.159133   -100 -100.00 -100.00 -100.00
  50    71.743 55153.86338795 23.00 207.964321  65.162235  7.323 -100.00 -100.00 -100.00
  50    71.292 55153.86338854 22.93 207.970319  65.161503  6.759 -100.00 -100.00 -100.00
  50    71.151 55153.86338913 23.15 207.976317  65.160770  7.758 -100.00 -100.00 -100.00
  50    71.020 55153.86338972 23.09 207.982314  65.160037  6.826 -100.00 -100.00 -100.00
  51    71.686 55163.77902664 20.93 207.968142  65.163037  6.790 -100.00 -100.00 -100.00
  51    71.325 55163.77902723 21.10 207.974139  65.162304  6.954 -100.00 -100.00 -100.00
  51    60.734 55163.77902782 21.85 207.980137  65.161571  6.881 -100.00 -100.00 -100.00
  51    70.624 55163.77902842 21.56 207.986134  65.160838  5.994 -100.00 -100.00 -100.00
  52    60.105 55173.69466497 20.29 207.970886  65.164244 11.926 -100.00 -100.00 -100.00
  52    60.386 55173.69466556 21.18 207.976884  65.163511  8.349 -100.00 -100.00 -100.00
  52    60.647 55173.69466615 20.65 207.982882  65.162778  6.199 -100.00 -100.00 -100.00
  52    60.492 55173.69466674 21.41 207.988879  65.162045  6.765 -100.00 -100.00 -100.00
  53    60.141 55183.61030281 19.27 207.968073  65.165458 13.615 -100.00 -100.00 -100.00
  53    60.367 55183.61030340 19.69 207.974071  65.164725  9.087 -100.00 -100.00 -100.00
  53    60.493 55183.61030399 20.14 207.980069  65.163993  6.769 -100.00 -100.00 -100.00
  53    60.423 55183.61030458 20.24 207.986066  65.163260  6.458 -100.00 -100.00 -100.00
  53    60.667 55183.61030517 20.63 207.992064  65.162527  6.876 -100.00 -100.00 -100.00
  54    92.610 55193.52595417 10.87 207.969141  65.165179 18.757 -100.00 -100.00 -100.00
  54    72.337 55193.52595476 11.37 207.975139  65.164446 22.415 -100.00 -100.00 -100.00
  54   111.602 55193.52595535  6.15 207.981137  65.163713  8.270 -100.00 -100.00 -100.00
  54    86.970 55193.52595594  8.72 207.987134  65.162980 13.733 -100.00 -100.00 -100.00
  54   110.069 55193.52595653  8.00 207.993131  65.162247 12.662 -100.00 -100.00 -100.00
  55    72.576 55203.44160416 10.55 207.969540  65.165136 12.383 -100.00 -100.00 -100.00
  55    90.290 55203.44160475  7.52 207.975538  65.164403  8.215 -100.00 -100.00 -100.00
  55    88.334 55203.44160534 13.83 207.981535  65.163670 21.152 -100.00 -100.00 -100.00
  55    60.965 55203.44160593 15.83 207.987532  65.162936 23.938 -100.00 -100.00 -100.00
  55    60.700 55203.44160652 16.77 207.993529  65.162203 23.300 -100.00 -100.00 -100.00
  56    91.861 55213.35725362  7.37 207.971858  65.165298  9.968 -100.00 -100.00 -100.00
  56    90.784 55213.35725421  4.78 207.977855  65.164565  6.797 -100.00 -100.00 -100.00
  56    89.255 55213.35725480  5.93 207.983853  65.163831  9.369 -100.00 -100.00 -100.00
  56    88.205 55213.35725539  6.20 207.989850  65.163098 10.164 -100.00 -100.00 -100.00
  57    91.087 55223.27290264  5.81 207.974232  65.165051  8.739 -100.00 -100.00 -100.00
  57    89.371 55223.27290323  6.87 207.980229  65.164318 10.839 -100.00 -100.00 -100.00
  57    87.763 55223.27290382  8.81 207.986227  65.163585 13.564 -100.00 -100.00 -100.00
  57    91.519 55223.27290441  4.92 207.992224  65.162851  6.733 -100.00 -100.00 -100.00
  58    91.295 55233.18854975  7.84 207.971811  65.164192 11.820 -100.00 -100.00 -100.00
  58    99.812 55233.18855034  6.17 207.977809  65.163459  8.736 -100.00 -100.00 -100.00
  58    89.728 55233.18855093  5.16 207.983806  65.162726  7.776 -100.00 -100.00 -100.00
  58    88.730 55233.18855152  5.61 207.989803  65.161992  7.770 -100.00 -100.00 -100.00
  59    97.058 55243.10419348  6.62 207.966976  65.162891  8.119 -100.00 -100.00 -100.00
  59    97.409 55243.10419407  8.26 207.972974  65.162158 10.595 -100.00 -100.00 -100.00
  59   109.903 55243.10419466  6.66 207.978971  65.161425  9.284 -100.00 -100.00 -100.00
  59    98.248 55243.10419525  7.60 207.984968  65.160692  9.337 -100.00 -100.00 -100.00
  60    91.238 55253.01983421  8.17 207.964628  65.161549 10.407 -100.00 -100.00 -100.00
  60    91.646 55253.01983480  4.13 207.970625  65.160817  5.226 -100.00 -100.00 -100.00
  60   102.896 55253.01983540  6.29 207.976623  65.160084  8.491 -100.00 -100.00 -100.00
  60    86.150 55253.01983599  7.77 207.982619  65.159350 10.925 -100.00 -100.00 -100.00
  61    91.489 55262.93547265  8.54 207.960901  65.161716  8.494 -100.00 -100.00 -100.00
  61    91.034 55262.93547324  6.67 207.966899  65.160983  6.099 -100.00 -100.00 -100.00
  61    89.688 55262.93547383  8.28 207.972896  65.160250  9.244 -100.00 -100.00 -100.00
  61    71.782 55262.93547442 10.88 207.978893  65.159517 14.409 -100.00 -100.00 -100.00
  62    92.121 55272.85111081  5.91 207.964712  65.162502  9.265 -100.00 -100.00 -100.00
  62    91.037 55272.85111140  4.90 207.970710  65.161770  7.538 -100.00 -100.00 -100.00
  62    88.872 55272.85111199  5.85 207.976707  65.161037  8.795 -100.00 -100.00 -100.00
  62    71.800 55272.85111258  8.35 207.982704  65.160303 15.790 -100.00 -100.00 -100.00
  63   129.839 55282.76674859  1.14 207.967190  65.163262  5.882 -100.00 -100.00 -100.00
  63   130.106 55282.76674918  2.00 207.973188  65.162529  5.997 -100.00 -100.00 -100.00
  63   101.454 55282.76674977  4.51 207.979185  65.161796 10.836 -100.00 -100.00 -100.00
  63   116.345 55282.76675036  1.84 207.985181  65.161063  7.763 -100.00 -100.00 -100.00
  64   143.890 55292.68238530  3.43 207.970649  65.162787  6.770 -100.00 -100.00 -100.00
  64   145.149 55292.68238589  0.40 207.976646  65.162054  4.371 -100.00 -100.00 -100.00
  64   119.705 55292.68238707  1.33 207.988639  65.160588  5.825 -100.00 -100.00 -100.00
  65    59.602 55302.59802035 25.60 207.963346  65.162777 20.052 -100.00 -100.00 -100.00
  65    59.641 55302.59802094 27.09 207.969344  65.162045 23.642 -100.00 -100.00 -100.00
  65    59.662 55302.59802153 27.26 207.975340  65.161313 23.915 -100.00 -100.00 -100.00
  65    59.784 55302.59802212 27.61 207.981337  65.160580 22.156 -100.00 -100.00 -100.00
  66    99.817 55312.51366789 11.78 207.960643  65.161933 13.380 -100.00 -100.00 -100.00
  66   100.939 55312.51366848 12.21 207.966640  65.161201 16.523 -100.00 -100.00 -100.00
  66   101.698 55312.51366907 16.08 207.972637  65.160469 19.642 -100.00 -100.00 -100.00
  66   103.900 55312.51366966 15.30 207.978633  65.159736 16.457 -100.00 -100.00 -100.00
  67   108.683 55322.42931335 26.32 207.961282  65.162116 13.720 -100.00 -100.00 -100.00
  67   106.523 55322.42931394 23.11 207.967279  65.161384   -100 -100.00 -100.00 -100.00
  67   106.574 55322.42931453 13.80 207.973275  65.160651 29.538 -100.00 -100.00 -100.00
  67   107.625 55322.42931512 30.10 207.979271  65.159918 26.208 -100.00 -100.00 -100.00
  68   107.203 55332.34495791 15.17 207.966328  65.162764   -100 -100.00 -100.00 -100.00
  68   107.741 55332.34495850 13.00 207.972324  65.162032 25.347 -100.00 -100.00 -100.00
  68   108.950 55332.34495909 23.96 207.978321  65.161299 15.646 -100.00 -100.00 -100.00
  68   107.150 55332.34495968 21.02 207.984317  65.160566 12.163 -100.00 -100.00 -100.00
  69    60.709 55342.26060184 52.27 207.965421  65.164147   -100 -100.00 -100.00 -100.00
  69    60.493 55342.26060243 53.72 207.971418  65.163414 27.103 -100.00 -100.00 -100.00
  69    60.530 55342.26060302 47.91 207.977415  65.162681  5.802 -100.00 -100.00 -100.00
  69    60.575 55342.26060361 48.92 207.983411  65.161948 12.451 -100.00 -100.00 -100.00
  69    60.593 55342.26060420 50.48 207.989408  65.161215 22.435 -100.00 -100.00 -100.00
  70    60.747 55352.17624622 54.15 207.971199  65.163844 22.476 -100.00 -100.00 -100.00
  70    60.802 55352.17624681 54.81 207.977196  65.163112 28.430 -100.00 -100.00 -100.00
  70    60.822 55352.17624740 56.19 207.983193  65.162379   -100 -100.00 -100.00 -100.00
  70    60.848 55352.17624799 54.34 207.989190  65.161645 29.680 -100.00 -100.00 -100.00
  71   108.428 55362.09188762 27.81 207.968512  65.164224 22.201 -100.00 -100.00 -100.00
  71   106.524 55362.09188821 21.47 207.974510  65.163491   -100 -100.00 -100.00 -100.00
  71   106.711 55362.09188880 17.20 207.980507  65.162758   -100 -100.00 -100.00 -100.00
  71   107.008 55362.09188939 23.19 207.986504  65.162025   -100 -100.00 -100.00 -100.00
  72    61.070 55372.00752763 36.67 207.972144  65.164078 25.963 -100.00 -100.00 -100.00
  72    60.977 55372.00752822 39.12 207.978142  65.163346   -100 -100.00 -100.00 -100.00
  72    61.536 55372.00752881 42.09 207.984139  65.162613   -100 -100.00 -100.00 -100.00
  72    61.602 55372.00752940 43.45 207.990136  65.161879 29.652 -100.00 -100.00 -100.00
  75    62.626 55401.75443968 49.51 207.973265  65.166482 32.131 -100.00 -100.00 -100.00
  75    62.315 55401.75444027 47.88 207.979263  65.165749   -100 -100.00 -100.00 -100.00
  75    62.823 55401.75444086 43.77 207.985260  65.165016 24.725 -100.00 -100.00 -100.00
  75    62.754 55401.75444145 45.83 207.991258  65.164283 25.557 -100.00 -100.00 -100.00
  75    62.659 55401.75444204 45.49 207.997255  65.163550 26.193 -100.00 -100.00 -100.00
  77    62.286 55421.58573923 37.66 207.966489  65.162783 29.917 -100.00 -100.00 -100.00
  77    62.249 55421.58573982 35.73 207.972486  65.162050 24.712 -100.00 -100.00 -100.00
  77    62.244 55421.58574041 37.34 207.978483  65.161318 27.570 -100.00 -100.00 -100.00
  77    62.220 55421.58574100 39.99 207.984479  65.160585   -100 -100.00 -100.00 -100.00
  78   108.350 55431.50138545 23.92 207.959172  65.161845   -100 -100.00 -100.00 -100.00
  78   108.651 55431.50138604 24.72 207.965169  65.161113 23.398 -100.00 -100.00 -100.00
  78   108.637 55431.50138663 16.00 207.971165  65.160380 28.817 -100.00 -100.00 -100.00
  78   107.132 55431.50138722 19.93 207.977161  65.159648   -100 -100.00 -100.00 -100.00
  78   107.754 55431.50138782 25.16 207.983157  65.158915 18.347 -100.00 -100.00 -100.00
  79   107.385 55441.41703024 20.13 207.961178  65.161944 12.377 -100.00 -100.00 -100.00
  79   107.657 55441.41703083 10.04 207.967175  65.161212 19.394 -100.00 -100.00 -100.00
  79   108.280 55441.41703142 26.32 207.973171  65.160479 25.332 -100.00 -100.00 -100.00
  79   109.700 55441.41703201 21.13 207.979167  65.159746 10.128 -100.00 -100.00 -100.00
  80   107.920 55451.33267351 28.63 207.964272  65.163041   -100 -100.00 -100.00 -100.00
  80   108.447 55451.33267410 17.10 207.970269  65.162308   -100 -100.00 -100.00 -100.00
  80   106.818 55451.33267469 21.95 207.976266  65.161575   -100 -100.00 -100.00 -100.00
  80   108.035 55451.33267528 27.11 207.982262  65.160842 15.087 -100.00 -100.00 -100.00
  81    60.541 55461.24831632 24.50 207.969603  65.163511 11.257 -100.00 -100.00 -100.00
  81    60.577 55461.24831691 24.30 207.975600  65.162778 11.833 -100.00 -100.00 -100.00
  81    60.587 55461.24831750 25.48 207.981597  65.162045 14.442 -100.00 -100.00 -100.00
  81    60.450 55461.24831809 29.74 207.987594  65.161311 26.880 -100.00 -100.00 -100.00
  82    59.902 55471.16395704 27.28 207.966249  65.163274 15.468 -100.00 -100.00 -100.00
  82    59.707 55471.16395763 30.68 207.972247  65.162542 27.094 -100.00 -100.00 -100.00
  82    59.743 55471.16395822 32.08 207.978244  65.161809   -100 -100.00 -100.00 -100.00
  82    59.961 55471.16395881 30.54 207.984241  65.161076 25.059 -100.00 -100.00 -100.00
  83    59.433 55481.07959484 53.49 207.962521  65.162296 31.939 -100.00 -100.00 -100.00
  83    59.463 55481.07959543 48.56 207.968519  65.161564  7.607 -100.00 -100.00 -100.00
  83    59.456 55481.07959602 47.64 207.974517  65.160831 14.367 -100.00 -100.00 -100.00
  83    59.467 55481.07959661 45.49 207.980514  65.160098   -100 -100.00 -100.00 -100.00
  84    58.600 55490.99523058 41.58 207.962553  65.161404   -100 -100.00 -100.00 -100.00
  84    58.633 55490.99523117 40.18 207.968550  65.160671   -100 -100.00 -100.00 -100.00
  84    58.726 55490.99523176 37.92 207.974548  65.159939   -100 -100.00 -100.00 -100.00
  84    59.118 55490.99523235 36.22 207.980545  65.159206 32.146 -100.00 -100.00 -100.00
  85    58.524 55500.91086463 41.32 207.966572  65.161988   -100 -100.00 -100.00 -100.00
  85    58.851 55500.91086522 40.32 207.972570  65.161256   -100 -100.00 -100.00 -100.00
  85    59.027 55500.91086581 39.05 207.978567  65.160523   -100 -100.00 -100.00 -100.00
  85    59.247 55500.91086640 40.67 207.984565  65.159790   -100 -100.00 -100.00 -100.00
  86    59.761 55510.82650745 40.98 207.966137  65.163972   -100 -100.00 -100.00 -100.00
  86    59.770 55510.82650804 45.65 207.972136  65.163239  8.205 -100.00 -100.00 -100.00
  86    59.778 55510.82650863 43.12 207.978134  65.162507   -100 -100.00 -100.00 -100.00
  86    59.799 55510.82650922 42.71 207.984131  65.161774   -100 -100.00 -100.00 -100.00
  86    59.798 55510.82650981 42.64 207.990129  65.161040   -100 -100.00 -100.00 -100.00
  87    59.805 55520.74215723 36.29 207.967177  65.165174   -100 -100.00 -100.00 -100.00
  87    59.952 55520.74215782 37.11 207.973175  65.164441   -100 -100.00 -100.00 -100.00
  87    60.191 55520.74215841 36.41 207.979173  65.163708   -100 -100.00 -100.00 -100.00
  87    60.496 55520.74215900 35.95 207.985171  65.162975   -100 -100.00 -100.00 -100.00
  87    60.394 55520.74215959 34.93 207.991168  65.162242 31.475 -100.00 -100.00 -100.00
  88    59.735 55530.65780637 27.56 207.971853  65.164804 16.410 -100.00 -100.00 -100.00
  88    60.177 55530.65780696 24.95 207.977851  65.164071  8.995 -100.00 -100.00 -100.00
  88    60.451 55530.65780755 24.38 207.983849  65.163338  7.770 -100.00 -100.00 -100.00
  88    60.895 55530.65780814 26.51 207.989846  65.162605 12.196 -100.00 -100.00 -100.00
  89    59.864 55540.57345293 20.15 207.966792  65.164705 10.129 -100.00 -100.00 -100.00
  89    60.168 55540.57345352 20.76 207.972790  65.163972  7.895 -100.00 -100.00 -100.00
  89    60.347 55540.57345412 22.03 207.978787  65.163239 10.450 -100.00 -100.00 -100.00
  89    60.490 55540.57345471 24.77 207.984785  65.162506 13.949 -100.00 -100.00 -100.00
  89    60.227 55540.57345530 26.98 207.990781  65.161773 18.998 -100.00 -100.00 -100.00
  90    59.956 55550.48909801 19.17 207.968950  65.164023 11.031 -100.00 -100.00 -100.00
  90    60.304 55550.48909860 20.12 207.974947  65.163291  7.621 -100.00 -100.00 -100.00
  90    60.436 55550.48909919 20.11 207.980944  65.162558  6.120 -100.00 -100.00 -100.00
  90    60.505 55550.48909978 20.05 207.986941  65.161824  6.113 -100.00 -100.00 -100.00
  91    60.035 55560.40474123 17.92 207.969359  65.164573 10.547 -100.00 -100.00 -100.00
  91    60.141 55560.40474182 18.66 207.975357  65.163840  7.875 -100.00 -100.00 -100.00
  91    60.313 55560.40474241 19.17 207.981354  65.163107  6.983 -100.00 -100.00 -100.00
  91    60.578 55560.40474300 19.08 207.987351  65.162374  6.113 -100.00 -100.00 -100.00
  92    92.038 55570.32038392  7.04 207.973340  65.165368 11.367 -100.00 -100.00 -100.00
  92    90.151 55570.32038451  6.69 207.979338  65.164635 10.842 -100.00 -100.00 -100.00
  92    87.802 55570.32038510  7.83 207.985336  65.163902 12.590 -100.00 -100.00 -100.00
  92   100.609 55570.32038569  4.83 207.991333  65.163169  9.093 -100.00 -100.00 -100.00
  93    60.158 55580.23602504 15.66 207.971484  65.165904 25.074 -100.00 -100.00 -100.00
  93    60.582 55580.23602563 15.92 207.977482  65.165171 15.490 -100.00 -100.00 -100.00
  93    60.431 55580.23602622 15.83 207.983480  65.164438 10.596 -100.00 -100.00 -100.00
  93    60.731 55580.23602681 16.86 207.989478  65.163705  9.031 -100.00 -100.00 -100.00
  93    60.671 55580.23602740 16.85 207.995475  65.162971  6.092 -100.00 -100.00 -100.00
  94    92.028 55590.15166342  7.57 207.969094  65.164566  7.364 -100.00 -100.00 -100.00
  94    90.219 55590.15166401  9.04 207.975092  65.163833 11.042 -100.00 -100.00 -100.00
  94    61.058 55590.15166460 15.17 207.981090  65.163100 15.045 -100.00 -100.00 -100.00
  94    60.993 55590.15166519 15.79 207.987087  65.162367 14.336 -100.00 -100.00 -100.00
  95    60.443 55600.06729823 15.30 207.961627  65.162965 13.601 -100.00 -100.00 -100.00
  95    60.342 55600.06729882 16.01 207.967625  65.162233 10.603 -100.00 -100.00 -100.00
  95    60.512 55600.06729941 16.92 207.973623  65.161501  9.247 -100.00 -100.00 -100.00
  95    60.902 55600.06730000 16.90 207.979621  65.160768  6.551 -100.00 -100.00 -100.00
  95    60.708 55600.06730059 17.15 207.985618  65.160035  6.353 -100.00 -100.00 -100.00
  96    68.216 55609.98293151 14.16 207.962225  65.161488 13.518 -100.00 -100.00 -100.00
  96    60.021 55609.98293210 16.47 207.968223  65.160756 12.308 -100.00 -100.00 -100.00
  96    60.008 55609.98293269 16.62 207.974221  65.160024  9.410 -100.00 -100.00 -100.00
  96    60.881 55609.98293328 16.59 207.980218  65.159291  7.514 -100.00 -100.00 -100.00
  97    68.485 55619.89856324 13.79 207.962265  65.162564 16.948 -100.00 -100.00 -100.00
  97    60.994 55619.89856383 13.53 207.968263  65.161831 16.343 -100.00 -100.00 -100.00
  97    60.937 55619.89856442 14.86 207.974261  65.161099 11.105 -100.00 -100.00 -100.00
  97    61.320 55619.89856501 15.28 207.980259  65.160366 10.786 -100.00 -100.00 -100.00
  97    60.901 55619.89856560 17.00 207.986256  65.159633  8.282 -100.00 -100.00 -100.00
  98    67.506 55629.81421440 12.47 207.969479  65.163663  9.780 -100.00 -100.00 -100.00
  98    64.125 55629.81421499 13.93 207.975477  65.162930  8.194 -100.00 -100.00 -100.00
  98    61.439 55629.81421558 14.98 207.981474  65.162198  7.380 -100.00 -100.00 -100.00
  98    60.919 55629.81421617 15.02 207.987471  65.161465  6.423 -100.00 -100.00 -100.00
  99    97.352 55639.72986546  4.48 207.970407  65.164584  7.722 -100.00 -100.00 -100.00
  99    99.546 55639.72986605  3.31 207.976405  65.163851  5.507 -100.00 -100.00 -100.00
  99    89.347 55639.72986664  4.69 207.982402  65.163118  7.289 -100.00 -100.00 -100.00
  99    88.844 55639.72986723  4.95 207.988399  65.162385  6.973 -100.00 -100.00 -100.00
 100   130.562 55649.64551358  1.06 207.964515  65.164145  5.818 -100.00 -100.00 -100.00
 100   123.885 55649.64551417  1.39 207.970512  65.163412  5.351 -100.00 -100.00 -100.00
 100   122.645 55649.64551476  1.48 207.976510  65.162680  6.643 -100.00 -100.00 -100.00
 100   137.316 55649.64551535  0.65 207.982507  65.161947  5.420 -100.00 -100.00 -100.00
 100   132.564 55649.64551595  1.82 207.988503  65.161214  6.327 -100.00 -100.00 -100.00
 101   120.560 55659.56115889  2.94 207.963018  65.161800  6.084 -100.00 -100.00 -100.00
 101   120.136 55659.56115948  1.91 207.969015  65.161068  4.979 -100.00 -100.00 -100.00
 101   118.729 55659.56116007  2.02 207.975012  65.160335  6.399 -100.00 -100.00 -100.00
 101   129.025 55659.56116066  1.41 207.981008  65.159603  5.804 -100.00 -100.00 -100.00
 102   119.862 55669.47680014  1.16 207.958344  65.161042  4.237 -100.00 -100.00 -100.00
 102   115.991 55669.47680073  4.32 207.964340  65.160310  8.462 -100.00 -100.00 -100.00
 102   117.711 55669.47680132  2.61 207.970337  65.159578  6.510 -100.00 -100.00 -100.00
 102   116.910 55669.47680191  2.65 207.976333  65.158845  6.559 -100.00 -100.00 -100.00
 103   124.080 55679.39243985  9.02 207.961678  65.161870  9.474 -100.00 -100.00 -100.00
 103   124.950 55679.39244044 10.41 207.967675  65.161138 11.143 -100.00 -100.00 -100.00
 103   122.607 55679.39244103 11.92 207.973671  65.160406 11.069 -100.00 -100.00 -100.00
 103   123.244 55679.39244162 10.56 207.979667  65.159673 11.148 -100.00 -100.00 -100.00
 104    60.755 55689.30807777 45.42 207.967715  65.163958   -100 -100.00 -100.00 -100.00
 104    60.866 55689.30807836 44.94 207.973712  65.163225   -100 -100.00 -100.00 -100.00
 104    60.843 55689.30807895 44.64 207.979709  65.162492   -100 -100.00 -100.00 -100.00
 104    61.062 55689.30807954 43.84 207.985706  65.161759   -100 -100.00 -100.00 -100.00
 105   118.001 55699.22371402 30.59 207.971478  65.165706   -100 -100.00 -100.00 -100.00
 105   118.631 55699.22371461 30.45 207.977475  65.164973 30.686 -100.00 -100.00 -100.00
 105   115.279 55699.22371520 29.86 207.983473  65.164240   -100 -100.00 -100.00 -100.00
 105   117.143 55699.22371579 18.74 207.989470  65.163507 16.988 -100.00 -100.00 -100.00
 105   114.789 55699.22371638 24.27 207.995467  65.162774 22.510 -100.00 -100.00 -100.00
 106    63.618 55709.13935179 44.28 207.972123  65.165960 30.053 -100.00 -100.00 -100.00
 106    63.601 55709.13935238 45.56 207.978121  65.165228   -100 -100.00 -100.00 -100.00
 106    63.566 55709.13935297 46.46 207.984119  65.164495   -100 -100.00 -100.00 -100.00
 106    63.636 55709.13935356 47.25 207.990116  65.163762   -100 -100.00 -100.00 -100.00
 106    63.663 55709.13935415 48.07 207.996113  65.163029   -100 -100.00 -100.00 -100.00
 107    62.747 55719.05500223 49.42 207.970158  65.164881   -100 -100.00 -100.00 -100.00
 107    62.846 55719.05500282 49.71 207.976156  65.164148   -100 -100.00 -100.00 -100.00
 107    62.877 55719.05500341 47.45 207.982154  65.163416   -100 -100.00 -100.00 -100.00
 107    62.771 55719.05500400 49.36 207.988151  65.162683   -100 -100.00 -100.00 -100.00
 108   103.263 55728.97065016 10.23 207.967422  65.164493  7.070 -100.00 -100.00 -100.00
 108   105.633 55728.97065075  8.20 207.973420  65.163760  5.809 -100.00 -100.00 -100.00
 108   105.609 55728.97065134 11.04 207.979418  65.163027  9.047 -100.00 -100.00 -100.00
 108   106.140 55728.97065193 16.24 207.985415  65.162294 12.169 -100.00 -100.00 -100.00
 108   106.476 55728.97065252 17.80 207.991412  65.161561 16.784 -100.00 -100.00 -100.00
 109    61.732 55738.88629729 26.60 207.971431  65.164408  9.076 -100.00 -100.00 -100.00
 109    61.725 55738.88629789 28.69 207.977429  65.163676 11.691 -100.00 -100.00 -100.00
 109    61.952 55738.88629848 29.48 207.983426  65.162943 12.977 -100.00 -100.00 -100.00
 109    61.820 55738.88629907 33.50 207.989423  65.162209 22.053 -100.00 -100.00 -100.00
 110    62.697 55748.80194265 48.52 207.970003  65.165432   -100 -100.00 -100.00 -100.00
 110    62.741 55748.80194324 49.68 207.976001  65.164699   -100 -100.00 -100.00 -100.00
 110    62.786 55748.80194383 52.01 207.981998  65.163966   -100 -100.00 -100.00 -100.00
 110    62.803 55748.80194442 53.08 207.987995  65.163232   -100 -100.00 -100.00 -100.00
 110    62.851 55748.80194501 54.61 207.993992  65.162499   -100 -100.00 -100.00 -100.00
 111   136.425 55758.71758579  1.94 207.968994  65.165571  4.146 -100.00 -100.00 -100.00
 111   144.223 55758.71758756  0.01 207.986986  65.163372  3.019 -100.00 -100.00 -100.00
 111   144.926 55758.71758815  0.41 207.992983  65.162639  3.412 -100.00 -100.00 -100.00
 112    62.174 55768.63322621 31.02 207.967780  65.164368 20.929 -100.00 -100.00 -100.00
 112    62.133 55768.63322680 33.86 207.973777  65.163635 32.694 -100.00 -100.00 -100.00
 112    62.229 55768.63322739 31.61 207.979774  65.162902 22.139 -100.00 -100.00 -100.00
 112    62.316 55768.63322798 32.67 207.985771  65.162169 27.079 -100.00 -100.00 -100.00
 112    62.293 55768.63322857 33.34 207.991767  65.161436 26.907 -100.00 -100.00 -100.00
 113   129.444 55778.54886314  2.01 207.962996  65.162731  2.952 -100.00 -100.00 -100.00
 113   130.412 55778.54886373  4.34 207.968993  65.161999  3.454 -100.00 -100.00 -100.00
 113   106.259 55778.54886432  7.11 207.974990  65.161266  4.226 -100.00 -100.00 -100.00
 113   106.127 55778.54886491  8.80 207.980986  65.160534  5.878 -100.00 -100.00 -100.00
 113   106.166 55778.54886550 10.89 207.986983  65.159801  8.674 -100.00 -100.00 -100.00
 114    61.453 55788.46449750 55.81 207.958816  65.161917 21.517 -100.00 -100.00 -100.00
 114    61.482 55788.46449809 54.11 207.964813  65.161185 19.138 -100.00 -100.00 -100.00
 114    61.506 55788.46449868 54.35 207.970810  65.160453 18.336 -100.00 -100.00 -100.00
 114    61.515 55788.46449927 54.73 207.976806  65.159720 26.648 -100.00 -100.00 -100.00
 114    61.531 55788.46449986 55.05 207.982802  65.158987 29.365 -100.00 -100.00 -100.00
 115   107.446 55798.38013140 25.92 207.965144  65.162089   -100 -100.00 -100.00 -100.00
 115   107.765 55798.38013199 28.03 207.971141  65.161357   -100 -100.00 -100.00 -100.00
 115   108.690 55798.38013258 28.08 207.977138  65.160625 20.138 -100.00 -100.00 -100.00
 115   108.306 55798.38013317 30.34 207.983134  65.159892   -100 -100.00 -100.00 -100.00
 116   107.317 55808.29577595 22.07 207.964701  65.163915   -100 -100.00 -100.00 -100.00
 116   107.404 55808.29577654 24.24 207.970699  65.163183 23.079 -100.00 -100.00 -100.00
 116   107.747 55808.29577713 30.01 207.976697  65.162450   -100 -100.00 -100.00 -100.00
 116   108.373 55808.29577772 28.37 207.982693  65.161717 26.909 -100.00 -100.00 -100.00
 116   108.480 55808.29577831 25.58 207.988690  65.160984   -100 -100.00 -100.00 -100.00
 117    72.520 55818.21142536 22.33 207.970846  65.164559  6.317 -100.00 -100.00 -100.00
 117    60.625 55818.21142595 24.63 207.976844  65.163827  9.636 -100.00 -100.00 -100.00
 117    60.821 55818.21142654 25.32 207.982842  65.163094  9.931 -100.00 -100.00 -100.00
 117    61.162 55818.21142713 26.05 207.988839  65.162361 11.199 -100.00 -100.00 -100.00
 118    60.743 55828.12707024 41.09 207.970145  65.164089  2.588 -100.00 -100.00 -100.00
 118    60.753 55828.12707083 35.23 207.976143  65.163356   -100 -100.00 -100.00 -100.00
 118    60.730 55828.12707142 33.67 207.982140  65.162623 26.252 -100.00 -100.00 -100.00
 118    60.685 55828.12707201 32.49 207.988138  65.161890 21.824 -100.00 -100.00 -100.00
 119    60.142 55838.04271066 43.96 207.967675  65.162573  0.494 -100.00 -100.00 -100.00
 119    60.401 55838.04271125 41.79 207.973673  65.161841   -100 -100.00 -100.00 -100.00
 119    60.525 55838.04271184 43.62 207.979671  65.161108   -100 -100.00 -100.00 -100.00
 119    60.525 55838.04271244 44.17 207.985668  65.160375   -100 -100.00 -100.00 -100.00
 120    59.730 55847.95834797 30.40 207.964720  65.161451 19.833 -100.00 -100.00 -100.00
 120    59.547 55847.95834856 31.59 207.970718  65.160719 26.297 -100.00 -100.00 -100.00
 120    59.718 55847.95834915 33.12 207.976715  65.159986 30.452 -100.00 -100.00 -100.00
 120    59.832 55847.95834974 33.03 207.982713  65.159254 28.673 -100.00 -100.00 -100.00
 121    59.241 55857.87398331 54.16 207.965381  65.162470   -100 -100.00 -100.00 -100.00
 121    59.282 55857.87398390 51.12 207.971380  65.161738   -100 -100.00 -100.00 -100.00
 121    59.321 55857.87398449 47.88 207.977378  65.161005 21.201 -100.00 -100.00 -100.00
 121    59.408 55857.87398508 44.39 207.983375  65.160272   -100 -100.00 -100.00 -100.00
 122    58.587 55867.78962960 51.04 207.968981  65.164365   -100 -100.00 -100.00 -100.00
 122    58.697 55867.78963019 46.86 207.974979  65.163633 16.201 -100.00 -100.00 -100.00
 122    59.024 55867.78963078 42.35 207.980977  65.162900   -100 -100.00 -100.00 -100.00
 122    59.007 55867.78963137 42.35 207.986975  65.162167   -100 -100.00 -100.00 -100.00
 123    59.793 55877.70528204 24.00 207.975175  65.165541 17.311 -100.00 -100.00 -100.00
 123    59.804 55877.70528263 26.83 207.981173  65.164808 23.599 -100.00 -100.00 -100.00
 123    59.924 55877.70528322 25.77 207.987171  65.164075 17.423 -100.00 -100.00 -100.00
 123    59.889 55877.70528381 24.63 207.993168  65.163342 15.071 -100.00 -100.00 -100.00
 133    92.142 55976.86171124  3.59 207.965229  65.161948  5.365 -100.00 -100.00 -100.00
 133    75.481 55976.86171183  9.24 207.971226  65.161215 14.310 -100.00 -100.00 -100.00
 133    61.341 55976.86171243 11.13 207.977223  65.160482 16.390 -100.00 -100.00 -100.00
 133    61.255 55976.86171302 13.42 207.983220  65.159749 11.642 -100.00 -100.00 -100.00
 134    76.285 55986.77734788  8.11 207.969536  65.163378 11.003 -100.00 -100.00 -100.00
 134    72.127 55986.77734847 10.52 207.975533  65.162645 11.535 -100.00 -100.00 -100.00
 134    61.511 55986.77734906 11.38 207.981530  65.161912 11.866 -100.00 -100.00 -100.00
 134    61.462 55986.77734965 11.88 207.987527  65.161179  8.899 -100.00 -100.00 -100.00
 135    93.177 55996.69298529  4.38 207.967386  65.164884  7.422 -100.00 -100.00 -100.00
 135    96.616 55996.69298588  2.74 207.973384  65.164151  5.656 -100.00 -100.00 -100.00
 135    89.653 55996.69298647  3.23 207.979382  65.163419  6.126 -100.00 -100.00 -100.00
 135    88.280 55996.69298706  3.58 207.985379  65.162686  7.312 -100.00 -100.00 -100.00
 135   102.519 55996.69298765  2.10 207.991376  65.161953  4.298 -100.00 -100.00 -100.00
 136    93.337 56006.60863672  3.66 207.964939  65.164223  5.340 -100.00 -100.00 -100.00
 136    91.640 56006.60863731  3.80 207.970937  65.163490  6.989 -100.00 -100.00 -100.00
 136    94.935 56006.60863790  2.78 207.976934  65.162758  4.781 -100.00 -100.00 -100.00
 136    93.644 56006.60863849  3.42 207.982931  65.162025  6.061 -100.00 -100.00 -100.00
 136   101.849 56006.60863908  2.54 207.988928  65.161292  5.405 -100.00 -100.00 -100.00
 137    98.212 56016.52428428  2.10 207.964476  65.162440  5.095 -100.00 -100.00 -100.00
 137    96.584 56016.52428488  1.76 207.970473  65.161708  5.178 -100.00 -100.00 -100.00
 137   101.916 56016.52428547  3.41 207.976469  65.160976  7.662 -100.00 -100.00 -100.00
 137    92.748 56016.52428606  2.18 207.982465  65.160243  6.434 -100.00 -100.00 -100.00
 141    60.626 56056.18685093 42.88 207.972412  65.165595   -100 -100.00 -100.00 -100.00
 141    60.752 56056.18685152 39.89 207.978410  65.164862   -100 -100.00 -100.00 -100.00
 141    60.737 56056.18685211 40.92 207.984408  65.164129   -100 -100.00 -100.00 -100.00
 141    60.602 56056.18685270 37.54 207.990405  65.163396   -100 -100.00 -100.00 -100.00
 143    62.570 56076.01813170 43.89 207.973825  65.165326   -100 -100.00 -100.00 -100.00
 143    62.679 56076.01813229 40.97 207.979823  65.164594 26.281 -100.00 -100.00 -100.00
 143    62.732 56076.01813288 40.89 207.985820  65.163861 24.847 -100.00 -100.00 -100.00
 143    62.742 56076.01813347 41.94 207.991818  65.163127 29.627 -100.00 -100.00 -100.00
 144    63.532 56085.93378060 50.16 207.970351  65.164932   -100 -100.00 -100.00 -100.00
 144    63.588 56085.93378119 49.52 207.976349  65.164199   -100 -100.00 -100.00 -100.00
 144    63.188 56085.93378178 47.11 207.982347  65.163466   -100 -100.00 -100.00 -100.00
 144    63.233 56085.93378237 46.53 207.988344  65.162733   -100 -100.00 -100.00 -100.00
 145    72.438 56095.84942722 21.60 207.967989  65.164911  7.501 -100.00 -100.00 -100.00
 145    62.838 56095.84942781 20.76 207.973987  65.164178  5.455 -100.00 -100.00 -100.00
 145    62.717 56095.84942840 25.47 207.979985  65.163445 13.468 -100.00 -100.00 -100.00
 145    62.756 56095.84942899 22.90 207.985982  65.162712  9.240 -100.00 -100.00 -100.00
 145    62.794 56095.84942958 23.85 207.991978  65.161978  9.991 -100.00 -100.00 -100.00
 146    62.266 56105.76507239 27.10 207.972544  65.164322  7.558 -100.00 -100.00 -100.00
 146    61.980 56105.76507298 28.28 207.978541  65.163589  9.478 -100.00 -100.00 -100.00
 146    61.808 56105.76507357 28.64 207.984538  65.162856  8.146 -100.00 -100.00 -100.00
 146    62.352 56105.76507416 28.20 207.990535  65.162123  7.552 -100.00 -100.00 -100.00
 147   109.715 56115.68070242 29.65 207.969789  65.164026   -100 -100.00 -100.00 -100.00
 147   109.913 56115.68070302 12.32 207.975786  65.163294 23.273 -100.00 -100.00 -100.00
 147   108.194 56115.68070361 13.11 207.981783  65.162561   -100 -100.00 -100.00 -100.00
 147   108.733 56115.68070420 26.40 207.987780  65.161828 22.923 -100.00 -100.00 -100.00
 148    62.034 56125.59634027 39.68 207.966901  65.163594   -100 -100.00 -100.00 -100.00
 148    62.090 56125.59634086 38.82 207.972899  65.162862   -100 -100.00 -100.00 -100.00
 148    62.109 56125.59634145 38.73 207.978895  65.162129   -100 -100.00 -100.00 -100.00
 148    62.109 56125.59634204 38.86 207.984892  65.161396   -100 -100.00 -100.00 -100.00
 149    60.527 56135.51197428 28.26 207.965408  65.162853 15.577 -100.00 -100.00 -100.00
 149    61.769 56135.51197487 25.48 207.971405  65.162121  8.275 -100.00 -100.00 -100.00
 149    61.741 56135.51197546 27.09 207.977402  65.161389  9.806 -100.00 -100.00 -100.00
 149    61.969 56135.51197605 28.98 207.983398  65.160656 12.394 -100.00 -100.00 -100.00
 150    61.571 56145.42761620 55.52 207.963715  65.162660 19.390 -100.00 -100.00 -100.00
 150    61.621 56145.42761679 49.04 207.969712  65.161927   -100 -100.00 -100.00 -100.00
 150    61.645 56145.42761738 49.16 207.975708  65.161195   -100 -100.00 -100.00 -100.00
 150    61.655 56145.42761797 49.77 207.981705  65.160462   -100 -100.00 -100.00 -100.00
 151    61.187 56155.34326751 51.86 207.979360  65.160973  0.941 -100.00 -100.00 -100.00
 151    61.173 56155.34326810 50.18 207.985357  65.160240  0.757 -100.00 -100.00 -100.00
 152    60.453 56165.25891475 30.09 207.964487  65.163609 19.702 -100.00 -100.00 -100.00
 152    60.789 56165.25891534 29.03 207.970485  65.162877 14.383 -100.00 -100.00 -100.00
 152    60.900 56165.25891593 29.62 207.976482  65.162144 16.170 -100.00 -100.00 -100.00
 152    60.693 56165.25891652 30.85 207.982479  65.161411 20.214 -100.00 -100.00 -100.00
 152    60.776 56165.25891711 30.80 207.988475  65.160678 17.676 -100.00 -100.00 -100.00
 153    60.825 56175.17456183 25.36 207.970092  65.163369  9.631 -100.00 -100.00 -100.00
 153    60.993 56175.17456242 26.59 207.976089  65.162636 12.107 -100.00 -100.00 -100.00
 153    60.995 56175.17456301 29.87 207.982086  65.161903 18.181 -100.00 -100.00 -100.00
 153    60.920 56175.17456360 29.84 207.988083  65.161170 18.262 -100.00 -100.00 -100.00
 154    60.560 56185.09020314 34.16 207.968451  65.163381 26.283 -100.00 -100.00 -100.00
 154    60.667 56185.09020373 32.74 207.974449  65.162648 19.543 -100.00 -100.00 -100.00
 154    60.707 56185.09020432 33.81 207.980446  65.161916 24.950 -100.00 -100.00 -100.00
 154    60.662 56185.09020491 34.39 207.986443  65.161182 24.504 -100.00 -100.00 -100.00
 155    60.764 56195.00584051 33.81 207.964745  65.163048 17.751 -100.00 -100.00 -100.00
 155    60.913 56195.00584110 36.26 207.970743  65.162316 20.904 -100.00 -100.00 -100.00
 155    61.065 56195.00584169 38.41 207.976741  65.161583 28.095 -100.00 -100.00 -100.00
 155    61.240 56195.00584228 39.91 207.982738  65.160850 31.362 -100.00 -100.00 -100.00
 156    60.720 56204.92147517 24.42 207.963326  65.163204 10.467 -100.00 -100.00 -100.00
 156    60.758 56204.92147576 26.33 207.969324  65.162472 13.078 -100.00 -100.00 -100.00
 156    60.654 56204.92147635 27.78 207.975322  65.161739 16.601 -100.00 -100.00 -100.00
 156    60.952 56204.92147694 26.69 207.981319  65.161007 10.870 -100.00 -100.00 -100.00
 156    60.790 56204.92147753 28.97 207.987317  65.160273 16.996 -100.00 -100.00 -100.00
 157    60.309 56214.83710902 50.23 207.969152  65.163852  9.822 -100.00 -100.00 -100.00
 157    60.372 56214.83710961 46.88 207.975150  65.163120   -100 -100.00 -100.00 -100.00
 157    60.423 56214.83711020 45.51 207.981148  65.162387   -100 -100.00 -100.00 -100.00
 157    60.459 56214.83711079 46.72 207.987145  65.161654   -100 -100.00 -100.00 -100.00
 158    59.679 56224.75274620 48.09 207.972106  65.165603   -100 -100.00 -100.00 -100.00
 158    59.829 56224.75274679 50.16 207.978105  65.164871   -100 -100.00 -100.00 -100.00
 158    59.845 56224.75274738 50.81 207.984103  65.164138   -100 -100.00 -100.00 -100.00
 158    59.553 56224.75274797 51.11 207.990100  65.163405 23.079 -100.00 -100.00 -100.00
 158    59.600 56224.75274856 55.13 207.996098  65.162671 29.083 -100.00 -100.00 -100.00
 159    58.209 56234.66840225 48.18 207.975469  65.165874 27.379 -100.00 -100.00 -100.00
 159    58.277 56234.66840284 44.89 207.981467  65.165142 13.131 -100.00 -100.00 -100.00
 159    59.182 56234.66840343 41.14 207.987465  65.164409   -100 -100.00 -100.00 -100.00
 159    59.362 56234.66840402 40.77 207.993463  65.163675   -100 -100.00 -100.00 -100.00
 160    60.302 56244.58405354 22.92 207.969838  65.166209  8.783 -100.00 -100.00 -100.00
 160    60.558 56244.58405413 29.68 207.975837  65.165477 15.865 -100.00 -100.00 -100.00
 160    60.540 56244.58405472 32.46 207.981835  65.164744 23.045 -100.00 -100.00 -100.00
 160    60.757 56244.58405531 35.24 207.987832  65.164011 30.563 -100.00 -100.00 -100.00
 160    60.916 56244.58405590 37.72 207.993829  65.163277   -100 -100.00 -100.00 -100.00
 161    60.928 56254.49970067 23.98 207.972253  65.165051   -100 -100.00 -100.00 -100.00
 161    61.025 56254.49970126 27.67 207.978251  65.164318 13.147 -100.00 -100.00 -100.00
 161    61.288 56254.49970185 30.54 207.984249  65.163585 16.777 -100.00 -100.00 -100.00
 161    61.260 56254.49970244 32.78 207.990245  65.162852 23.433 -100.00 -100.00 -100.00
 162    60.842 56264.41534343 22.62 207.973405  65.164651  8.552 -100.00 -100.00 -100.00
 162    60.747 56264.41534402 25.80 207.979403  65.163918 15.031 -100.00 -100.00 -100.00
 162    60.893 56264.41534461 25.84 207.985400  65.163185 14.606 -100.00 -100.00 -100.00
 162    60.963 56264.41534520 26.16 207.991397  65.162452 13.601 -100.00 -100.00 -100.00
 165   117.750 56294.16227926  6.23 207.967321  65.163746  8.280 -100.00 -100.00 -100.00
 165    89.868 56294.16227985  9.15 207.973319  65.163013 12.332 -100.00 -100.00 -100.00
 165    89.354 56294.16228044  7.30 207.979317  65.162280  9.316 -100.00 -100.00 -100.00
 165    87.631 56294.16228103  7.11 207.985314  65.161547  9.508 -100.00 -100.00 -100.00
 166   116.321 56304.07792562  4.08 207.961783  65.162586  6.987 -100.00 -100.00 -100.00
 166   116.752 56304.07792621  5.64 207.967781  65.161854  9.613 -100.00 -100.00 -100.00
 166   116.844 56304.07792680  3.26 207.973779  65.161121  7.566 -100.00 -100.00 -100.00
 166   115.443 56304.07792739  5.79 207.979776  65.160388 10.285 -100.00 -100.00 -100.00
 166   114.796 56304.07792798  4.93 207.985773  65.159655  9.177 -100.00 -100.00 -100.00
 167   101.282 56313.99356846  5.62 207.960864  65.161917  7.697 -100.00 -100.00 -100.00
 167   114.729 56313.99356905  4.79 207.966862  65.161185  6.160 -100.00 -100.00 -100.00
 167   110.465 56313.99356964  6.61 207.972860  65.160452  8.612 -100.00 -100.00 -100.00
 167   103.011 56313.99357023  6.69 207.978857  65.159719  9.398 -100.00 -100.00 -100.00
 168   112.070 56323.90920976  6.75 207.965542  65.162107 10.536 -100.00 -100.00 -100.00
 168   111.872 56323.90921035  5.73 207.971540  65.161374  7.860 -100.00 -100.00 -100.00
 168   110.985 56323.90921094  6.17 207.977537  65.160641  8.880 -100.00 -100.00 -100.00
 168   110.300 56323.90921153  6.28 207.983535  65.159908  9.089 -100.00 -100.00 -100.00
 169   118.920 56333.82485026  7.07 207.968997  65.163134 11.218 -100.00 -100.00 -100.00
 169    90.140 56333.82485086  6.73 207.974994  65.162402  9.781 -100.00 -100.00 -100.00
 169   101.358 56333.82485145  5.24 207.980992  65.161668  9.371 -100.00 -100.00 -100.00
 169    86.288 56333.82485204  6.55 207.986989  65.160935 10.590 -100.00 -100.00 -100.00
 170    91.672 56343.74048985  6.50 207.968880  65.163780  9.578 -100.00 -100.00 -100.00
 170   100.580 56343.74049044  4.71 207.974878  65.163048  6.491 -100.00 -100.00 -100.00
 170    89.451 56343.74049103  5.78 207.980875  65.162315  8.403 -100.00 -100.00 -100.00
 170    87.804 56343.74049162  5.93 207.986872  65.161582  9.713 -100.00 -100.00 -100.00
 171    92.493 56353.65612686  4.46 207.965482  65.163947  6.370 -100.00 -100.00 -100.00
 171    91.081 56353.65612745  5.56 207.971480  65.163215  9.157 -100.00 -100.00 -100.00
 171   100.964 56353.65612804  4.40 207.977477  65.162482  7.675 -100.00 -100.00 -100.00
 171   101.664 56353.65612863  5.14 207.983474  65.161750  8.147 -100.00 -100.00 -100.00
 171   102.282 56353.65612922  3.73 207.989470  65.161016  6.022 -100.00 -100.00 -100.00
 172   119.420 56363.57176984  3.26 207.963008  65.163315  5.914 -100.00 -100.00 -100.00
 172   118.825 56363.57177043  3.25 207.969006  65.162583  6.194 -100.00 -100.00 -100.00
 172   118.100 56363.57177102  4.37 207.975003  65.161851  8.386 -100.00 -100.00 -100.00
 172   117.403 56363.57177161  3.83 207.980999  65.161118  8.794 -100.00 -100.00 -100.00
 172   115.989 56363.57177220  3.57 207.986996  65.160385  8.615 -100.00 -100.00 -100.00
 173   119.186 56373.48741896  3.03 207.963424  65.162824  8.211 -100.00 -100.00 -100.00
 173   124.377 56373.48741955  0.67 207.969421  65.162092  5.247 -100.00 -100.00 -100.00
 173   118.316 56373.48742014  5.49 207.975418  65.161359 11.454 -100.00 -100.00 -100.00
 173   117.584 56373.48742073  7.02 207.981414  65.160626 17.324 -100.00 -100.00 -100.00
 175   126.795 56393.31870956  1.25 207.968105  65.164553  5.260 -100.00 -100.00 -100.00
 175   121.227 56393.31871015  1.75 207.974103  65.163820  5.368 -100.00 -100.00 -100.00
 175   119.482 56393.31871133  3.94 207.986096  65.162354  9.701 -100.00 -100.00 -100.00
 175   134.394 56393.31871192  0.17 207.992092  65.161620  5.572 -100.00 -100.00 -100.00
 176   136.797 56403.23435191  0.13 207.968977  65.165504  3.612 -100.00 -100.00 -100.00
 176   132.890 56403.23435309  0.11 207.980972  65.164038  5.722 -100.00 -100.00 -100.00
 176   132.283 56403.23435368  0.56 207.986969  65.163304  6.722 -100.00 -100.00 -100.00
 176   120.549 56403.23435427  0.32 207.992966  65.162571  6.281 -100.00 -100.00 -100.00
 177    60.252 56413.14999151 31.79 207.970762  65.165711 26.335 -100.00 -100.00 -100.00
 177    59.951 56413.14999210 34.21 207.976760  65.164979   -100 -100.00 -100.00 -100.00
 177    60.101 56413.14999269 33.02 207.982757  65.164246   -100 -100.00 -100.00 -100.00
 177    60.413 56413.14999328 32.28 207.988754  65.163513   -100 -100.00 -100.00 -100.00
 177    62.623 56413.14999387 29.73 207.994751  65.162779 18.225 -100.00 -100.00 -100.00
 178   132.121 56423.06562587 11.49 207.969263  65.165771 13.110 -100.00 -100.00 -100.00
 178   122.060 56423.06562646  8.06 207.975261  65.165038  8.999 -100.00 -100.00 -100.00
 178   149.244 56423.06562705  4.63 207.981259  65.164305  6.664 -100.00 -100.00 -100.00
 178   120.633 56423.06562764  7.41 207.987256  65.163572  9.213 -100.00 -100.00 -100.00
 178   120.717 56423.06562823  5.57 207.993253  65.162839  7.209 -100.00 -100.00 -100.00
 179    60.699 56432.98126909 44.92 207.971117  65.165297   -100 -100.00 -100.00 -100.00
 179    60.702 56432.98126968 42.99 207.977115  65.164564   -100 -100.00 -100.00 -100.00
 179    60.997 56432.98127027 42.85 207.983113  65.163831   -100 -100.00 -100.00 -100.00
 179    60.831 56432.98127086 47.40 207.989110  65.163098   -100 -100.00 -100.00 -100.00
 179    61.196 56432.98127145 42.30 207.995107  65.162365   -100 -100.00 -100.00 -100.00
 180    63.727 56442.89692168 57.85 207.972313  65.164768   -100 -100.00 -100.00 -100.00
 180    63.769 56442.89692227 51.68 207.978311  65.164035  5.085 -100.00 -100.00 -100.00
 180    63.808 56442.89692286 57.83 207.984309  65.163302 28.392 -100.00 -100.00 -100.00
 180    63.841 56442.89692345 55.20 207.990306  65.162569 15.437 -100.00 -100.00 -100.00
 181    64.840 56452.81257167 24.02 207.973125  65.164744  8.159 -100.00 -100.00 -100.00
 181    65.133 56452.81257226 24.64 207.979123  65.164011  9.015 -100.00 -100.00 -100.00
 181    65.172 56452.81257285 24.50 207.985120  65.163278  7.561 -100.00 -100.00 -100.00
 181    65.295 56452.81257344 25.05 207.991117  65.162544  8.467 -100.00 -100.00 -100.00
 182   107.618 56462.72821872 14.23 207.969590  65.164410  9.843 -100.00 -100.00 -100.00
 182   107.515 56462.72821932 11.08 207.975588  65.163677 16.730 -100.00 -100.00 -100.00
 182   109.785 56462.72821991  5.48 207.981585  65.162944  9.901 -100.00 -100.00 -100.00
 182   110.440 56462.72822050  6.87 207.987581  65.162211  8.949 -100.00 -100.00 -100.00
 184    61.301 56482.55950278 24.62 207.961874  65.162209  8.718 -100.00 -100.00 -100.00
 184    61.342 56482.55950337 26.13 207.967871  65.161477 10.372 -100.00 -100.00 -100.00
 184    61.559 56482.55950396 27.04 207.973867  65.160744 12.386 -100.00 -100.00 -100.00
 184    61.655 56482.55950456 30.06 207.979864  65.160011 17.204 -100.00 -100.00 -100.00
 185    61.835 56492.47514008 53.73 207.965031  65.161672 13.353 -100.00 -100.00 -100.00
 185    61.938 56492.47514067 53.19 207.971027  65.160939  6.765 -100.00 -100.00 -100.00
 185    61.944 56492.47514126 53.60 207.977024  65.160207  8.213 -100.00 -100.00 -100.00
 185    62.137 56492.47514185 48.87 207.983020  65.159474   -100 -100.00 -100.00 -100.00
 187    61.444 56512.30640765 53.35 207.969489  65.164694 28.196 -100.00 -100.00 -100.00
 187    61.438 56512.30640824 51.79 207.975486  65.163962 21.384 -100.00 -100.00 -100.00
 187    61.438 56512.30640883 46.44 207.981484  65.163229   -100 -100.00 -100.00 -100.00
 187    61.595 56512.30640942 47.85 207.987481  65.162496   -100 -100.00 -100.00 -100.00
 188    61.022 56522.22205479 49.15 207.969258  65.165101   -100 -100.00 -100.00 -100.00
 188    60.914 56522.22205538 45.52 207.975256  65.164368   -100 -100.00 -100.00 -100.00
 188    61.118 56522.22205597 43.66 207.981254  65.163635   -100 -100.00 -100.00 -100.00
 188    61.085 56522.22205656 47.33 207.987251  65.162902   -100 -100.00 -100.00 -100.00
 188    61.092 56522.22205715 48.93 207.993248  65.162169  9.385 -100.00 -100.00 -100.00
 189   132.874 56532.13770702  6.68 207.965613  65.164300  8.648 -100.00 -100.00 -100.00
 189   109.383 56532.13770761  8.26 207.971611  65.163567  9.715 -100.00 -100.00 -100.00
 189   108.640 56532.13770820  6.27 207.977609  65.162835  8.829 -100.00 -100.00 -100.00
 189   123.897 56532.13770879  5.74 207.983606  65.162102  7.402 -100.00 -100.00 -100.00
 189   125.124 56532.13770938  4.51 207.989603  65.161368  7.007 -100.00 -100.00 -100.00
 191   116.334 56551.96900193  2.61 207.977405  65.161066  4.043 -100.00 -100.00 -100.00
 191   107.229 56551.96900252  7.69 207.983402  65.160333  8.114 -100.00 -100.00 -100.00
 192    60.832 56561.88464336 39.25 207.965233  65.164081 29.306 -100.00 -100.00 -100.00
 192    60.772 56561.88464395 39.07 207.971232  65.163349 31.806 -100.00 -100.00 -100.00
 192    60.747 56561.88464454 42.14 207.977230  65.162616   -100 -100.00 -100.00 -100.00
 192    60.911 56561.88464513 41.51 207.983227  65.161883   -100 -100.00 -100.00 -100.00
 192    61.071 56561.88464572 40.80 207.989224  65.161149 32.000 -100.00 -100.00 -100.00
 194    59.938 56581.71592561 40.55 207.975549  65.166365   -100 -100.00 -100.00 -100.00
 194    60.172 56581.71592620 39.91 207.981547  65.165632   -100 -100.00 -100.00 -100.00
 194    60.515 56581.71592679 42.60 207.987545  65.164898   -100 -100.00 -100.00 -100.00
 194    60.565 56581.71592738 44.04 207.993543  65.164165   -100 -100.00 -100.00 -100.00
 195    59.591 56591.63156123 41.63 207.975688  65.166178   -100 -100.00 -100.00 -100.00
 195    59.626 56591.63156182 42.61 207.981686  65.165445   -100 -100.00 -100.00 -100.00
 195    59.702 56591.63156241 43.91 207.987684  65.164712   -100 -100.00 -100.00 -100.00
 195    60.001 56591.63156300 44.75 207.993682  65.163979   -100 -100.00 -100.00 -100.00
 196    59.457 56601.54721000 48.11 207.969685  65.165305   -100 -100.00 -100.00 -100.00
 196    59.295 56601.54721059 48.32 207.975683  65.164572 20.031 -100.00 -100.00 -100.00
 196    59.425 56601.54721118 44.53 207.981681  65.163840   -100 -100.00 -100.00 -100.00
 196    59.625 56601.54721177 44.26 207.987678  65.163107   -100 -100.00 -100.00 -100.00
 196    59.601 56601.54721236 44.02 207.993675  65.162373   -100 -100.00 -100.00 -100.00
 197    60.117 56611.46285980 39.05 207.969190  65.164264  3.020 -100.00 -100.00 -100.00
 197    60.372 56611.46286039 38.84 207.975188  65.163531   -100 -100.00 -100.00 -100.00
 197    60.643 56611.46286098 39.81 207.981185  65.162798   -100 -100.00 -100.00 -100.00
 197    60.731 56611.46286157 41.06 207.987182  65.162065   -100 -100.00 -100.00 -100.00
 198    59.999 56621.37850516 20.77 207.971134  65.164617  8.412 -100.00 -100.00 -100.00
 198    60.154 56621.37850575 21.08 207.977132  65.163884  9.301 -100.00 -100.00 -100.00
 198    60.249 56621.37850634 21.30 207.983129  65.163151  9.390 -100.00 -100.00 -100.00
 198    60.347 56621.37850693 22.85 207.989126  65.162418 12.449 -100.00 -100.00 -100.00
 199    60.016 56631.29414733 18.34 207.971519  65.165413  8.033 -100.00 -100.00 -100.00
 199    60.120 56631.29414792 18.23 207.977517  65.164680  7.413 -100.00 -100.00 -100.00
 199    60.210 56631.29414851 18.55 207.983515  65.163947  7.819 -100.00 -100.00 -100.00
 199    60.435 56631.29414910 17.90 207.989512  65.163213  6.098 -100.00 -100.00 -100.00
 199    60.289 56631.29414969 20.11 207.995509  65.162480 10.281 -100.00 -100.00 -100.00
 200    60.139 56641.20978569 24.15 207.972888  65.165092 14.409 -100.00 -100.00 -100.00
 200    60.277 56641.20978628 24.99 207.978886  65.164359 14.774 -100.00 -100.00 -100.00
 200    60.328 56641.20978687 26.24 207.984884  65.163626 19.973 -100.00 -100.00 -100.00
 200    60.433 56641.20978746 24.17 207.990881  65.162893 14.903 -100.00 -100.00 -100.00
 201    60.309 56651.12543288 17.76 207.965081  65.163873  6.268 -100.00 -100.00 -100.00
 201    60.290 56651.12543347 17.44 207.971079  65.163141  6.113 -100.00 -100.00 -100.00
 201    60.422 56651.12543406 17.78 207.977077  65.162408  6.486 -100.00 -100.00 -100.00
 201    60.580 56651.12543465 17.93 207.983075  65.161675  5.856 -100.00 -100.00 -100.00
 201    60.594 56651.12543524 17.34 207.989072  65.160941  5.389 -100.00 -100.00 -100.00
 202   117.582 56661.04108331  1.70 207.965733  65.161353  6.474 -100.00 -100.00 -100.00
 202   131.660 56661.04108390  1.07 207.971731  65.160620  6.716 -100.00 -100.00 -100.00
 205   123.556 56690.78801874  0.98 207.969022  65.164309  4.094 -100.00 -100.00 -100.00
 205   101.602 56690.78801933  2.91 207.975020  65.163576  6.487 -100.00 -100.00 -100.00
 205   124.851 56690.78802051  0.31 207.987015  65.162110  5.011 -100.00 -100.00 -100.00
 206    94.115 56700.70365829  5.41 207.967375  65.165251  7.991 -100.00 -100.00 -100.00
 206    92.927 56700.70365888  5.61 207.973373  65.164518  7.672 -100.00 -100.00 -100.00
 206    81.753 56700.70365947  6.69 207.979371  65.163785  9.631 -100.00 -100.00 -100.00
 206   102.369 56700.70366006  3.61 207.985368  65.163052  5.604 -100.00 -100.00 -100.00
 206    83.443 56700.70366065  7.14 207.991365  65.162319 10.730 -100.00 -100.00 -100.00
 207    86.869 56710.61929354  6.03 207.969391  65.163866  7.685 -100.00 -100.00 -100.00
 207    90.910 56710.61929413  4.78 207.975388  65.163133  6.825 -100.00 -100.00 -100.00
 207    99.103 56710.61929472  4.28 207.981385  65.162401  5.290 -100.00 -100.00 -100.00
 207    87.960 56710.61929531  5.56 207.987382  65.161668  8.476 -100.00 -100.00 -100.00
 208   125.030 56720.53493592  1.22 207.963215  65.163126  3.901 -100.00 -100.00 -100.00
 208   123.013 56720.53493651  0.90 207.969212  65.162394  4.038 -100.00 -100.00 -100.00
 213   129.432 56770.11315242  5.44 207.974692  65.166292  6.841 -100.00 -100.00 -100.00
 213   115.691 56770.11315301  8.79 207.980690  65.165559  9.757 -100.00 -100.00 -100.00
 213   116.783 56770.11315360  8.36 207.986688  65.164826 10.028 -100.00 -100.00 -100.00
 213   117.187 56770.11315419 10.06 207.992685  65.164093 11.918 -100.00 -100.00 -100.00
 214    61.672 56780.02880354 40.19 207.967846  65.165069 29.002 -100.00 -100.00 -100.00
 214    62.124 56780.02880413 39.95 207.973844  65.164336 31.464 -100.00 -100.00 -100.00
 214    62.396 56780.02880472 40.66 207.979841  65.163603   -100 -100.00 -100.00 -100.00
 214    62.438 56780.02880531 45.24 207.985839  65.162870   -100 -100.00 -100.00 -100.00
 214    62.577 56780.02880590 46.31 207.991836  65.162137   -100 -100.00 -100.00 -100.00
 215   109.003 56789.94445859 29.68 207.964703  65.164069   -100 -100.00 -100.00 -100.00
 215   109.319 56789.94445918 20.89 207.970701  65.163336   -100 -100.00 -100.00 -100.00
 215   109.529 56789.94445977 17.20 207.976698  65.162604 30.476 -100.00 -100.00 -100.00
 215   109.696 56789.94446036 28.93 207.982695  65.161870 26.738 -100.00 -100.00 -100.00
 215   110.317 56789.94446095 26.11 207.988692  65.161137 14.078 -100.00 -100.00 -100.00
 216   109.395 56799.86011072 11.19 207.965600  65.163963  6.846 -100.00 -100.00 -100.00
 216   110.321 56799.86011131  9.10 207.971597  65.163230  6.583 -100.00 -100.00 -100.00
 216   108.514 56799.86011190 13.31 207.977594  65.162497  7.396 -100.00 -100.00 -100.00
 216   108.762 56799.86011249 13.26 207.983591  65.161764  8.349 -100.00 -100.00 -100.00
 216   108.721 56799.86011308 15.79 207.989588  65.161030 12.088 -100.00 -100.00 -100.00
 217    61.216 56809.77575674 24.81 207.970939  65.164283 14.004 -100.00 -100.00 -100.00
 217    61.312 56809.77575733 25.12 207.976937  65.163550 15.482 -100.00 -100.00 -100.00
 217    61.490 56809.77575792 26.13 207.982934  65.162817 17.238 -100.00 -100.00 -100.00
 217    61.308 56809.77575852 29.27 207.988930  65.162083 28.720 -100.00 -100.00 -100.00
 219    61.551 56829.60703308 57.61 207.964480  65.163902   -100 -100.00 -100.00 -100.00
 219    61.632 56829.60703367 59.30 207.970477  65.163170   -100 -100.00 -100.00 -100.00
 219    61.683 56829.60703426 56.78 207.976474  65.162437   -100 -100.00 -100.00 -100.00
 219    61.756 56829.60703485 52.85 207.982471  65.161704 22.729 -100.00 -100.00 -100.00
 219    61.822 56829.60703544 56.85 207.988467  65.160970 30.606 -100.00 -100.00 -100.00
 221    62.082 56849.43829957 47.21 207.963834  65.162030  1.708 -100.00 -100.00 -100.00
 221    62.105 56849.43830016 47.42 207.969831  65.161298  1.521 -100.00 -100.00 -100.00
 221    62.115 56849.43830075 49.44 207.975827  65.160565 13.282 -100.00 -100.00 -100.00
 221    62.152 56849.43830134 49.39 207.981823  65.159833  6.634 -100.00 -100.00 -100.00
 222    61.891 56859.35395397 38.39 207.963647  65.163141 21.445 -100.00 -100.00 -100.00
 222    62.027 56859.35395456 38.53 207.969644  65.162409 19.455 -100.00 -100.00 -100.00
 222    62.151 56859.35395515 40.38 207.975641  65.161677 21.406 -100.00 -100.00 -100.00
 222    62.063 56859.35395574 43.71 207.981637  65.160944   -100 -100.00 -100.00 -100.00
 222    62.093 56859.35395633 43.76 207.987633  65.160210   -100 -100.00 -100.00 -100.00
 223   108.848 56869.26960785 24.08 207.968319  65.164569 10.714 -100.00 -100.00 -100.00
 223   107.989 56869.26960844 28.96 207.974317  65.163836   -100 -100.00 -100.00 -100.00
 223   108.139 56869.26960903 18.42 207.980314  65.163103   -100 -100.00 -100.00 -100.00
 223   108.434 56869.26960962 22.27 207.986310  65.162370   -100 -100.00 -100.00 -100.00
 223   108.502 56869.26961021 24.40 207.992307  65.161636 32.136 -100.00 -100.00 -100.00
 225    61.295 56889.10090684 28.95 207.968441  65.164004 15.248 -100.00 -100.00 -100.00
 225    61.563 56889.10090743 28.69 207.974438  65.163271 12.639 -100.00 -100.00 -100.00
 225    61.424 56889.10090802 30.47 207.980436  65.162538 16.173 -100.00 -100.00 -100.00
 225    61.473 56889.10090861 32.70 207.986433  65.161804 21.901 -100.00 -100.00 -100.00
 226    61.520 56899.01655169 24.20 207.965438  65.162516 12.683 -100.00 -100.00 -100.00
 226    61.448 56899.01655228 26.11 207.971435  65.161784 18.989 -100.00 -100.00 -100.00
 226    61.515 56899.01655287 27.86 207.977433  65.161051 24.926 -100.00 -100.00 -100.00
 226    61.638 56899.01655346 29.98 207.983429  65.160317 29.300 -100.00 -100.00 -100.00
 227   128.466 56908.93219436  2.85 207.964810  65.162455  3.774 -100.00 -100.00 -100.00
 227   127.867 56908.93219495  2.58 207.970808  65.161723  3.364 -100.00 -100.00 -100.00
 227   108.089 56908.93219554 13.43 207.976805  65.160989  8.872 -100.00 -100.00 -100.00
 227   106.830 56908.93219613 14.58 207.982802  65.160256  7.035 -100.00 -100.00 -100.00
 228    60.823 56918.84783570 29.46 207.970374  65.163767 17.909 -100.00 -100.00 -100.00
 228    61.038 56918.84783629 30.01 207.976371  65.163034 19.142 -100.00 -100.00 -100.00
 228    61.035 56918.84783688 30.89 207.982369  65.162301 22.848 -100.00 -100.00 -100.00
 228    61.198 56918.84783747 33.07 207.988366  65.161567 30.078 -100.00 -100.00 -100.00
 229    61.093 56928.76347481 43.05 207.974541  65.165953   -100 -100.00 -100.00 -100.00
 229    60.989 56928.76347540 40.56 207.980539  65.165220   -100 -100.00 -100.00 -100.00
 229    60.990 56928.76347599 39.60 207.986537  65.164486   -100 -100.00 -100.00 -100.00
 229    60.950 56928.76347658 46.37 207.992534  65.163753  5.827 -100.00 -100.00 -100.00
 230    60.567 56938.67910921 49.32 207.973983  65.167384  0.145 -100.00 -100.00 -100.00
 230    60.516 56938.67910980 52.59 207.979982  65.166651 23.501 -100.00 -100.00 -100.00
 230    60.553 56938.67911039 48.69 207.985980  65.165918 13.584 -100.00 -100.00 -100.00
 230    60.595 56938.67911098 55.62 207.991977  65.165185   -100 -100.00 -100.00 -100.00
 230    60.651 56938.67911157 49.98 207.997974  65.164451 19.087 -100.00 -100.00 -100.00
 231    60.312 56948.59474362 51.33 207.973904  65.166763   -100 -100.00 -100.00 -100.00
 231    60.131 56948.59474421 53.59 207.979902  65.166030 24.707 -100.00 -100.00 -100.00
 231    60.149 56948.59474480 52.34 207.985900  65.165297   -100 -100.00 -100.00 -100.00
 231    60.204 56948.59474539 49.87 207.991898  65.164564 22.043 -100.00 -100.00 -100.00
 231    60.250 56948.59474598 50.38 207.997895  65.163831 23.840 -100.00 -100.00 -100.00
 232    59.810 56958.51039651 47.81 207.970986  65.164700  5.819 -100.00 -100.00 -100.00
 232    59.880 56958.51039710 50.31 207.976984  65.163968  8.976 -100.00 -100.00 -100.00
 232    59.870 56958.51039770 50.52 207.982981  65.163235 11.498 -100.00 -100.00 -100.00
 232    59.875 56958.51039829 47.64 207.988978  65.162502 12.337 -100.00 -100.00 -100.00
 233    59.847 56968.42604372 39.77 207.964508  65.164087   -100 -100.00 -100.00 -100.00
 233    59.927 56968.42604431 40.13 207.970506  65.163354   -100 -100.00 -100.00 -100.00
 233    59.541 56968.42604491 40.21 207.976503  65.162621   -100 -100.00 -100.00 -100.00
 233    59.576 56968.42604550 40.63 207.982500  65.161888   -100 -100.00 -100.00 -100.00
 233    59.583 56968.42604609 41.72 207.988496  65.161155  1.793 -100.00 -100.00 -100.00
 234    60.457 56978.34168757 34.87 207.965202  65.164358 30.571 -100.00 -100.00 -100.00
 234    60.379 56978.34168816 36.08 207.971200  65.163626   -100 -100.00 -100.00 -100.00
 234    60.552 56978.34168875 34.11 207.977197  65.162893 27.478 -100.00 -100.00 -100.00
 234    60.577 56978.34168934 33.34 207.983194  65.162160 20.784 -100.00 -100.00 -100.00
 234    60.753 56978.34168993 35.01 207.989191  65.161426 27.635 -100.00 -100.00 -100.00
 235    60.588 56988.25732756 23.46 207.972840  65.164570  6.139 -100.00 -100.00 -100.00
 235    60.523 56988.25732815 23.80 207.978837  65.163837  7.341 -100.00 -100.00 -100.00
 235    60.746 56988.25732874 24.06 207.984835  65.163104  6.290 -100.00 -100.00 -100.00
 235    60.908 56988.25732933 25.20 207.990832  65.162370  9.809 -100.00 -100.00 -100.00
 236    60.285 56998.17296027 19.60 207.968544  65.165565 10.500 -100.00 -100.00 -100.00
 236    60.575 56998.17296086 20.40 207.974543  65.164832  6.479 -100.00 -100.00 -100.00
 236    60.668 56998.17296145 20.59 207.980541  65.164099  5.509 -100.00 -100.00 -100.00
 236    60.963 56998.17296204 20.61 207.986538  65.163366  5.437 -100.00 -100.00 -100.00
 236    61.177 56998.17296263 20.13 207.992536  65.162633  4.739 -100.00 -100.00 -100.00
 237    60.361 57008.08860921 19.41 207.967391  65.164200 13.508 -100.00 -100.00 -100.00
 237    60.528 57008.08860980 20.42 207.973390  65.163467 11.910 -100.00 -100.00 -100.00
 237    60.823 57008.08861039 20.12 207.979388  65.162734  8.319 -100.00 -100.00 -100.00
 237    60.938 57008.08861098 20.44 207.985385  65.162001  7.986 -100.00 -100.00 -100.00
 237    61.249 57008.08861157 19.95 207.991383  65.161268  6.603 -100.00 -100.00 -100.00
 238    68.421 57018.00426214 17.52 207.963689  65.162495  8.314 -100.00 -100.00 -100.00
 238    60.580 57018.00426273 17.28 207.969687  65.161762  5.761 -100.00 -100.00 -100.00
 238    61.003 57018.00426332 17.29 207.975685  65.161029  4.678 -100.00 -100.00 -100.00
 238    61.045 57018.00426391 17.41 207.981682  65.160296  5.051 -100.00 -100.00 -100.00
 239    60.594 57027.91991209 16.22 207.963443  65.161720  9.716 -100.00 -100.00 -100.00
 239    60.510 57027.91991268 17.09 207.969441  65.160987  6.828 -100.00 -100.00 -100.00
 239    60.777 57027.91991327 16.78 207.975438  65.160254  6.029 -100.00 -100.00 -100.00
 239    60.905 57027.91991386 16.93 207.981435  65.159521  5.113 -100.00 -100.00 -100.00
 240    60.532 57037.83556056 16.14 207.966640  65.162509 10.578 -100.00 -100.00 -100.00
 240    60.611 57037.83556115 16.87 207.972638  65.161776  7.769 -100.00 -100.00 -100.00
 240    60.974 57037.83556175 16.95 207.978635  65.161043  6.429 -100.00 -100.00 -100.00
 240    61.169 57037.83556234 17.26 207.984632  65.160310  6.682 -100.00 -100.00 -100.00
 241    92.358 57047.75120640  6.88 207.968701  65.164031  7.926 -100.00 -100.00 -100.00
 241    60.530 57047.75120699 14.09 207.974698  65.163299 16.244 -100.00 -100.00 -100.00
 241    61.282 57047.75120758 13.86 207.980696  65.162566 17.079 -100.00 -100.00 -100.00
 241    61.059 57047.75120817 15.92 207.986693  65.161832 12.726 -100.00 -100.00 -100.00
