#   10.380  -0.022   0.887 ;Mean Elev.(m), Avg Gradient(m/km), RMS Gradient(m/km)
   1 195.757305  62.713562     2.096     1.913  9 54661.12760284 35.242
   2 195.753647  62.713899     2.070     1.941  9 54671.04324787 35.914
   3 195.757179  62.713650     2.154     2.044  9 54680.95889208 33.675
   4 195.757110  62.714997     2.006     2.023  8 54690.87453468 38.569
   5 195.758734  62.715565     1.828     1.796  7 54700.79017525 39.933
   6 195.758898  62.714321     1.961     1.938  8 54710.70582172 37.423
   7 195.755813  62.712657     1.883     1.717  9 54720.62147291 37.753
   8 195.749123  62.711841     1.834     1.680 10 54730.53712101 35.879
   9 195.746612  62.711509     1.382     1.361 10 54740.45276777 37.507
  10 195.745196  62.712046     1.363     1.277 10 54750.36841447 37.751
  11 195.746093  62.712261     1.168     1.199 10 54760.28406124 41.060
  12 195.747970  62.711710     1.229     1.229  9 54770.19970579 33.905
  13 195.746988  62.711523     0.241     0.221  9 54780.11534678 28.329
  14 195.747218  62.710991     0.427     0.448 10 54790.03098541 27.537
  15 195.746763  62.711711     0.421     0.248  9 54799.94662284 25.133
  17 195.755351  62.713086     0.643     0.630  9 54819.77789986 27.106
  18 195.755934  62.713053     1.960     1.932  9 54829.69355229 12.852
  19 195.754345  62.712979     1.497     1.501  9 54839.60919102 12.690
  20 195.752798  62.713008     2.112     2.111  9 54849.52483997 13.800
  21 195.753608  62.713172     2.194     2.237 10 54859.44048859 14.594
  22 195.753553  62.713688     2.099     2.107  9 54869.35613719 14.926
  23 195.752070  62.713463     2.253     2.283  9 54879.27178469 12.862
  24 195.748710  62.712662     2.338     2.354  9 54889.18742895 13.581
  25 195.746080  62.711184     2.658     2.661 10 54899.10307017 12.598
  26 195.743782  62.711057     2.504     2.525 10 54909.01870898 13.331
  27 195.747588  62.711076     2.583     2.643 10 54918.93434712 12.334
  28 195.748658  62.712212     2.859     2.802  9 54928.84998470 12.593
  29 195.749788  62.712359     2.743     2.677  9 54938.76562159 12.305
  30 195.748369  62.712415     1.191     1.073 10 54948.68125657 31.137
  31 195.748832  62.711896     1.104     1.094 10 54958.59689351 35.027
  32 195.748314  62.711838     2.276     2.292 10 54968.51254201 40.590
  33 195.748668  62.712594     3.511     3.570 10 54978.42818933 30.260
  34 195.750730  62.712875     3.106     3.038  9 54988.34383680 28.561
  35 195.752034  62.712699     2.600     2.554 10 54998.25948438 35.574
  36 195.752266  62.712626     2.441     2.289  9 55008.17513007 35.559
  37 195.752944  62.712713     2.186     2.222  9 55018.09077387 48.445
  38 195.755405  62.712984     2.044     2.011  9 55028.00641647 37.536
  39 195.757340  62.713712     2.032     1.891  9 55037.92205852 34.465
  40 195.758786  62.714210     1.782     1.774  9 55047.83769947 34.802
  41 195.759003  62.713590     1.638     1.615  9 55057.75333847 38.396
  42 195.751755  62.713508     1.854     1.749  9 55067.66897560 36.395
  43 195.746824  62.712047     1.603     1.455 10 55077.58462555 37.156
  44 195.747079  62.710999     1.899     1.844 10 55087.50027342 32.927
  45 195.745707  62.712097     1.954     1.894 10 55097.41591925 34.450
  46 195.750473  62.711963     1.666     1.745 10 55107.33156531 36.014
  47 195.748249  62.712251     1.555     1.429 10 55117.24721003 46.604
  48 195.746162  62.711200     2.135     2.108 10 55127.16285261 28.948
  49 195.744947  62.710240     0.786     0.835 10 55137.07849300 41.844
  50 195.742922  62.711300     2.028     2.005 10 55146.99413129 32.531
  51 195.749263  62.712107     1.207     1.233  9 55156.90976974 18.363
  52 195.755637  62.712730     1.517     1.500  9 55166.82540824 16.474
  53 195.756628  62.713684     1.685     1.693  9 55176.74104584 25.857
  54 195.753740  62.713819     1.734     1.811  9 55186.65668849 29.711
  55 195.751223  62.713431     1.962     2.128  9 55196.57233935 28.743
  56 195.753731  62.712971     2.068     2.061 10 55206.48798941 23.009
  57 195.756995  62.713328     2.052     2.041  9 55216.40363882 22.784
  58 195.757380  62.713438     2.078     2.050  9 55226.31928735 22.611
  59 195.751633  62.713110     2.036     2.012  9 55236.23493294 21.298
  60 195.746857  62.711415     1.931     1.931 10 55246.15057539 20.963
  61 195.741556  62.710468     1.831     1.877 10 55256.06621508 18.736
  62 195.742858  62.710456     1.848     1.856 10 55265.98185409 16.996
  63 195.746961  62.711868     1.820     1.839 10 55275.89749251 17.230
  64 195.751818  62.712750     2.023     2.015 10 55285.81313016 15.807
  65 195.751922  62.712885     1.998     2.026  9 55295.72876545 16.392
  66 195.746853  62.712152     2.173     2.145 10 55305.64440470  8.393
  67 195.742352  62.711156     1.711     1.736 10 55315.56005151 10.519
  68 195.743615  62.711296     1.799     1.757 10 55325.47569711 24.229
  69 195.750217  62.711970     2.642     2.686  9 55335.39134187 33.431
  70 195.752353  62.713480     2.011     1.952  9 55345.30698573 40.797
  71 195.754879  62.713166     1.693     1.497  9 55355.22262884 33.605
  72 195.754271  62.712801     2.001     1.922  9 55365.13826966 31.799
  73 195.753412  62.712800     1.741     1.571 10 55375.05390888 34.361
  74 195.754922  62.713557     1.603     1.315  9 55384.96954720 36.708
  75 195.758440  62.714248     2.060     1.962  9 55394.88518489 31.519
  76 195.758611  62.715242     1.920     1.940  7 55404.80082394 35.716
  77 195.754748  62.714159     1.978     1.780  9 55414.71647531 36.178
  78 195.750346  62.711899     2.333     2.371 10 55424.63212366 34.572
  79 195.741141  62.711550     1.961     1.968 10 55434.54776869 33.236
  80 195.743352  62.710744     2.308     2.295 10 55444.46341327 33.211
  81 195.745311  62.711976     2.353     2.395 10 55454.37905643 32.834
  82 195.752776  62.712232     1.463     1.506  9 55464.29469939 36.781
  83 195.753549  62.712290     1.381     1.399  9 55474.21033921 48.818
  84 195.747938  62.712139     1.211     1.251  9 55484.12597555 39.679
  85 195.743073  62.711723     1.022     1.043 10 55494.04160993 43.595
  86 195.746768  62.711810     0.451     0.452 10 55503.95724396 38.376
  87 195.751019  62.712812     0.533     0.533 10 55513.87289284 32.995
  88 195.757091  62.713404     1.285     1.359  9 55523.78854301 33.989
  89 195.758700  62.713335     1.598     1.625  9 55533.70419115 19.909
  90 195.751916  62.713752     1.197     1.204  9 55543.61983663 19.506
  91 195.750967  62.712873     1.488     1.476  9 55553.53548078 18.676
  92 195.752354  62.712802     2.058     2.080  9 55563.45112388 11.952
  93 195.753415  62.713809     1.267     1.245  9 55573.36676617 28.380
  94 195.758318  62.712961     1.312     1.338  9 55583.28240763 24.670
  95 195.752243  62.713368     1.111     1.094  9 55593.19804456 29.967
  96 195.748785  62.712425     1.876     1.867  9 55603.11367856 14.246
  97 195.748179  62.711736     1.964     1.948 10 55613.02931075 14.802
  98 195.750110  62.712073     1.640     1.565  9 55622.94494695 18.155
  99 195.751560  62.712528     1.839     1.824  9 55632.86059998 16.856
 100 195.750965  62.713235     1.569     1.476  9 55642.77625057 16.381
 101 195.751973  62.712400     2.092     2.164  9 55652.69189860 15.120
 102 195.746387  62.711932     2.351     2.353 10 55662.60754175 12.151
 103 195.744400  62.711261     2.294     2.289 10 55672.52318215 12.018
 104 195.745748  62.711550     1.399     1.456  9 55682.43882118 36.912
 105 195.752478  62.712490     1.916     1.624 10 55692.35445907 23.697
 106 195.755801  62.714425     2.685     2.686  9 55702.27009493 52.335
 107 195.758903  62.714553     2.146     2.125  8 55712.18573787 35.299
 108 195.755341  62.714286     2.733     2.743  9 55722.10138704 23.879
 109 195.756710  62.712829     2.256     2.239  9 55732.01703481 33.082
 110 195.752049  62.713655     2.084     2.048  9 55741.93268058 36.475
 111 195.752643  62.713587     2.268     2.343  9 55751.84832568 35.228
 112 195.753588  62.713149     2.192     2.230  9 55761.76396855 35.852
 113 195.750552  62.713059     2.181     2.232  9 55771.67960817 34.965
 114 195.749262  62.711880     2.244     2.220 10 55781.59524455 34.976
 115 195.747452  62.712029     2.242     2.234  9 55791.51087807 40.646
 116 195.751727  62.712201     1.980     1.905  9 55801.42651084 34.583
 117 195.751523  62.712942     1.875     1.788 10 55811.34216081 34.360
 118 195.753852  62.712823     1.991     1.953  9 55821.25780957 36.054
 119 195.752829  62.712765     1.639     1.607 10 55831.17345327 39.922
 120 195.751268  62.712123     1.639     1.656  9 55841.08909242 35.440
 121 195.748148  62.712449     1.450     1.437 10 55851.00472834 40.217
 122 195.751308  62.713078     0.874     0.825  9 55860.92036284 32.490
 123 195.753976  62.713454     0.509     0.353  9 55870.83601555 37.555
 133 195.747735  62.711351     1.612     1.647 10 55969.99245554 13.757
 134 195.750718  62.712328     1.971     1.959 10 55979.90809211 14.045
 135 195.753553  62.712968     2.257     2.253 10 55989.82372787 12.041
 136 195.754500  62.712500     2.120     2.128  9 55999.73937152 11.189
 137 195.750460  62.711921     2.161     2.148  9 56009.65502210 10.656
 138 195.746501  62.711984     2.219     2.193 10 56019.57066847 11.211
 139 195.748030  62.711752     2.530     2.523  9 56029.48631234  9.696
 141 195.752782  62.713478     1.628     1.794  9 56049.31759413 12.124
 142 195.755320  62.714321     1.208     1.252  9 56059.23323133 27.951
 143 195.757071  62.714681     2.918     2.921  8 56069.14886586 36.232
 144 195.756888  62.713751     3.102     3.197  8 56079.06451704 27.376
 145 195.755421  62.713551     2.819     2.732  9 56088.98016535 32.844
 146 195.756799  62.713343     3.024     3.037  9 56098.89581147 24.484
 147 195.753765  62.713646     2.511     2.497  9 56108.81145481 51.769
 148 195.753539  62.712345     2.314     2.078  9 56118.72708412 35.516
 149 195.749992  62.711853     2.439     2.383 10 56128.64272095 52.570
 150 195.747795  62.712050     2.760     2.825  9 56138.55835433 22.955
 151 195.748050  62.712399     2.061     2.052  9 56148.47400201 45.042
 152 195.751034  62.712912     1.997     2.055  9 56158.38965123 38.405
 153 195.753206  62.712920     2.020     1.899 10 56168.30529930 37.823
 154 195.749850  62.712751     1.898     1.909 10 56178.22094397 38.549
 155 195.749407  62.711524     2.495     2.560 10 56188.13658453 34.966
 156 195.746704  62.711952     2.049     1.990  9 56198.05222130 33.943
 157 195.751169  62.712747     2.033     2.068 10 56207.96785587 36.799
 158 195.758418  62.713924     1.812     1.745  9 56217.88348909 34.144
 159 195.756445  62.715897     1.150     1.067  7 56227.79913315 44.791
 160 195.759591  62.714146     0.648     0.575  8 56237.71478807 32.955
 161 195.756353  62.713402     1.524     1.449  9 56247.63043843 21.507
 162 195.753720  62.713228     1.894     1.869 10 56257.54608375 18.472
 163 195.753738  62.713879     2.020     2.020  9 56267.46172581 16.936
 164 195.756226  62.714033     1.061     1.038  9 56277.37736644 27.360
 165 195.756021  62.713411     1.963     1.959  9 56287.29301443 14.904
 166 195.750634  62.712285     1.978     1.993 10 56297.20866337 15.124
 167 195.742269  62.711754     1.063     1.050 10 56307.12430804 27.319
 168 195.742369  62.710795     1.904     1.927 11 56317.03995071 12.681
 169 195.745424  62.711747     2.112     2.097 10 56326.95559198 11.566
 170 195.752585  62.712527     2.317     2.336 10 56336.87123269 11.827
 171 195.757080  62.712830     2.260     2.220  9 56346.78687167 10.997
 172 195.755524  62.712594     2.654     2.682  9 56356.70250763 14.988
 173 195.749061  62.711696     2.463     2.470  9 56366.61815507  9.865
 176 195.755179  62.713122     2.550     2.532  9 56396.36509324 10.939
 177 195.756631  62.714536     2.740     2.746  9 56406.28073452 10.441
 178 195.758314  62.714342     2.646     2.640  9 56416.19637250 11.214
 179 195.758859  62.713570     1.476     1.444  9 56426.11200570 21.413
 180 195.754141  62.713195     1.790     1.873 10 56436.02765510 46.760
 181 195.754223  62.712615     2.766     2.709  9 56445.94330699 39.104
 182 195.754481  62.713243     2.859     3.026  9 56455.85895645 39.258
 183 195.752345  62.713482     3.249     3.324  9 56465.77460268 26.229
 184 195.749782  62.712392     2.704     2.612  9 56475.69024517 34.726
 185 195.744648  62.711562     2.086     2.071 10 56485.60588388 39.980
 187 195.749372  62.712172     1.966     1.958  9 56505.43715475 37.263
 188 195.755182  62.714331     1.835     1.809  9 56515.35278790 44.042
 189 195.756741  62.714352     1.858     1.930  9 56525.26844173 43.521
 190 195.752140  62.713793     1.829     1.697  9 56535.18409214 44.320
 192 195.746337  62.711721     1.924     1.917  9 56555.01538310 37.098
 193 195.751480  62.712170     1.805     1.666 10 56564.93102633 35.314
 194 195.757399  62.713709     1.972     2.074  9 56574.84666822 42.225
 195 195.756057  62.716269     1.998     2.011  7 56584.76230647 41.238
 196 195.757244  62.716199     1.872     1.871  7 56594.67794238 45.808
 197 195.755941  62.713847     1.880     1.971  9 56604.59359557 39.592
 198 195.751668  62.713047     1.063     0.999  9 56614.50924348 42.930
 199 195.752398  62.713006     0.985     0.572  9 56624.42488786 31.670
 200 195.755058  62.713173     1.525     1.370  9 56634.34052955 44.657
 201 195.757481  62.713430     1.026     1.027  9 56644.25616633 39.462
 202 195.752333  62.712556     1.533     1.581  9 56654.17181887 22.985
 203 195.746653  62.711498     0.993     0.967 10 56664.08746716 31.475
 205 195.744495  62.711986     1.330     1.318 10 56683.91875789 41.959
 206 195.751176  62.712547     1.689     1.887  9 56693.83440131 30.857
 207 195.756832  62.713046     2.229     2.287  9 56703.75004032 24.148
 208 195.757299  62.713030     1.897     2.116  9 56713.66567359 24.758
 209 195.749908  62.712612     1.926     1.906 10 56723.58132223 18.306
 210 195.747229  62.711880     1.655     1.639  9 56733.49697268 17.443
 211 195.749488  62.712620     2.079     2.049 10 56743.41261993 18.707
 212 195.755905  62.713659     2.287     2.272  9 56753.32826317 21.185
 213 195.758599  62.715100     1.910     2.178  8 56763.24390065 40.300
 214 195.757737  62.715622     1.633     1.772  8 56773.15953344 38.769
 215 195.755250  62.713346     1.520     1.471  9 56783.07519098 39.587
 216 195.750095  62.712484     1.924     1.957 10 56792.99084451 36.294
 217 195.747380  62.712404     2.298     2.261 10 56802.90649545 35.909
 218 195.748771  62.712688     2.199     2.220  9 56812.82213881 52.325
 219 195.750844  62.712424     2.269     2.252 10 56822.73777874 34.690
 220 195.748612  62.712626     2.175     2.185  9 56832.65341401 37.867
 221 195.750242  62.711944     2.116     2.123  9 56842.56904629 37.809
 222 195.749872  62.712128     2.378     2.297  9 56852.48468612 32.287
 223 195.748587  62.712529     2.299     2.294 10 56862.40034004 37.708
 224 195.750120  62.712891     2.256     2.278  9 56872.31599364 39.581
 225 195.752273  62.712536     2.230     2.271  9 56882.23164429 37.348
 226 195.749687  62.712674     1.960     1.940 10 56892.14729085 51.697
 227 195.748218  62.712016     1.954     1.912 10 56902.06293458 35.868
 228 195.748618  62.712096     1.758     1.803 10 56911.97857651 39.550
 229 195.750771  62.713027     1.789     1.773  9 56921.89421697 45.379
 230 195.755563  62.714147     1.788     1.765  9 56931.80985545 41.358
 231 195.758795  62.714994     2.043     1.915  8 56941.72548864 31.245
 232 195.755862  62.715411     1.183     1.089  8 56951.64113037 42.453
 233 195.756007  62.713283     1.299     1.256  9 56961.55678184 41.804
 234 195.753553  62.712662     1.198     1.162  9 56971.47242792 44.847
 235 195.752467  62.712943     1.488     1.465  9 56981.38806990 44.578
 236 195.752800  62.713486     0.784     0.699  9 56991.30370751 37.300
 237 195.753235  62.713992     0.657     0.578  9 57001.21933877 26.520
 238 195.749479  62.712889     1.480     1.514  9 57011.13499610 23.942
 239 195.748261  62.711700     0.920     0.890 10 57021.05064786 28.692
 240 195.747899  62.711800     1.051     0.996 10 57030.96629674 22.119
 241 195.748221  62.712517     1.238     1.210 10 57040.88194381 18.282
