# NaN NaN NaN ;Mean Elev.(m), Avg Gradient(m/km), RMS Gradient(m/km)
   2 201.226107  64.000691    29.678    29.755  5 54673.84868322 43.586
   3 201.227282  64.002587     2.308     1.814  5 54683.76432689 23.478
   4 201.228866  64.003378    29.469    29.469  5 54693.67996912 35.479
   5 201.227211  64.001600     3.570     2.312  4 54703.59560833 22.410
   6 201.225113  63.999052    29.066    29.087  5 54713.51125779 52.261
   7 201.223597  63.997203    17.991    18.873  5 54723.42690816 16.550
   8 201.224381  63.997533    28.078    28.063  5 54733.34255663 52.078
   9 201.224813  63.999524    28.131    27.995  5 54743.25820380 48.857
  10 201.225224  64.000954    27.351    27.317  4 54753.17385065 42.455
  11 201.225810  64.000623    74.975    74.860  5 54763.08949689 23.179
  12 201.225159  63.998343    27.659    27.637  4 54773.00514029 34.363
  13 201.223566  63.996324    80.726    76.919  4 54782.92078079  3.848
  14 201.222671  63.996085    27.711    27.708  4 54792.83641914 24.332
  17 201.224790  63.999414    27.815    27.811  4 54822.58333674 18.575
  18 201.224525  63.999061    27.719    27.718  4 54832.49897698 13.818
  19 201.224376  63.999565    27.608    27.609  5 54842.41462712 13.376
  20 201.226610  64.001837    28.384    28.355  5 54852.33027648  9.373
  21 201.228523  64.004448    29.232    29.371  4 54862.24592554  9.295
  22 201.231143  64.005900    30.099    30.533  5 54872.16157456  9.207
  23 201.227383  64.003697    28.511    28.468  5 54882.07722079 10.734
  24 201.224434  64.000041    30.134    30.089  4 54891.99286366  9.836
  25 201.222896  63.997422    29.138    28.921  5 54901.90850388 10.736
  26 201.223619  63.997808    30.249    30.281  5 54911.82414293  9.011
  27 201.224530  63.999733    29.700    29.900  4 54921.73978105  8.891
  28 201.224977  64.000686    30.549    30.502  5 54931.65541834  9.885
  29 201.224720  63.999045    30.683    30.683  4 54941.57105379  9.296
  30 201.222966  63.995771    26.465    26.450  4 54951.48668728 38.323
  31 201.222523  63.993945    31.099    31.105  4 54961.40232846 41.485
  32 201.220110  63.994621    32.057    32.024  4 54971.31797695 53.801
  33 201.224954  63.997851    32.799    32.861  4 54981.23362522 29.485
  34 201.226039  64.000070    31.661    31.997  5 54991.14927278 35.237
  35 201.226777  64.000682    31.105    30.698  5 55001.06491979 32.557
  36 201.226475  64.000477    31.907    32.084  5 55010.98056484 29.160
  37 201.224687  63.999820    30.021    30.013  4 55020.89620818 30.106
  38 201.227274  64.001311    30.517    30.485  5 55030.81185098 31.161
  39 201.226615  64.002566    29.084    29.210  5 55040.72749275 29.719
  40 201.227163  64.003026    28.288    28.233  5 55050.64313311 45.679
  41 201.226349  64.001067    28.067    28.024  5 55060.55877099 49.478
  42 201.225118  63.997989    27.734    27.777  4 55070.47441192 27.150
  43 201.222974  63.995775    28.248    28.145  4 55080.39006068 50.296
  44 201.222491  63.996179    28.136    28.096  4 55090.30570805 26.541
  45 201.225648  63.999032    80.632    76.269  5 55100.22135505  3.570
  46 201.227690  64.001374    28.427    27.970  5 55110.13700144 30.571
  47 201.225937  64.000550    27.455    27.383  5 55120.05264557 46.049
  48 201.224570  63.997836    26.956    27.154  5 55129.96828693 48.827
  49 201.221646  63.995154    26.284    26.273  4 55139.88392613 36.990
  50 201.224163  63.995919    27.326    27.325  4 55149.79956502 28.852
  51 201.224084  63.997956    27.058    27.119  5 55159.71520352 20.603
  52 201.225839  64.000040    27.040    27.032  5 55169.63084180 17.903
  53 201.224352  63.999927    27.186    27.146  4 55179.54647844 16.424
  54 201.224563  63.999443    28.040    28.405  5 55189.46212509 15.146
  55 201.226079  64.000178    27.492    27.383  4 55199.37777578 14.203
  56 201.226312  64.001518    27.181    27.191  5 55209.29342565 13.343
  57 201.228278  64.003334    27.261    27.266  4 55219.20907526 12.661
  58 201.225977  64.002970    27.204    27.160  5 55229.12472346 12.211
  59 201.226137  64.001589    27.221    27.248  4 55239.04036864 11.755
  60 201.225712  63.999147    27.903    27.476  4 55248.95601007 14.340
  61 201.224166  63.997358    28.223    28.156  4 55258.87164906 12.560
  62 201.222277  63.997068    27.464    27.435  4 55268.78728735 12.321
  63 201.225546  63.998894    27.309    27.408  5 55278.70292601 11.911
  64 201.226205  63.999483    27.285    27.307  4 55288.61856303 11.511
  65 201.224403  63.998117    26.554    26.554  5 55298.53419727 23.545
  66 201.222421  63.996011    27.213    27.252  4 55308.44983995 30.600
  67 201.222050  63.995040    26.410    26.380  4 55318.36548595 36.189
  68 201.223089  63.995932    29.977    29.970  5 55328.28113125 41.768
  69 201.223593  63.998037    28.550    28.551  4 55338.19677603 50.597
  70 201.225953  64.000265    29.027    28.917  4 55348.11242057 51.015
  71 201.225568  64.000844    28.430    28.325  4 55358.02806296 30.013
  72 201.225141  64.000596    28.702    28.793  5 55367.94370317 48.294
  73 201.225528  64.000328    28.209    28.203  5 55377.85934196 29.341
  74 201.227128  64.000691    29.065    29.040  5 55387.77498008 31.507
  75 201.226812  64.000636    29.040    28.986  5 55397.69061704 30.552
  76 201.226542  64.000034    29.167    29.184  4 55407.60626074 39.396
  77 201.224837  63.998731    29.818    29.699  5 55417.52191145 36.581
  78 201.224418  63.997251    30.101    30.169  4 55427.43755880 27.322
  79 201.222289  63.996357    29.298    29.413  5 55437.35320341 38.977
  80 201.224705  63.997525    28.820    28.907  5 55447.26884734 34.883
  81 201.225984  63.998851    92.150    92.164  4 55457.18449084 24.046
  82 201.225163  63.999194    28.137    28.063  5 55467.10013339 26.368
  83 201.225220  63.998246    27.233    27.237  5 55477.01577268 27.616
  84 201.222727  63.996160    26.308    26.262  5 55486.93140845 37.884
  85 201.220316  63.994584    25.705    25.714  4 55496.84704203 39.615
  86 201.222161  63.995664    25.206    25.167  5 55506.76267851 38.397
  87 201.225069  63.998278    26.500    26.507  4 55516.67832943 35.426
  88 201.226887  64.000280    26.821    26.829  4 55526.59397927 37.692
  89 201.225950  64.000828    26.676    26.729  5 55536.50962672 23.887
  90 201.227449  64.001354    26.881    26.873  4 55546.42527222 20.182
  91 201.226725  64.001739    26.893    26.923  4 55556.34091573 18.170
  92 201.226311  64.002288    26.927    26.832  4 55566.25655845 15.252
  93 201.226617  64.001939    26.798    26.760  5 55576.17220052 15.153
  94 201.225745  63.999996    26.828    26.772  4 55586.08784053 14.747
  95 201.223835  63.997290    27.029    27.019  4 55596.00347715 13.129
  96 201.223687  63.995799    27.184    27.046  4 55605.91911091 11.762
  97 201.223602  63.995506    27.676    27.591  4 55615.83474263 11.374
  98 201.224785  63.996811    28.133    28.129  4 55625.75038435 13.728
  99 201.224432  63.997681    27.653    27.669  4 55635.66603639 10.934
 100 201.225501  63.997821    26.861    26.878  4 55645.58168639 12.086
 101 201.222478  63.996470    26.917    27.154  5 55655.49733311 12.203
 102 201.221848  63.995818    28.722    28.668  4 55665.41297562 10.901
 104 201.223619  63.997680    27.455    27.086  5 55685.24425372 33.144
 105 201.224403  63.998767    28.426    28.404  4 55695.15989081 48.961
 106 201.225069  63.998992    29.563    29.487  5 55705.07552652 48.591
 107 201.225246  63.999156    31.690    31.698  5 55714.99117420 48.395
 108 201.225271  63.999762    30.240    30.163  5 55724.90682322 49.198
 109 201.227647  64.001301    29.606    29.712  5 55734.82247060 52.865
 110 201.226186  64.001959    30.513    30.532  4 55744.73811625 31.066
 111 201.227896  64.001932    30.325    30.279  5 55754.65376049 27.426
 112 201.226267  63.999465    29.692    29.689  4 55764.56940190 53.935
 113 201.223343  63.996337    29.988    30.002  4 55774.48504032 53.592
 114 201.223818  63.995047    29.840    29.836  4 55784.40067600 31.258
 115 201.222773  63.995587    29.452    29.457  4 55794.31630945 52.097
 116 201.224538  63.997372    29.320    29.323  4 55804.23194703 51.638
 117 201.224918  63.998371    28.979    29.094  4 55814.14759677 28.482
 118 201.223481  63.997069    29.524    29.531  4 55824.06324404 20.612
 119 201.222983  63.995335    75.925    76.023  4 55833.97888667 23.946
 120 201.221343  63.994323    29.102    29.043  5 55843.89452525 22.447
 121 201.222463  63.995541    27.243    27.277  5 55853.81016123 50.346
 122 201.224012  63.997821    26.435    26.452  5 55863.72579886 44.906
 123 201.224309  63.999939    25.332    25.357  5 55873.64145276 35.841
 133 201.224042  63.996702    28.221    28.247  4 55972.79788900 11.029
 134 201.224178  63.998574    28.437    28.421  4 55982.71352520 10.931
 135 201.223910  63.998451    27.358    27.260  5 55992.62915940 10.537
 136 201.225169  63.997546    28.259    28.248  4 56002.54480768 10.407
 137 201.224264  63.995670    27.845    27.707  4 56012.46045696  9.807
 139 201.224332  63.997466    26.786    26.821  5 56032.29174654 27.665
 141 201.227469  64.001879    28.026    28.028  4 56052.12302738 40.539
 142 201.226221  64.000885    30.090    30.039  4 56062.03866314 43.183
 143 201.225711  63.999136    29.683    29.658  4 56071.95430255 48.017
 144 201.224593  63.998980    31.310    31.248  5 56081.86995286 33.539
 145 201.227050  64.000573    31.031    31.062  4 56091.78560104 27.549
 146 201.227324  64.001919    30.552    30.548  4 56101.70124664 25.212
 147 201.226378  64.001366    29.861    29.696  5 56111.61687766 28.682
 148 201.223791  63.998548    30.675    30.624  5 56121.53251644 51.028
 149 201.222596  63.995204    29.733    29.735  4 56131.44815157 31.043
 150 201.220666  63.993453    29.689    29.674  4 56141.36378644 52.182
 151 201.223605  63.996075    29.278    29.276  4 56151.27943791 50.906
 152 201.224308  63.998862    29.070    29.036  4 56161.19508743 31.443
 153 201.225405  64.000117    29.146    29.161  5 56171.11073512 32.332
 154 201.223727  63.998423    29.379    29.369  4 56181.02637805 27.687
 155 201.223444  63.996294    28.989    28.989  4 56190.94201716 49.723
 156 201.224439  63.995623    76.940    77.208  3 56200.85765368  7.676
 157 201.224411  63.996891    29.223    29.266  4 56210.77328796 22.862
 158 201.226058  63.999150    28.061    28.063  4 56220.68892056 48.199
 159 201.227145  64.001480    26.963    27.195  5 56230.60457189 42.868
 160 201.228044  64.001806    26.868    26.824  5 56240.52022497 36.211
 161 201.225323  64.000546    27.067    27.055  4 56250.43587361 32.393
 162 201.225777  63.999789    27.560    27.554  4 56260.35151784 36.387
 163 201.226748  64.000256    27.545    27.585  5 56270.26715979 25.927
 164 201.225368  64.000407    27.386    27.435  5 56280.18279980 20.189
 165 201.226199  64.001058    27.415    27.427  5 56290.09845168 22.541
 166 201.224535  63.999375    27.549    27.514  5 56300.01409959 21.636
 167 201.223334  63.997079    27.715    27.706  4 56309.92974342 14.495
 168 201.222510  63.995900    27.849    27.703  4 56319.84538500 13.862
 169 201.223249  63.997150    27.897    27.882  4 56329.76102605 12.481
 170 201.225434  63.999209    27.921    28.029  5 56339.67666652 12.311
 171 201.224547  63.999461    28.011    28.000  4 56349.59230440 11.551
 172 201.225065  63.998006    28.043    28.025  5 56359.50794062 11.818
 173 201.221578  63.996314    28.314    28.330  4 56369.42359039 11.893
 175 201.226153  63.999479    28.880    28.695  4 56389.25488386 11.623
 176 201.225407  64.001500    28.154    27.995  5 56399.17052737 13.486
 177 201.225774  64.002501    27.290    27.484  5 56409.08616836 30.847
 178 201.225699  64.001566    28.108    27.625  4 56419.00180467 31.670
 179 201.225332  63.999751    27.204    27.300  5 56428.91743846 31.042
 180 201.226134  64.000102    27.889    27.813  4 56438.83309218 50.660
 181 201.226240  64.000740    32.008    31.941  4 56448.74874331 28.678
 182 201.225373  64.001034    32.579    32.542  4 56458.66439210 53.760
 183 201.226169  64.000547    30.679    30.626  4 56468.58003767 22.322
 184 201.226067  63.999232    29.914    29.807  5 56478.49567909 25.936
 185 201.225275  63.997446    29.329    29.174  4 56488.41131654 25.621
 187 201.222537  63.996348    29.110    29.102  4 56508.24258544 23.700
 188 201.224987  63.997557    28.584    28.587  4 56518.15822457 27.119
 189 201.225391  63.998583    28.080    28.092  4 56528.07387892 30.302
 190 201.225276  63.998551    28.628    28.901  5 56537.98952888 26.207
 191 201.223018  63.997712    28.572    28.510  5 56547.90517455 24.971
 192 201.224969  63.998657    28.503    28.573  5 56557.82081814 27.580
 193 201.225071  63.999940    28.318    27.919  5 56567.73646065 29.596
 194 201.228241  64.001988    28.241    28.530  5 56577.65210217 33.532
 195 201.226014  64.001685    28.546    28.523  4 56587.56773940 48.996
 196 201.225464  64.000871    27.695    27.510  5 56597.48338051 49.500
 197 201.227430  64.000951    26.368    26.454  5 56607.39903226 44.233
 198 201.226296  64.000728    27.498    27.528  4 56617.31467882 29.058
 199 201.226959  64.000848    26.850    26.785  5 56627.23032223 33.086
 200 201.224378  63.999868    27.532    27.558  5 56637.14596249 27.627
 201 201.226030  63.998912    27.568    27.563  4 56647.06160424 25.680
 202 201.223064  63.997665    27.590    27.627  5 56656.97725599 22.311
 203 201.222815  63.997143    27.455    27.533  5 56666.89290369 19.303
 205 201.225731  63.999315    27.151    27.116  5 56686.72419316 22.880
 206 201.226186  63.999769    27.286    27.297  4 56696.63983512 20.594
 207 201.223547  63.998410    27.540    27.561  5 56706.55547205 19.314
 208 201.223094  63.997039    27.559    27.543  5 56716.47110583 19.273
 209 201.224783  63.998235    27.885    27.956  4 56726.38675925 18.163
 211 201.226153  64.002297    27.476    27.566  5 56746.21805484 24.181
 212 201.228090  64.003124    27.581    27.570  5 56756.13369667 19.385
 213 201.227655  64.001864    26.729    26.692  4 56766.04933238 42.157
 214 201.225502  64.000206    26.810    26.414  5 56775.96497264 41.240
 215 201.224712  64.000705    28.848    28.772  5 56785.88062919 48.134
 216 201.226752  64.002248    30.315    30.254  4 56795.79628242 36.754
 217 201.227331  64.002975    29.778    29.753  5 56805.71193108 28.581
 219 201.223948  63.998990    30.389    30.242  5 56825.54321069 45.997
 220 201.225032  63.997233    30.192    30.187  4 56835.45884541 23.631
 221 201.223102  63.996273    30.732    30.714  5 56845.37447667 52.506
 222 201.225032  63.998024    30.073    30.180  5 56855.29012365 24.007
 223 201.225470  63.999774    30.665    30.689  4 56865.20577746 53.364
 224 201.226910  64.000449    30.036    30.065  5 56875.12143042 35.693
 225 201.225290  63.999797    29.587    29.565  4 56885.03707984 21.550
 226 201.224148  63.999130    29.137    29.126  4 56894.95272630 30.991
 227 201.225532  64.000130    29.350    29.311  5 56904.86836996 26.049
 228 201.226645  64.002135    29.413    29.430  4 56914.78401152 28.336
 229 201.227132  64.003637    28.800    28.810  5 56924.69965114 50.033
 230 201.227205  64.003498    28.527    28.301  5 56934.61528776 23.867
 231 201.226673  64.001383    27.797    27.757  5 56944.53091887 45.133
 232 201.226619  63.999991    27.539    27.628  5 56954.44656767 44.847
 233 201.226102  63.999791    26.948    27.010  4 56964.36221745 38.409
 234 201.226086  64.000887    27.475    27.444  4 56974.27786279 41.405
 235 201.228349  64.002120    27.634    27.622  5 56984.19350397 27.748
 236 201.226295  64.000501    27.768    27.784  4 56994.10913954 30.880
 237 201.222453  63.997018    27.536    27.535  4 57004.02477755 22.548
 238 201.223565  63.995980    27.588    27.623  4 57013.94043371 21.898
 239 201.224363  63.996645    27.550    27.532  4 57023.85608490 25.504
 240 201.225661  63.999293    27.653    27.653  4 57033.77173377 18.934
 241 201.226554  64.001305    27.828    27.883  5 57043.68738013 15.641
