#     +Inf  -2.697   5.056 ;Mean Elev.(m), Avg Gradient(m/km), RMS Gradient(m/km)
   1 201.229050  64.013141    29.114    28.928  5 54663.07884241 20.108
   2 201.218334  64.015599    67.447    67.447  2 54672.99448615  1.691
   3 201.227025  64.015011    16.778    16.733  6 54682.91013056  9.614
   4 201.228377  64.015736    30.569    30.347  6 54692.82577293 34.090
   5 201.231451  64.015195    18.166    18.191  6 54702.74141313 12.156
   6 201.225278  64.014387    29.008    28.723  6 54712.65706155 18.335
   7 201.221714  64.012778    12.136    12.032  6 54722.57271231  9.217
  10 201.209183  64.014266   117.636   117.636  2 54752.31965285  9.677
  11 201.219682  64.012249    75.677    75.430  5 54762.23530025 23.849
  12 201.216784  64.011663    27.583    27.581  6 54772.15094385 34.898
  13 201.216673  64.010768    75.208    75.311  6 54782.06658477 10.570
  14 201.215162  64.011215    27.846    27.844  6 54791.98222301 25.311
  17 201.223723  64.013992    27.995    27.956  6 54821.72913984 18.298
  18 201.222982  64.013339    27.925    27.950  5 54831.64479201 13.965
  19 201.220545  64.013312    27.815    27.828  6 54841.56043050 13.314
  20 201.222391  64.013474    28.064    28.117  5 54851.47607962  9.046
  21 201.224641  64.014291    28.243    28.066  6 54861.39172830  8.926
  22 201.226825  64.014494    28.208    28.153  5 54871.30737704  9.001
  23 201.223983  64.013865    28.060    28.071  6 54881.22302379 10.333
  24 201.219996  64.012140    28.147    28.173  6 54891.13866729  9.914
  25 201.216449  64.010516    28.175    28.053  6 54901.05430790  9.965
  26 201.215290  64.010692    28.552    28.584  6 54910.96994680  8.394
  27 201.216577  64.012135    28.455    28.449  6 54920.88558470  8.203
  28 201.222756  64.012588    28.666    28.655  6 54930.80122261  9.053
  29 201.220850  64.012913    28.696    28.487  5 54940.71685849  9.121
  30 201.218374  64.012214    75.763    75.442  5 54950.63249276 16.331
  31 201.214865  64.011642    81.715    85.906  6 54960.54813262 10.262
  32 201.216202  64.011670    89.708    93.171  6 54970.46378138 11.372
  33 201.221197  64.012320    30.589    30.568  6 54980.37942919 42.850
  34 201.223624  64.013297    30.971    30.935  5 54990.29507646 34.968
  36 201.221758  64.013191    74.813    76.136  5 55010.12636848  1.611
  37 201.217374  64.013773    60.236    64.537  4 55020.04201165  5.933
  38 201.222688  64.013793    78.171    78.455  6 55029.95765457 20.698
  39 201.227966  64.014257    30.034    29.946  6 55039.87329686 23.338
  40 201.228582  64.015299    28.327    28.178  6 55049.78893734 28.824
  41 201.227031  64.014815    28.200    28.138  5 55059.70457565 45.525
  42 201.222898  64.013068    27.901    27.856  5 55069.62021571 49.538
  43 201.216677  64.011346    27.960    28.003  6 55079.53586485 38.516
  46 201.222300  64.012556    82.246    82.022  6 55109.28280469 25.762
  47 201.220082  64.012867    28.305    28.265  6 55119.19844884 49.082
  48 201.218576  64.011145    26.593    26.638  6 55129.11409076 41.612
  49 201.212310  64.010396    26.659    26.651  5 55139.02973014 39.550
  50 201.213479  64.010632    27.404    27.406  5 55148.94536886 27.354
  51 201.219170  64.012339    27.407    27.412  6 55158.86100750 19.316
  52 201.225344  64.013897    27.355    27.358  5 55168.77664593 17.918
  53 201.226699  64.014703    27.397    27.391  6 55178.69228309 17.023
  54 201.224387  64.013930    27.617    27.656  6 55188.60792857 14.327
  55 201.222049  64.013235    27.466    27.421  5 55198.52357912 13.812
  56 201.224599  64.013066    27.248    27.246  6 55208.43922912 13.773
  57 201.224946  64.014293    27.242    27.268  6 55218.35487823 12.889
  58 201.225344  64.014364    27.181    27.126  5 55228.27052667 12.733
  59 201.222880  64.013326    27.329    27.328  6 55238.18617194 12.362
  60 201.219315  64.011282    27.361    27.353  6 55248.10181366 12.838
  61 201.212247  64.010577    27.389    27.392  6 55258.01745257 12.821
  62 201.212377  64.010729    27.368    27.331  6 55267.93309132 12.732
  63 201.217321  64.011844    27.327    27.351  5 55277.84873005 13.106
  64 201.221514  64.012900    27.366    27.424  5 55287.76436751 12.858
  65 201.221847  64.013301    27.446    27.540  5 55297.68000231 18.208
  66 201.219220  64.011928    27.432    27.414  6 55307.59564424 35.154
  67 201.214649  64.010805    79.470    77.170  5 55317.51129040 12.192
  68 201.216490  64.010475    80.985    80.645  6 55327.42693589 10.470
  70 201.222111  64.013723    28.923    28.978  6 55347.25822448 48.501
  71 201.229570  64.013181    54.303    46.278  5 55357.17386759  8.694
  72 201.224207  64.013854    84.374    84.296  6 55367.08950740  1.227
  73 201.224036  64.013438    74.457    74.422  5 55377.00514635 27.776
  74 201.218551  64.015057    72.158    70.347  3 55386.92078381  0.296
  75 201.229047  64.014243    47.727    47.068  4 55396.83642206  5.926
  76 201.228555  64.014847    29.691    29.837  6 55406.75206443 20.548
  77 201.224108  64.014034    29.586    29.578  5 55416.66771534 19.188
  78 201.217275  64.012522    69.494    67.827  6 55426.58336270  3.445
  79 201.214207  64.011082    55.886    58.947  6 55436.49900765  5.785
  80 201.216209  64.010568    77.375    77.079  6 55446.41465162 12.770
  81 201.219123  64.011389    28.829    28.816  6 55456.33029497 52.286
  82 201.222152  64.012356    28.195    28.218  6 55466.24593762 48.664
  83 201.222375  64.012510    27.909    27.774  6 55476.16157697 29.069
  84 201.218463  64.012151    26.391    26.372  6 55486.07721285 35.795
  85 201.214868  64.011712    25.904    25.908  6 55495.99284665 43.940
  86 201.219719  64.011604    25.589    25.568  6 55505.90848201 42.812
  87 201.219958  64.012981    26.771    26.776  6 55515.82413251 40.119
  88 201.226277  64.013544    27.079    27.081  6 55525.73978273 36.941
  89 201.226375  64.014043    26.879    26.881  6 55535.65543039 26.093
  90 201.224138  64.013857    26.780    26.747  5 55545.57107578 22.116
  91 201.223523  64.013412    27.044    27.079  5 55555.48671946 17.945
  92 201.224261  64.013489    26.918    26.950  6 55565.40236226 14.922
  93 201.223838  64.014039    26.858    26.827  6 55575.31800427 15.211
  94 201.224125  64.013544    26.954    26.977  5 55585.23364476 16.374
  95 201.221089  64.012976    26.976    26.962  6 55595.14928164 13.964
  96 201.219429  64.012188    26.843    26.826  5 55605.06491545 11.621
  97 201.219016  64.012137    26.673    26.679  6 55614.98054727 11.621
  98 201.220397  64.012534    27.804    27.709  5 55624.89618727 13.541
  99 201.219881  64.012860    27.024    27.094  6 55634.81183968 10.814
 100 201.219712  64.012816    25.207    25.193  6 55644.72748997 17.809
 101 201.217520  64.012566    25.581    25.641  6 55654.64313728 15.374
 102 201.216128  64.011899    27.434    27.580  6 55664.55878016 11.942
 103 201.216732  64.011454    26.367    26.550  6 55674.47442018 10.899
 104 201.213575  64.012893    80.732    81.454  5 55684.39005803  8.752
 105 201.222291  64.013065    82.974    83.646  5 55694.30569584  9.473
 106 201.227525  64.013999    60.416    64.206  6 55704.22133187  9.768
 107 201.226267  64.014662    31.876    31.864  6 55714.13697775 40.888
 108 201.225301  64.014303    30.856    30.937  6 55724.05262675 24.798
 109 201.225029  64.014009    30.413    30.411  5 55733.96827390 16.116
 110 201.225246  64.013980    30.818    30.783  5 55743.88391984 15.143
 111 201.223966  64.013958    30.333    30.365  5 55753.79956420 43.479
 112 201.221567  64.013383    29.329    29.317  6 55763.71520622 29.713
 113 201.220804  64.012073    30.373    30.368  6 55773.63084565 52.503
 114 201.216394  64.011799    29.948    29.985  6 55783.54648124 39.281
 115 201.219036  64.012027    50.717    50.459  6 55793.46211491  7.850
 116 201.221752  64.013139    28.949    28.945  6 55803.37775066 19.839
 117 201.221880  64.013562    81.409    81.628  6 55813.29340031 10.535
 118 201.221849  64.012915    76.721    76.452  5 55823.20904816 25.340
 119 201.220070  64.012135    29.239    29.226  6 55833.12469112 49.581
 120 201.218738  64.011851    28.472    28.766  5 55843.04032985 29.518
 121 201.218442  64.012736    80.046    79.565  6 55852.95596557 12.906
 122 201.224642  64.013536    26.683    26.675  6 55862.87160168 44.662
 123 201.225159  64.014069    25.605    25.652  5 55872.78725591 40.851
 133 201.217235  64.011549    26.865    26.880  6 55971.94369307 10.449
 134 201.222126  64.012986    27.187    27.294  6 55981.85932957 10.846
 135 201.225058  64.013757    27.116    27.039  5 55991.77496451 10.425
 136 201.222626  64.013099    27.149    27.102  6 56001.69061129 10.217
 137 201.219057  64.011446    26.836    26.843  6 56011.60626123  9.919
 138 201.214498  64.011381    26.864    26.833  6 56021.52190719  9.848
 141 201.225552  64.014378    72.557    72.390  6 56051.26883170 12.278
 142 201.226668  64.014837    84.058    84.307  6 56061.18446802  9.623
 143 201.226429  64.014322    84.796    82.999  6 56071.10010605 12.272
 144 201.224168  64.013699    75.064    75.659  6 56081.01575653  1.874
 145 201.224905  64.013662    67.379    75.636  6 56090.93140463  5.090
 146 201.226277  64.014284    30.890    30.859  6 56100.84705037 18.853
 147 201.225282  64.014225    30.313    30.333  6 56110.76268178 49.060
 148 201.224135  64.012754    30.717    30.665  6 56120.67832160 44.977
 149 201.219616  64.011556    29.700    29.738  6 56130.59395739 16.809
 150 201.214390  64.011899    80.754    82.774  4 56140.50959064  0.773
 151 201.219428  64.011668    29.551    29.541  6 56150.42524206 49.206
 152 201.220238  64.013476    28.917    28.884  6 56160.34089099 21.183
 153 201.223693  64.013724    71.471    72.336  6 56170.25653873  2.013
 154 201.221880  64.012873    36.496    29.795  5 56180.17218224 15.715
 155 201.216859  64.011946    29.141    29.108  6 56190.08782146 49.389
 156 201.216560  64.011411    29.583    29.693  5 56200.00345814 20.741
 157 201.213584  64.014089    81.366    81.563  3 56209.91909187  2.697
 158 201.227361  64.014755    28.875    28.798  5 56219.83472552 47.866
 159 201.232346  64.015282    27.365    27.315  6 56229.75037499 47.680
 160 201.228227  64.015146    27.031    27.020  6 56239.66602810 39.050
 161 201.226824  64.013753    27.067    27.089  6 56249.58167763 30.688
 162 201.223028  64.013340    27.371    27.404  6 56259.49732199 31.172
 163 201.224665  64.013544    27.495    27.556  6 56269.41296403 29.113
 164 201.223982  64.014522    27.318    27.277  6 56279.32860403 21.062
 165 201.224833  64.014085    27.224    27.159  6 56289.24425459 23.338
 166 201.220511  64.012834    27.145    27.165  5 56299.15990268 22.789
 167 201.215799  64.011202    27.485    27.518  6 56309.07554683 14.113
 168 201.212509  64.010625    27.571    27.598  6 56318.99118863 13.522
 169 201.217582  64.011064    27.543    27.554  6 56328.90683014 12.312
 170 201.221656  64.012850    27.332    27.327  5 56338.82247058 12.214
 171 201.226627  64.013677    27.727    27.656  6 56348.73810918 11.037
 172 201.223741  64.013739    27.501    27.542  5 56358.65374417 10.905
 173 201.218181  64.012074    27.658    27.660  5 56368.56939447 11.387
 175 201.218911  64.012050    27.947    28.071  5 56388.40068786 11.305
 176 201.224543  64.013819    27.940    27.939  5 56398.31633156 10.765
 177 201.228834  64.014986    27.972    28.017  6 56408.23197275 29.207
 178 201.228254  64.015231    28.085    28.188  5 56418.14760941 33.050
 180 201.223685  64.013416    81.160    81.032  6 56437.97889523 16.226
 181 201.213733  64.014833    91.201    91.131  3 56447.89454558 13.057
 182 201.225297  64.013158    83.068    79.022  5 56457.81019598  8.538
 183 201.221077  64.013612    56.535    61.396  5 56467.72584150  4.773
 184 201.220647  64.012457    30.168    30.188  6 56477.64148344 16.324
 185 201.213431  64.012243    74.910    74.578  4 56487.55712089 23.121
 187 201.219210  64.012445    29.245    29.292  6 56507.38839098 30.413
 188 201.223875  64.013974    81.002    80.927  6 56517.30402793 14.002
 189 201.218534  64.015334    78.645    74.659  3 56527.21968157  0.810
 190 201.222312  64.013750    64.963    67.381  6 56537.13533207  3.924
 192 201.219086  64.011939    29.209    29.409  5 56556.96662165 17.002
 193 201.219452  64.013062    82.208    78.553  5 56566.88226422 13.003
 194 201.233816  64.012791    27.456    27.281  3 56576.79790687 24.662
 195 201.230508  64.015372    75.774    76.121  6 56586.71354425 24.775
 196 201.230612  64.015485    27.367    27.345  6 56596.62918386 25.864
 197 201.224230  64.014689    73.332    73.497  6 56606.54483538 19.332
 198 201.223515  64.013383    26.339    26.279  6 56616.46048253 37.798
 199 201.223320  64.013204    26.959    26.970  5 56626.37612609 33.064
 200 201.223985  64.013469    27.136    27.144  6 56636.29176692 27.404
 201 201.223980  64.013585    27.251    27.259  5 56646.20740698 27.019
 202 201.222010  64.012385    27.395    27.403  6 56656.12305917 25.007
 203 201.217699  64.011504    27.507    27.524  6 56666.03870680 22.823
 206 201.222562  64.012568    27.280    27.270  6 56695.78563924 25.380
 207 201.222350  64.013699    27.234    27.228  6 56705.70127697 24.425
 208 201.222315  64.013903    27.110    27.106  6 56715.61690929 25.598
 209 201.222008  64.012403    27.117    27.047  6 56725.53256284 25.115
 211 201.222926  64.013157    27.134    27.178  5 56745.36385867 21.637
 212 201.226783  64.014208    27.022    27.072  5 56755.27950086 20.987
 213 201.230103  64.014768    26.534    26.626  6 56765.19513742 43.064
 214 201.228086  64.014828    74.548    74.451  5 56775.11077541 14.257
 215 201.224739  64.013747    29.800    29.800  5 56785.02643200 45.289
 216 201.220248  64.013472    64.419    63.353  6 56794.94208482  4.207
 217 201.221304  64.012791    80.448    80.528  6 56804.85773440 11.762
 219 201.217433  64.012708    30.305    30.306  6 56824.68901545 36.657
 220 201.217374  64.012268    30.254    30.273  6 56834.60465058 16.357
 221 201.219714  64.012340    28.944    30.419  5 56844.52028245 19.252
 222 201.219993  64.012891    29.924    29.947  6 56854.43592691 18.457
 223 201.221291  64.012956    30.939    30.733  5 56864.35158066 37.617
 224 201.221146  64.012903    76.030    75.700  6 56874.26723361 28.049
 225 201.220722  64.012533    30.124    30.106  6 56884.18288340 14.808
 226 201.219254  64.012315    29.161    29.093  6 56894.09852989 23.698
 227 201.219728  64.012229    29.555    29.604  5 56904.01417339 52.439
 228 201.221382  64.012889    29.867    30.051  6 56913.92981495 45.287
 229 201.222844  64.014178    28.452    28.463  6 56923.84545475 26.112
 230 201.226972  64.014841    28.125    28.180  6 56933.76109228 21.002
 231 201.227236  64.015466    28.204    28.137  6 56943.67672419 39.860
 232 201.224788  64.014788    27.670    27.710  6 56953.59237095 50.861
 233 201.221803  64.013943    26.928    26.911  6 56963.50802104 37.813
 234 201.222261  64.013646    27.608    27.589  6 56973.42366655 39.037
 235 201.223760  64.013931    27.907    27.919  5 56983.33930777 30.245
 236 201.224628  64.013955    28.011    27.999  6 56993.25494418 32.277
 237 201.223695  64.013193    27.741    27.707  6 57003.17058049 26.160
 238 201.217681  64.011999    27.867    27.890  5 57013.08623662 25.234
 239 201.214611  64.011808    76.585    72.900  6 57023.00188757 16.187
 240 201.220359  64.012030    27.913    27.923  6 57032.91753671 20.770
 241 201.223389  64.013002    27.698    27.705  6 57042.83318335 16.805
