#   61.003  -1.801   6.145 ;Mean Elev.(m), Avg Gradient(m/km), RMS Gradient(m/km)
   2    64.298 54673.84940334 50.71 208.223597  65.103077  1.443 -100.00 -100.00 -100.00
   2    64.196 54673.84940393 44.13 208.229566  65.103832   -100 -100.00 -100.00 -100.00
   2    64.251 54673.84940452 44.59 208.235535  65.104586   -100 -100.00 -100.00 -100.00
   4    64.733 54693.68068906 45.63 208.225071  65.105385   -100 -100.00 -100.00 -100.00
   4    64.670 54693.68068965 46.57 208.231040  65.106139   -100 -100.00 -100.00 -100.00
   4    64.698 54693.68069024 47.54 208.237010  65.106893   -100 -100.00 -100.00 -100.00
   6    63.949 54713.51197760 53.88 208.218188  65.101200 16.457 -100.00 -100.00 -100.00
   6    64.025 54713.51197819 51.89 208.224156  65.101955   -100 -100.00 -100.00 -100.00
   6    64.178 54713.51197878 48.52 208.230124  65.102709   -100 -100.00 -100.00 -100.00
   8    63.575 54733.34327627 39.87 208.215506  65.099138   -100 -100.00 -100.00 -100.00
   8    63.792 54733.34327686 41.37 208.221474  65.099892   -100 -100.00 -100.00 -100.00
   8    63.803 54733.34327745 43.03 208.227441  65.100646   -100 -100.00 -100.00 -100.00
   9    63.480 54743.25892346 45.92 208.217044  65.100964   -100 -100.00 -100.00 -100.00
   9    63.669 54743.25892405 49.31 208.223012  65.101718   -100 -100.00 -100.00 -100.00
   9    63.464 54743.25892464 49.42 208.228980  65.102472   -100 -100.00 -100.00 -100.00
  10    63.477 54753.17457072 42.29 208.222355  65.102872   -100 -100.00 -100.00 -100.00
  10    63.348 54753.17457131 44.12 208.228323  65.103626   -100 -100.00 -100.00 -100.00
  10    63.625 54753.17457190 45.69 208.234292  65.104379   -100 -100.00 -100.00 -100.00
  11    63.441 54763.09021657 38.80 208.219273  65.102103   -100 -100.00 -100.00 -100.00
  11    63.449 54763.09021716 39.28 208.225242  65.102857   -100 -100.00 -100.00 -100.00
  11    63.602 54763.09021775 40.46 208.231211  65.103611   -100 -100.00 -100.00 -100.00
  12    64.064 54773.00585984 35.25 208.216903  65.099812 31.188 -100.00 -100.00 -100.00
  12    63.983 54773.00586043 34.32 208.222872  65.100566 28.736 -100.00 -100.00 -100.00
  12    64.008 54773.00586102 35.60 208.228841  65.101320   -100 -100.00 -100.00 -100.00
  13    63.981 54782.92150039 25.94 208.215356  65.098026 10.472 -100.00 -100.00 -100.00
  13    64.106 54782.92150098 33.73 208.221324  65.098781 30.616 -100.00 -100.00 -100.00
  13    63.971 54782.92150157 28.62 208.227293  65.099535 18.760 -100.00 -100.00 -100.00
  14    63.981 54792.83713889 23.60 208.215936  65.098098  8.442 -100.00 -100.00 -100.00
  14    64.051 54792.83713948 23.13 208.221905  65.098852  8.118 -100.00 -100.00 -100.00
  17    63.900 54822.58405665 20.06 208.220015  65.101751  7.300 -100.00 -100.00 -100.00
  17    63.980 54822.58405725 20.01 208.225984  65.102505  7.410 -100.00 -100.00 -100.00
  17    63.940 54822.58405784 20.60 208.231953  65.103260  8.421 -100.00 -100.00 -100.00
  18    63.935 54832.49969690 18.45 208.219543  65.101267  5.807 -100.00 -100.00 -100.00
  18    63.993 54832.49969749 19.01 208.225511  65.102021  6.703 -100.00 -100.00 -100.00
  18    64.038 54832.49969808 18.65 208.231480  65.102775  7.264 -100.00 -100.00 -100.00
  19    63.972 54842.41534724 20.33 208.221548  65.101854  9.286 -100.00 -100.00 -100.00
  19    64.039 54842.41534783 20.37 208.227517  65.102608 10.448 -100.00 -100.00 -100.00
  19    64.004 54842.41534842 19.29 208.233485  65.103362  7.963 -100.00 -100.00 -100.00
  20    64.010 54852.33099662 19.76 208.224883  65.103880  8.908 -100.00 -100.00 -100.00
  20    64.011 54852.33099721 20.30 208.230852  65.104634 11.056 -100.00 -100.00 -100.00
  20    63.923 54852.33099780 19.12 208.236821  65.105388  8.096 -100.00 -100.00 -100.00
  21    64.087 54862.24664515 18.10 208.222393  65.105620  7.380 -100.00 -100.00 -100.00
  21    63.947 54862.24664574 17.95 208.228363  65.106374  7.790 -100.00 -100.00 -100.00
  21    64.119 54862.24664633 17.33 208.234333  65.107127  6.877 -100.00 -100.00 -100.00
  21    63.870 54862.24664693 17.47 208.240303  65.107881  7.217 -100.00 -100.00 -100.00
  22    64.155 54872.16229425 16.00 208.226495  65.107012  5.257 -100.00 -100.00 -100.00
  22    64.079 54872.16229484 15.18 208.232465  65.107766  4.912 -100.00 -100.00 -100.00
  22    64.119 54872.16229543 15.64 208.238436  65.108519  5.963 -100.00 -100.00 -100.00
  23    64.217 54882.07794068 13.52 208.224146  65.105315  4.736 -100.00 -100.00 -100.00
  23    64.186 54882.07794127 13.37 208.230116  65.106069  4.108 -100.00 -100.00 -100.00
  23    64.013 54882.07794186 13.92 208.236086  65.106822  4.298 -100.00 -100.00 -100.00
  23    64.034 54882.07794245 13.12 208.242057  65.107576  4.047 -100.00 -100.00 -100.00
  24    64.411 54891.99358351 13.15 208.219943  65.101854  3.711 -100.00 -100.00 -100.00
  24    64.347 54891.99358410 13.29 208.225912  65.102608  3.768 -100.00 -100.00 -100.00
  24    64.290 54891.99358469 13.64 208.231881  65.103362  4.226 -100.00 -100.00 -100.00
  25    65.672 54901.90922374 11.60 208.217880  65.099333  2.713 -100.00 -100.00 -100.00
  25    65.050 54901.90922433 11.47 208.223849  65.100088  2.681 -100.00 -100.00 -100.00
  25    64.401 54901.90922492 11.42 208.229818  65.100842  3.005 -100.00 -100.00 -100.00
  26    66.287 54911.82486277 11.32 208.218377  65.099596  3.222 -100.00 -100.00 -100.00
  26    65.441 54911.82486336 11.26 208.224346  65.100350  3.693 -100.00 -100.00 -100.00
  26    64.627 54911.82486395 11.17 208.230315  65.101104  3.546 -100.00 -100.00 -100.00
  27    64.290 54921.74050110 12.20 208.221778  65.101728  4.680 -100.00 -100.00 -100.00
  27    64.468 54921.74050169 12.23 208.227747  65.102482  4.697 -100.00 -100.00 -100.00
  27    64.427 54921.74050228 12.43 208.233717  65.103236  5.155 -100.00 -100.00 -100.00
  28    64.097 54931.65613809 27.40 208.219004  65.102362 26.032 -100.00 -100.00 -100.00
  28    64.122 54931.65613868 26.51 208.224973  65.103116 22.075 -100.00 -100.00 -100.00
  28    64.550 54931.65613927 24.86 208.230942  65.103870 16.959 -100.00 -100.00 -100.00
  28    64.552 54931.65613986 25.22 208.236912  65.104624 20.456 -100.00 -100.00 -100.00
  29    63.735 54941.57177362 31.87 208.218595  65.101034   -100 -100.00 -100.00 -100.00
  29    63.794 54941.57177421 30.32 208.224563  65.101788   -100 -100.00 -100.00 -100.00
  29    63.939 54941.57177480 29.23 208.230531  65.102542 28.588 -100.00 -100.00 -100.00
  30    63.950 54951.48740716 45.42 208.216097  65.098139   -100 -100.00 -100.00 -100.00
  30    64.184 54951.48740776 43.20 208.222064  65.098894   -100 -100.00 -100.00 -100.00
  31    63.911 54961.40304839 43.42 208.215343  65.096382   -100 -100.00 -100.00 -100.00
  31    63.874 54961.40304898 44.33 208.221309  65.097137   -100 -100.00 -100.00 -100.00
  32    64.352 54971.31869731 34.55 208.217468  65.097596 28.759 -100.00 -100.00 -100.00
  32    64.147 54971.31869790 35.50 208.223435  65.098351   -100 -100.00 -100.00 -100.00
  33    63.733 54981.23434497 41.29 208.217342  65.099718   -100 -100.00 -100.00 -100.00
  33    63.941 54981.23434556 46.11 208.223310  65.100472  4.860 -100.00 -100.00 -100.00
  33    64.047 54981.23434615 42.25 208.229278  65.101227   -100 -100.00 -100.00 -100.00
  35    64.282 55001.06563987 52.10 208.223816  65.102844  0.308 -100.00 -100.00 -100.00
  35    64.147 55001.06564046 46.17 208.229785  65.103598   -100 -100.00 -100.00 -100.00
  35    64.203 55001.06564105 47.40 208.235754  65.104352   -100 -100.00 -100.00 -100.00
  36    64.470 55010.98128479 39.01 208.222331  65.102452   -100 -100.00 -100.00 -100.00
  36    64.125 55010.98128538 38.11 208.228300  65.103206   -100 -100.00 -100.00 -100.00
  36    64.165 55010.98128597 38.72 208.234269  65.103960   -100 -100.00 -100.00 -100.00
  37    63.928 55020.89692817 51.08 208.220773  65.101917 16.577 -100.00 -100.00 -100.00
  37    64.498 55020.89692876 52.22 208.226742  65.102671   -100 -100.00 -100.00 -100.00
  37    64.252 55020.89692935 49.00 208.232711  65.103425   -100 -100.00 -100.00 -100.00
  38    64.390 55030.81257135 49.08 208.227707  65.103741  2.229 -100.00 -100.00 -100.00
  38    64.426 55030.81257194 49.42 208.233676  65.104495  4.747 -100.00 -100.00 -100.00
  39    64.228 55040.72821292 46.07 208.225095  65.104770   -100 -100.00 -100.00 -100.00
  39    64.304 55040.72821351 46.29 208.231065  65.105524   -100 -100.00 -100.00 -100.00
  39    64.095 55040.72821410 49.14 208.237034  65.106277   -100 -100.00 -100.00 -100.00
  40    64.142 55050.64385305 48.96 208.223153  65.105014   -100 -100.00 -100.00 -100.00
  40    64.182 55050.64385364 45.71 208.229122  65.105768   -100 -100.00 -100.00 -100.00
  40    64.249 55050.64385423 46.51 208.235091  65.106522   -100 -100.00 -100.00 -100.00
  40    64.311 55050.64385482 46.20 208.241061  65.107275   -100 -100.00 -100.00 -100.00
  41    63.853 55060.55949107 51.83 208.222953  65.103416 10.760 -100.00 -100.00 -100.00
  41    63.946 55060.55949166 48.69 208.228922  65.104170   -100 -100.00 -100.00 -100.00
  41    63.990 55060.55949225 50.31 208.234890  65.104925 10.861 -100.00 -100.00 -100.00
  42    64.278 55070.47513180 46.40 208.218720  65.100165 32.731 -100.00 -100.00 -100.00
  42    64.106 55070.47513239 50.19 208.224688  65.100920   -100 -100.00 -100.00 -100.00
  42    64.360 55070.47513298 48.29 208.230656  65.101674   -100 -100.00 -100.00 -100.00
  43    64.429 55080.39078047 51.64 208.214995  65.097772   -100 -100.00 -100.00 -100.00
  43    64.635 55080.39078106 49.31 208.220962  65.098527   -100 -100.00 -100.00 -100.00
  43    64.687 55080.39078165 51.90 208.226929  65.099281   -100 -100.00 -100.00 -100.00
  44    63.415 55090.30642781 29.14 208.214551  65.097995 20.989 -100.00 -100.00 -100.00
  44    63.609 55090.30642840 30.33 208.220518  65.098749 26.353 -100.00 -100.00 -100.00
  44    63.739 55090.30642899 33.48 208.226485  65.099503 31.012 -100.00 -100.00 -100.00
  46   130.018 55110.13772126 13.28 208.222504  65.102897 11.633 -100.00 -100.00 -100.00
  46   130.881 55110.13772185 10.72 208.228473  65.103651 10.079 -100.00 -100.00 -100.00
  46   108.834 55110.13772244 13.68 208.234442  65.104404 20.086 -100.00 -100.00 -100.00
  47    63.001 55120.05336512 40.47 208.218055  65.101936   -100 -100.00 -100.00 -100.00
  47    63.353 55120.05336571 46.06 208.224024  65.102690   -100 -100.00 -100.00 -100.00
  47    63.494 55120.05336630 46.53 208.229993  65.103444 31.336 -100.00 -100.00 -100.00
  47    63.266 55120.05336689 49.60 208.235962  65.104198   -100 -100.00 -100.00 -100.00
  48   127.833 55129.96900659  7.81 208.217273  65.099546  7.950 -100.00 -100.00 -100.00
  48   127.257 55129.96900718 13.99 208.223242  65.100300 16.565 -100.00 -100.00 -100.00
  48   127.330 55129.96900778 15.47 208.229210  65.101054 16.524 -100.00 -100.00 -100.00
  49    62.752 55139.88464590 28.33 208.214746  65.097191 15.146 -100.00 -100.00 -100.00
  49    62.691 55139.88464649 31.19 208.220714  65.097945 24.897 -100.00 -100.00 -100.00
  50    63.734 55149.80028441 33.56 208.213746  65.097351 27.503 -100.00 -100.00 -100.00
  50    63.572 55149.80028500 33.44 208.219714  65.098106 31.016 -100.00 -100.00 -100.00
  50    63.565 55149.80028559 32.81 208.225683  65.098860 29.532 -100.00 -100.00 -100.00
  51    63.384 55159.71592307 24.68 208.215654  65.099679 11.670 -100.00 -100.00 -100.00
  51    63.671 55159.71592366 23.75 208.221622  65.100434 10.221 -100.00 -100.00 -100.00
  51    63.566 55159.71592425 23.46 208.227591  65.101188 10.178 -100.00 -100.00 -100.00
  52    63.476 55169.63156162 20.93 208.220332  65.102126  6.570 -100.00 -100.00 -100.00
  52    64.515 55169.63156221 20.27 208.226301  65.102880  6.409 -100.00 -100.00 -100.00
  52    63.647 55169.63156280 21.83 208.232270  65.103634  8.268 -100.00 -100.00 -100.00
  53    63.608 55179.54719846 21.12 208.220515  65.102475  8.623 -100.00 -100.00 -100.00
  53    64.533 55179.54719905 20.33 208.226483  65.103230  7.188 -100.00 -100.00 -100.00
  53    63.623 55179.54719964 20.70 208.232452  65.103984  8.205 -100.00 -100.00 -100.00
  54    63.457 55189.46284509 21.42 208.220378  65.101849  9.956 -100.00 -100.00 -100.00
  54    63.645 55189.46284568 20.67 208.226346  65.102603  8.244 -100.00 -100.00 -100.00
  54    63.683 55189.46284627 20.72 208.232314  65.103357  8.780 -100.00 -100.00 -100.00
  55    63.521 55199.37849581 21.07 208.222485  65.102309  9.405 -100.00 -100.00 -100.00
  55    63.697 55199.37849640 20.11 208.228454  65.103063  8.985 -100.00 -100.00 -100.00
  55    63.484 55199.37849699 21.62 208.234423  65.103817 10.210 -100.00 -100.00 -100.00
  56    63.437 55209.29414541 20.25 208.220517  65.103140  9.392 -100.00 -100.00 -100.00
  56    63.547 55209.29414600 20.07 208.226485  65.103894 10.125 -100.00 -100.00 -100.00
  56    63.372 55209.29414659 21.11 208.232455  65.104648  9.866 -100.00 -100.00 -100.00
  56    63.450 55209.29414718 20.53 208.238424  65.105402  9.015 -100.00 -100.00 -100.00
  57    63.579 55219.20979532 20.43 208.226223  65.105201  9.907 -100.00 -100.00 -100.00
  57    63.445 55219.20979591 20.70 208.232193  65.105955 10.640 -100.00 -100.00 -100.00
  57    63.480 55219.20979650 21.28 208.238163  65.106709 11.655 -100.00 -100.00 -100.00
  58    63.468 55229.12544356 20.46 208.224462  65.105031 10.063 -100.00 -100.00 -100.00
  58    63.488 55229.12544415 20.33 208.230431  65.105785  9.585 -100.00 -100.00 -100.00
  58    63.436 55229.12544474 21.12 208.236401  65.106538 12.294 -100.00 -100.00 -100.00
  59    63.500 55239.04108820 20.24 208.218968  65.102981 10.568 -100.00 -100.00 -100.00
  59    63.543 55239.04108879 20.37 208.224937  65.103735  9.549 -100.00 -100.00 -100.00
  59    63.566 55239.04108938 20.55 208.230906  65.104489 11.858 -100.00 -100.00 -100.00
  59    63.433 55239.04108997 20.60 208.236876  65.105243 10.582 -100.00 -100.00 -100.00
  60    63.297 55248.95672993 22.42 208.221001  65.100938 13.528 -100.00 -100.00 -100.00
  60    63.556 55248.95673052 19.66 208.226970  65.101692  9.631 -100.00 -100.00 -100.00
  60    63.384 55248.95673111 21.45 208.232939  65.102446 14.228 -100.00 -100.00 -100.00
  61    63.389 55258.87236855 21.43 208.215272  65.098714 13.797 -100.00 -100.00 -100.00
  61    63.502 55258.87236914 20.30 208.221240  65.099468 10.323 -100.00 -100.00 -100.00
  61    63.420 55258.87236973 21.23 208.227209  65.100223 12.924 -100.00 -100.00 -100.00
  62    63.546 55268.78800750 18.50 208.219767  65.099356  8.516 -100.00 -100.00 -100.00
  62    63.565 55268.78800809 18.69 208.225735  65.100110  9.331 -100.00 -100.00 -100.00
  63    63.413 55278.70364562 19.27 208.217816  65.100359 10.765 -100.00 -100.00 -100.00
  63    63.532 55278.70364621 18.99 208.223784  65.101113 10.052 -100.00 -100.00 -100.00
  63    63.479 55278.70364680 18.94 208.229753  65.101867  9.935 -100.00 -100.00 -100.00
  64    63.349 55288.61928276 26.48 208.219444  65.101203 17.842 -100.00 -100.00 -100.00
  64    63.339 55288.61928335 25.16 208.225412  65.101957 13.664 -100.00 -100.00 -100.00
  64    63.340 55288.61928394 26.18 208.231381  65.102711 18.089 -100.00 -100.00 -100.00
  65    63.466 55298.53491691 39.70 208.215867  65.100019   -100 -100.00 -100.00 -100.00
  65    63.615 55298.53491750 39.71 208.221835  65.100773   -100 -100.00 -100.00 -100.00
  65    63.401 55298.53491809 41.52 208.227802  65.101528  5.335 -100.00 -100.00 -100.00
  66    63.339 55308.45056015 44.36 208.218592  65.098709   -100 -100.00 -100.00 -100.00
  66    63.414 55308.45056074 44.81 208.224559  65.099463  4.514 -100.00 -100.00 -100.00
  67    63.504 55318.36620606 43.50 208.217059  65.097503  2.156 -100.00 -100.00 -100.00
  67    63.605 55318.36620665 44.31 208.223025  65.098257  7.691 -100.00 -100.00 -100.00
  68    63.071 55328.28185085 36.65 208.213415  65.097585   -100 -100.00 -100.00 -100.00
  68    63.074 55328.28185144 36.25 208.219382  65.098339   -100 -100.00 -100.00 -100.00
  68    63.038 55328.28185203 38.83 208.225349  65.099093   -100 -100.00 -100.00 -100.00
  70    63.346 55348.11314033 46.58 208.219423  65.102032  3.788 -100.00 -100.00 -100.00
  70    63.759 55348.11314092 47.99 208.225392  65.102786   -100 -100.00 -100.00 -100.00
  70    63.663 55348.11314151 48.19 208.231360  65.103540   -100 -100.00 -100.00 -100.00
  71    64.013 55358.02878285 38.01 208.220632  65.102873   -100 -100.00 -100.00 -100.00
  71    63.772 55358.02878344 38.66 208.226600  65.103627   -100 -100.00 -100.00 -100.00
  71    63.893 55358.02878403 35.83 208.232569  65.104381   -100 -100.00 -100.00 -100.00
  73    64.048 55377.86006196 49.01 208.221754  65.102517   -100 -100.00 -100.00 -100.00
  73    63.962 55377.86006256 51.83 208.227722  65.103271  7.457 -100.00 -100.00 -100.00
  73    63.924 55377.86006315 49.79 208.233691  65.104025  7.762 -100.00 -100.00 -100.00
  74    64.252 55387.77570006 42.86 208.223130  65.102814   -100 -100.00 -100.00 -100.00
  74    64.513 55387.77570065 40.68 208.229098  65.103569 30.138 -100.00 -100.00 -100.00
  74    64.398 55387.77570124 41.54 208.235067  65.104323   -100 -100.00 -100.00 -100.00
  77    64.290 55417.52263159 48.02 208.221145  65.101239  6.598 -100.00 -100.00 -100.00
  77    64.287 55417.52263218 47.56 208.227113  65.101993  2.633 -100.00 -100.00 -100.00
  77    64.338 55417.52263277 48.07 208.233081  65.102747   -100 -100.00 -100.00 -100.00
  78    63.982 55427.43827851 38.76 208.215880  65.099043  1.832 -100.00 -100.00 -100.00
  78    64.205 55427.43827910 35.98 208.221847  65.099797   -100 -100.00 -100.00 -100.00
  78    64.380 55427.43827969 37.22 208.227815  65.100552   -100 -100.00 -100.00 -100.00
  79    63.733 55437.35392328 45.33 208.215235  65.098318   -100 -100.00 -100.00 -100.00
  79    63.962 55437.35392387 44.85 208.221202  65.099073   -100 -100.00 -100.00 -100.00
  79    63.985 55437.35392446 45.70 208.227169  65.099827   -100 -100.00 -100.00 -100.00
  80    63.656 55447.26956716 52.93 208.217790  65.099226 24.244 -100.00 -100.00 -100.00
  80    63.876 55447.26956775 55.08 208.223757  65.099980 24.336 -100.00 -100.00 -100.00
  80    63.890 55447.26956834 54.43 208.229725  65.100734  8.744 -100.00 -100.00 -100.00
  81    64.178 55457.18521027 50.68 208.215793  65.100025   -100 -100.00 -100.00 -100.00
  81    64.082 55457.18521086 48.64 208.221761  65.100779   -100 -100.00 -100.00 -100.00
  81    64.076 55457.18521145 50.05 208.227729  65.101533   -100 -100.00 -100.00 -100.00
  82    63.363 55467.10085296 44.93 208.216674  65.100708   -100 -100.00 -100.00 -100.00
  82    63.572 55467.10085355 51.42 208.222642  65.101462   -100 -100.00 -100.00 -100.00
  82    63.544 55467.10085414 50.47 208.228611  65.102216   -100 -100.00 -100.00 -100.00
  83    63.238 55477.01649219 43.50 208.216063  65.099850   -100 -100.00 -100.00 -100.00
  83    63.382 55477.01649278 47.73 208.222031  65.100605   -100 -100.00 -100.00 -100.00
  83    63.390 55477.01649337 49.68 208.227999  65.101359   -100 -100.00 -100.00 -100.00
  84    62.950 55486.93212850 32.03 208.218551  65.098736 21.946 -100.00 -100.00 -100.00
  84    63.018 55486.93212909 33.31 208.224519  65.099491 24.054 -100.00 -100.00 -100.00
  85   113.180 55496.84776207 15.72 208.215613  65.097359  8.958 -100.00 -100.00 -100.00
  85   113.465 55496.84776266 20.77 208.221581  65.098114 27.768 -100.00 -100.00 -100.00
  86    63.859 55506.76339847 39.12 208.217016  65.098265   -100 -100.00 -100.00 -100.00
  86    64.013 55506.76339906 42.98 208.222984  65.099020   -100 -100.00 -100.00 -100.00
  87    64.136 55516.67904925 37.44 208.219201  65.100386 31.013 -100.00 -100.00 -100.00
  87    64.069 55516.67904984 42.65 208.225169  65.101141   -100 -100.00 -100.00 -100.00
  87    64.315 55516.67905043 42.66 208.231138  65.101895   -100 -100.00 -100.00 -100.00
  88    64.058 55526.59469914 30.05 208.221902  65.102292 21.672 -100.00 -100.00 -100.00
  88    64.345 55526.59469973 30.50 208.227871  65.103046 20.673 -100.00 -100.00 -100.00
  88    64.136 55526.59470032 34.10 208.233840  65.103800   -100 -100.00 -100.00 -100.00
  89    64.239 55536.51034659 22.38 208.220947  65.102834  8.150 -100.00 -100.00 -100.00
  89    64.344 55536.51034718 23.15 208.226916  65.103588  9.514 -100.00 -100.00 -100.00
  89    64.297 55536.51034777 22.42 208.232885  65.104342  8.738 -100.00 -100.00 -100.00
  90    64.226 55546.42599203 19.57 208.221937  65.103106  6.237 -100.00 -100.00 -100.00
  90    64.151 55546.42599262 21.00 208.227905  65.103860  9.290 -100.00 -100.00 -100.00
  90    64.254 55546.42599321 19.83 208.233874  65.104614  7.783 -100.00 -100.00 -100.00
  91    64.173 55556.34163588 23.59 208.224845  65.103857 13.570 -100.00 -100.00 -100.00
  91    64.137 55556.34163647 23.05 208.230814  65.104611 13.519 -100.00 -100.00 -100.00
  91    64.282 55556.34163706 23.36 208.236784  65.105365 14.230 -100.00 -100.00 -100.00
  92    64.096 55566.25727845 21.23 208.223212  65.104205 11.116 -100.00 -100.00 -100.00
  92    64.214 55566.25727904 21.56 208.229181  65.104959 11.961 -100.00 -100.00 -100.00
  92    64.204 55566.25727963 20.27 208.235150  65.105713  9.429 -100.00 -100.00 -100.00
  93    64.127 55576.17292037 23.73 208.222144  65.103770 16.317 -100.00 -100.00 -100.00
  93    64.111 55576.17292096 21.74 208.228113  65.104524 11.632 -100.00 -100.00 -100.00
  93    64.247 55576.17292155 22.67 208.234082  65.105278 12.577 -100.00 -100.00 -100.00
  94    63.920 55586.08856036 24.32 208.220557  65.102006 19.793 -100.00 -100.00 -100.00
  94    64.164 55586.08856095 23.41 208.226525  65.102761 16.727 -100.00 -100.00 -100.00
  94    64.115 55586.08856154 22.84 208.232495  65.103515 16.513 -100.00 -100.00 -100.00
  95    64.037 55596.00419673 21.31 208.215520  65.099266 11.006 -100.00 -100.00 -100.00
  95    63.995 55596.00419732 23.51 208.221488  65.100020 17.612 -100.00 -100.00 -100.00
  95    64.146 55596.00419791 22.36 208.227456  65.100775 15.256 -100.00 -100.00 -100.00
  96    64.158 55605.91983068 17.52 208.216918  65.098114  7.029 -100.00 -100.00 -100.00
  96    64.160 55605.91983127 18.31 208.222886  65.098869  8.922 -100.00 -100.00 -100.00
  97    64.174 55615.83546255 14.34 208.218176  65.098079  4.222 -100.00 -100.00 -100.00
  97    64.371 55615.83546314 14.05 208.224144  65.098834  3.831 -100.00 -100.00 -100.00
  98    67.000 55625.75110392 13.21 208.216082  65.098824  3.414 -100.00 -100.00 -100.00
  98    66.249 55625.75110451 12.97 208.222050  65.099579  3.529 -100.00 -100.00 -100.00
  98    64.306 55625.75110510 12.89 208.228018  65.100333  3.429 -100.00 -100.00 -100.00
  99    64.233 55635.66675622 14.55 208.218240  65.099877  6.127 -100.00 -100.00 -100.00
  99    64.230 55635.66675681 15.18 208.224208  65.100631  6.985 -100.00 -100.00 -100.00
  99    64.388 55635.66675740 13.90 208.230176  65.101386  5.932 -100.00 -100.00 -100.00
 100    63.986 55645.58240630 17.23 208.220023  65.099995  9.362 -100.00 -100.00 -100.00
 100    64.164 55645.58240689 15.77 208.225991  65.100749  8.321 -100.00 -100.00 -100.00
 101    63.660 55655.49805331 19.54 208.219138  65.099102 15.062 -100.00 -100.00 -100.00
 101    64.100 55655.49805390 15.52 208.225106  65.099857  7.242 -100.00 -100.00 -100.00
 102    62.941 55665.41369563 20.80 208.216282  65.098193 18.392 -100.00 -100.00 -100.00
 102    63.832 55665.41369622 16.33 208.222249  65.098947  9.706 -100.00 -100.00 -100.00
 103    63.801 55675.32933558 35.48 208.218334  65.098770   -100 -100.00 -100.00 -100.00
 103    63.931 55675.32933617 33.11 208.224301  65.099524   -100 -100.00 -100.00 -100.00
 104   113.012 55685.24497338 18.99 208.215110  65.099477   -100 -100.00 -100.00 -100.00
 104   112.917 55685.24497397 13.97 208.221077  65.100232   -100 -100.00 -100.00 -100.00
 104   113.306 55685.24497456 28.13 208.227045  65.100986   -100 -100.00 -100.00 -100.00
 105   112.218 55695.16061101  2.68 208.221790  65.101349  7.955 -100.00 -100.00 -100.00
 105   114.188 55695.16061160 14.59 208.227758  65.102103 11.658 -100.00 -100.00 -100.00
 105   115.082 55695.16061219 14.15 208.233726  65.102857  6.922 -100.00 -100.00 -100.00
 106    63.524 55705.07624642 52.83 208.219549  65.101382 27.271 -100.00 -100.00 -100.00
 106    63.659 55705.07624701 52.59 208.225517  65.102136 19.025 -100.00 -100.00 -100.00
 106    63.775 55705.07624760 53.26 208.231485  65.102891 18.548 -100.00 -100.00 -100.00
 107    64.389 55714.99189433 24.80 208.222335  65.101841 14.000 -100.00 -100.00 -100.00
 107    64.439 55714.99189492 26.08 208.228304  65.102595 17.008 -100.00 -100.00 -100.00
 107    64.402 55714.99189551 30.14 208.234273  65.103350   -100 -100.00 -100.00 -100.00
 108    63.780 55724.90754289 36.19 208.217984  65.101704   -100 -100.00 -100.00 -100.00
 108    63.677 55724.90754348 35.53 208.223952  65.102459   -100 -100.00 -100.00 -100.00
 108    63.846 55724.90754407 31.94 208.229921  65.103213   -100 -100.00 -100.00 -100.00
 109    63.753 55734.82319014 35.34 208.219662  65.102794   -100 -100.00 -100.00 -100.00
 109    63.941 55734.82319073 33.42 208.225630  65.103549   -100 -100.00 -100.00 -100.00
 109    64.057 55734.82319132 32.87 208.231600  65.104303   -100 -100.00 -100.00 -100.00
 109    64.074 55734.82319191 37.59 208.237569  65.105057   -100 -100.00 -100.00 -100.00
 110   119.147 55744.73883633 12.82 208.223714  65.104112 24.615 -100.00 -100.00 -100.00
 110   118.189 55744.73883692 13.53 208.229683  65.104866   -100 -100.00 -100.00 -100.00
 110   118.723 55744.73883751 19.92 208.235653  65.105620 27.065 -100.00 -100.00 -100.00
 111    64.408 55754.65448038 49.62 208.223250  65.103721  5.201 -100.00 -100.00 -100.00
 111    64.438 55754.65448097 50.04 208.229219  65.104475  3.811 -100.00 -100.00 -100.00
 111    64.443 55754.65448156 51.18 208.235188  65.105229 10.912 -100.00 -100.00 -100.00
 112    64.588 55764.57012158 48.38 208.218531  65.101165   -100 -100.00 -100.00 -100.00
 112    64.554 55764.57012217 50.76 208.224499  65.101920   -100 -100.00 -100.00 -100.00
 112    64.542 55764.57012277 52.86 208.230467  65.102674   -100 -100.00 -100.00 -100.00
 113   113.396 55774.48576003 26.49 208.214687  65.098318 16.611 -100.00 -100.00 -100.00
 113   115.100 55774.48576062 20.51 208.220654  65.099072 20.608 -100.00 -100.00 -100.00
 113   114.911 55774.48576121 26.63 208.226621  65.099827   -100 -100.00 -100.00 -100.00
 114   115.170 55784.40139590 24.48 208.216643  65.097283  7.641 -100.00 -100.00 -100.00
 114   116.259 55784.40139649 28.87 208.222609  65.098037 22.532 -100.00 -100.00 -100.00
 115    64.247 55794.31702933 55.95 208.215578  65.097920  9.116 -100.00 -100.00 -100.00
 115    64.270 55794.31702992 52.28 208.221545  65.098675  0.702 -100.00 -100.00 -100.00
 116    64.791 55804.23266676 50.63 208.216537  65.099507   -100 -100.00 -100.00 -100.00
 116    64.755 55804.23266735 51.10 208.222504  65.100262   -100 -100.00 -100.00 -100.00
 116    64.734 55804.23266794 52.29 208.228471  65.101016   -100 -100.00 -100.00 -100.00
 117    63.749 55814.14831692 39.16 208.221672  65.100979   -100 -100.00 -100.00 -100.00
 117    63.785 55814.14831751 40.61 208.227640  65.101734   -100 -100.00 -100.00 -100.00
 118    63.613 55824.06396393 32.11 208.217584  65.099469 30.888 -100.00 -100.00 -100.00
 118    63.531 55824.06396452 33.22 208.223552  65.100224   -100 -100.00 -100.00 -100.00
 118    63.733 55824.06396511 31.64 208.229520  65.100978 27.239 -100.00 -100.00 -100.00
 119    63.250 55833.97960656 48.38 208.216871  65.097822  0.861 -100.00 -100.00 -100.00
 119    63.371 55833.97960715 54.61 208.222839  65.098577  4.455 -100.00 -100.00 -100.00
 120    63.297 55843.89524525 34.60 208.216179  65.097079 25.018 -100.00 -100.00 -100.00
 120    63.237 55843.89524584 36.64 208.222147  65.097834   -100 -100.00 -100.00 -100.00
 121    63.089 55853.81088111 43.48 208.216468  65.098125   -100 -100.00 -100.00 -100.00
 121    63.127 55853.81088170 49.96 208.222436  65.098880   -100 -100.00 -100.00 -100.00
 122    63.153 55863.72651887 30.55 208.219777  65.100493 14.786 -100.00 -100.00 -100.00
 122    63.115 55863.72651946 31.88 208.225745  65.101247 16.596 -100.00 -100.00 -100.00
 122    63.206 55863.72652005 33.62 208.231714  65.102002 21.768 -100.00 -100.00 -100.00
 123    62.659 55873.64217299 29.28 208.222875  65.102673 19.164 -100.00 -100.00 -100.00
 123    62.869 55873.64217359 32.74 208.228844  65.103427 27.243 -100.00 -100.00 -100.00
 123    62.998 55873.64217418 33.46 208.234813  65.104181 28.689 -100.00 -100.00 -100.00
 133    64.078 55972.79860892 12.50 208.219127  65.098913  4.008 -100.00 -100.00 -100.00
 133    64.170 55972.79860951 12.04 208.225096  65.099668  3.508 -100.00 -100.00 -100.00
 134    64.142 55982.71424496 11.74 208.217887  65.100670  3.917 -100.00 -100.00 -100.00
 134    64.599 55982.71424555 11.38 208.223856  65.101424  3.589 -100.00 -100.00 -100.00
 134    64.208 55982.71424614 11.77 208.229824  65.102178  4.080 -100.00 -100.00 -100.00
 135    64.049 55992.62987927 11.21 208.218160  65.100894  3.395 -100.00 -100.00 -100.00
 135    64.884 55992.62987986 11.65 208.224128  65.101649  3.912 -100.00 -100.00 -100.00
 135    64.574 55992.62988045 11.67 208.230097  65.102403  3.737 -100.00 -100.00 -100.00
 136    64.177 56002.54552732 12.48 208.216525  65.099553  4.670 -100.00 -100.00 -100.00
 136    64.042 56002.54552791 12.29 208.222493  65.100308  5.019 -100.00 -100.00 -100.00
 136    64.235 56002.54552850 12.49 208.228460  65.101062  5.126 -100.00 -100.00 -100.00
 137    65.355 56012.46117690 10.95 208.217996  65.097948  3.404 -100.00 -100.00 -100.00
 137    65.113 56012.46117749 11.15 208.223963  65.098703  3.944 -100.00 -100.00 -100.00
 139    63.093 56032.29246642 36.91 208.218002  65.099410   -100 -100.00 -100.00 -100.00
 139    63.134 56032.29246701 36.32 208.223969  65.100164   -100 -100.00 -100.00 -100.00
 139    63.420 56032.29246760 35.76 208.229937  65.100918   -100 -100.00 -100.00 -100.00
 141   124.686 56052.12374711 19.17 208.221151  65.103624 24.479 -100.00 -100.00 -100.00
 141   128.692 56052.12374770 18.79 208.227120  65.104379 14.412 -100.00 -100.00 -100.00
 141   127.964 56052.12374829 21.68 208.233089  65.105133 25.346 -100.00 -100.00 -100.00
 141   127.336 56052.12374888 24.03 208.239058  65.105886   -100 -100.00 -100.00 -100.00
 142    63.720 56062.03938299 40.37 208.220908  65.103054   -100 -100.00 -100.00 -100.00
 142    63.760 56062.03938358 39.67 208.226877  65.103809   -100 -100.00 -100.00 -100.00
 142    63.688 56062.03938417 37.37 208.232846  65.104563   -100 -100.00 -100.00 -100.00
 143   113.014 56071.95502211 17.16 208.217008  65.101070 13.547 -100.00 -100.00 -100.00
 143   111.757 56071.95502270 23.59 208.222976  65.101825 23.371 -100.00 -100.00 -100.00
 143   111.250 56071.95502329 25.82 208.228945  65.102579   -100 -100.00 -100.00 -100.00
 144    64.429 56081.87067304 53.49 208.222282  65.101597   -100 -100.00 -100.00 -100.00
 144    64.439 56081.87067363 52.96 208.228250  65.102351   -100 -100.00 -100.00 -100.00
 145    64.111 56091.78632085 46.61 208.221446  65.102432   -100 -100.00 -100.00 -100.00
 145    64.537 56091.78632144 47.33 208.227414  65.103186   -100 -100.00 -100.00 -100.00
 145    64.523 56091.78632203 48.03 208.233383  65.103940   -100 -100.00 -100.00 -100.00
 146    64.502 56101.70196655 47.57 208.222826  65.103815   -100 -100.00 -100.00 -100.00
 146    64.588 56101.70196714 48.04 208.228795  65.104569   -100 -100.00 -100.00 -100.00
 146    64.316 56101.70196773 50.68 208.234764  65.105323  6.307 -100.00 -100.00 -100.00
 147    64.499 56111.61759735 35.39 208.219354  65.103050   -100 -100.00 -100.00 -100.00
 147    64.562 56111.61759794 35.23 208.225323  65.103804   -100 -100.00 -100.00 -100.00
 147    64.648 56111.61759853 41.03 208.231291  65.104558   -100 -100.00 -100.00 -100.00
 147    64.312 56111.61759912 41.82 208.237260  65.105312  6.374 -100.00 -100.00 -100.00
 148    64.413 56121.53323629 37.03 208.217167  65.100641   -100 -100.00 -100.00 -100.00
 148    64.583 56121.53323688 41.77 208.223134  65.101395   -100 -100.00 -100.00 -100.00
 148    64.433 56121.53323747 41.53 208.229102  65.102149   -100 -100.00 -100.00 -100.00
 149    64.157 56131.44887168 55.16 208.217412  65.097819 13.378 -100.00 -100.00 -100.00
 149    64.155 56131.44887227 55.18 208.223378  65.098573 17.032 -100.00 -100.00 -100.00
 150    64.293 56141.36450625 52.27 208.211844  65.095867  6.275 -100.00 -100.00 -100.00
 150    64.574 56141.36450684 54.42 208.217810  65.096622  2.552 -100.00 -100.00 -100.00
 151    64.064 56151.28015775 53.66 208.216144  65.098184   -100 -100.00 -100.00 -100.00
 151    64.188 56151.28015834 52.81 208.222111  65.098939  1.486 -100.00 -100.00 -100.00
 152    63.979 56161.19580727 53.92 208.217926  65.100866 13.165 -100.00 -100.00 -100.00
 152    64.306 56161.19580786 53.04 208.223894  65.101621   -100 -100.00 -100.00 -100.00
 152    64.172 56161.19580845 54.82 208.229862  65.102375  4.609 -100.00 -100.00 -100.00
 154   111.898 56181.02709786  7.55 208.217463  65.100548 10.708 -100.00 -100.00 -100.00
 154   112.074 56181.02709845 10.79 208.223431  65.101302 10.554 -100.00 -100.00 -100.00
 154   111.926 56181.02709904 11.88 208.229400  65.102057 15.224 -100.00 -100.00 -100.00
 155    63.917 56190.94273710 53.08 208.218121  65.098654   -100 -100.00 -100.00 -100.00
 155    64.071 56190.94273769 50.62 208.224089  65.099408   -100 -100.00 -100.00 -100.00
 156    63.670 56200.85837311 54.11 208.213879  65.097298   -100 -100.00 -100.00 -100.00
 156    63.789 56200.85837370 53.59 208.219846  65.098052 32.189 -100.00 -100.00 -100.00
 156    63.960 56200.85837429 50.53 208.225814  65.098807 10.590 -100.00 -100.00 -100.00
 157    63.364 56210.77400770 37.02 208.217219  65.099060   -100 -100.00 -100.00 -100.00
 157    63.650 56210.77400829 32.96 208.223187  65.099815 24.220 -100.00 -100.00 -100.00
 157    63.801 56210.77400888 36.55 208.229155  65.100569   -100 -100.00 -100.00 -100.00
 158    63.350 56220.68964016 41.12 208.217812  65.101228 32.350 -100.00 -100.00 -100.00
 158    63.319 56220.68964075 43.33 208.223780  65.101982   -100 -100.00 -100.00 -100.00
 158    63.542 56220.68964134 46.19 208.229748  65.102737   -100 -100.00 -100.00 -100.00
 159    63.271 56230.60529185 36.96 208.223147  65.103867   -100 -100.00 -100.00 -100.00
 159    63.233 56230.60529245 40.00 208.229115  65.104622   -100 -100.00 -100.00 -100.00
 159    63.401 56230.60529304 40.76 208.235085  65.105376   -100 -100.00 -100.00 -100.00
 160    64.179 56240.52094490 36.35 208.223673  65.103945   -100 -100.00 -100.00 -100.00
 160    64.237 56240.52094549 36.02 208.229641  65.104700   -100 -100.00 -100.00 -100.00
 160    64.597 56240.52094608 40.43 208.235610  65.105454   -100 -100.00 -100.00 -100.00
 161    64.239 56250.43659339 26.92 208.218947  65.102491 11.407 -100.00 -100.00 -100.00
 161    64.399 56250.43659398 26.51 208.224915  65.103246 10.477 -100.00 -100.00 -100.00
 161    64.277 56250.43659457 27.31 208.230884  65.104000 13.993 -100.00 -100.00 -100.00
 161    64.395 56250.43659516 30.45 208.236853  65.104754 23.827 -100.00 -100.00 -100.00
 162    64.117 56260.35223753 26.44 208.218414  65.101543 13.964 -100.00 -100.00 -100.00
 162    64.322 56260.35223812 27.47 208.224382  65.102297 16.897 -100.00 -100.00 -100.00
 162    64.431 56260.35223871 25.34 208.230351  65.103051 10.567 -100.00 -100.00 -100.00
 163    64.085 56270.26787941 25.56 208.218979  65.101888 13.899 -100.00 -100.00 -100.00
 163    64.263 56270.26788000 24.79 208.224947  65.102643 11.421 -100.00 -100.00 -100.00
 163    64.224 56270.26788059 25.02 208.230916  65.103397 12.586 -100.00 -100.00 -100.00
 164    64.171 56280.18351985 17.70 208.222097  65.102742  4.693 -100.00 -100.00 -100.00
 164    64.242 56280.18352044 17.72 208.228066  65.103497  5.021 -100.00 -100.00 -100.00
 164    64.330 56280.18352103 17.53 208.234035  65.104251  4.751 -100.00 -100.00 -100.00
 165    64.148 56290.09917151 23.38 208.221314  65.103004 13.516 -100.00 -100.00 -100.00
 165    64.103 56290.09917210 22.77 208.227283  65.103758 12.788 -100.00 -100.00 -100.00
 165    64.271 56290.09917269 22.81 208.233252  65.104512 12.866 -100.00 -100.00 -100.00
 166    64.195 56300.01481967 21.98 208.221927  65.101685 11.448 -100.00 -100.00 -100.00
 166    64.207 56300.01482026 22.69 208.227896  65.102439 11.834 -100.00 -100.00 -100.00
 166    64.269 56300.01482085 21.66 208.233866  65.103193  9.933 -100.00 -100.00 -100.00
 167    64.160 56309.93046322 15.52 208.217461  65.099072  4.579 -100.00 -100.00 -100.00
 167    64.281 56309.93046381 15.17 208.223430  65.099826  4.009 -100.00 -100.00 -100.00
 167    64.368 56309.93046440 15.26 208.229398  65.100580  4.131 -100.00 -100.00 -100.00
 168    64.069 56319.84610467 21.60 208.214998  65.097749 13.161 -100.00 -100.00 -100.00
 168    64.080 56319.84610526 20.99 208.220966  65.098504 10.987 -100.00 -100.00 -100.00
 168    64.168 56319.84610585 20.95 208.226935  65.099258 11.541 -100.00 -100.00 -100.00
 169    64.093 56329.76174562 21.25 208.214940  65.098833 11.614 -100.00 -100.00 -100.00
 169    64.027 56329.76174621 21.61 208.220908  65.099587 11.915 -100.00 -100.00 -100.00
 169    64.224 56329.76174680 21.51 208.226877  65.100342 13.231 -100.00 -100.00 -100.00
 170    64.091 56339.67738612 19.92 208.217656  65.100883  9.888 -100.00 -100.00 -100.00
 170    64.059 56339.67738671 20.42 208.223624  65.101637 11.367 -100.00 -100.00 -100.00
 170    64.101 56339.67738730 20.67 208.229593  65.102391 12.852 -100.00 -100.00 -100.00
 171    63.996 56349.59302420 21.22 208.218389  65.101595 12.016 -100.00 -100.00 -100.00
 171    64.180 56349.59302479 21.39 208.224357  65.102350 13.829 -100.00 -100.00 -100.00
 171    64.145 56349.59302538 21.88 208.230326  65.103104 12.890 -100.00 -100.00 -100.00
 172    64.075 56359.50866025 20.53 208.216484  65.100031 11.191 -100.00 -100.00 -100.00
 172    64.039 56359.50866084 21.25 208.222452  65.100785 12.413 -100.00 -100.00 -100.00
 172    64.234 56359.50866143 21.65 208.228420  65.101540 15.250 -100.00 -100.00 -100.00
 173    64.057 56369.42431056 21.05 208.217745  65.098972 13.635 -100.00 -100.00 -100.00
 173    64.138 56369.42431115 20.36 208.223713  65.099726 12.157 -100.00 -100.00 -100.00
 175    64.064 56389.25560358 24.45 208.218988  65.101002 22.470 -100.00 -100.00 -100.00
 175    63.994 56389.25560417 25.69 208.224956  65.101756 24.972 -100.00 -100.00 -100.00
 175    64.123 56389.25560476 24.80 208.230925  65.102510 26.157 -100.00 -100.00 -100.00
 176    64.147 56399.17124749 16.61 208.222999  65.103673  8.720 -100.00 -100.00 -100.00
 176    64.068 56399.17124808 17.25 208.228968  65.104427  9.919 -100.00 -100.00 -100.00
 176    64.154 56399.17124867 17.04 208.234937  65.105181 10.705 -100.00 -100.00 -100.00
 177    63.975 56409.08688869 37.27 208.225899  65.105089   -100 -100.00 -100.00 -100.00
 177    64.041 56409.08688928 36.14 208.231869  65.105843   -100 -100.00 -100.00 -100.00
 177    64.266 56409.08688987 32.09 208.237838  65.106597 29.480 -100.00 -100.00 -100.00
 178    64.116 56419.00252451 40.24 208.220702  65.103720   -100 -100.00 -100.00 -100.00
 178    64.120 56419.00252510 36.73 208.226671  65.104475   -100 -100.00 -100.00 -100.00
 178    64.583 56419.00252569 33.28 208.232640  65.105229 24.753 -100.00 -100.00 -100.00
 178    64.438 56419.00252628 34.14 208.238610  65.105983 29.538 -100.00 -100.00 -100.00
 179   113.157 56428.91815823  3.02 208.219051  65.101977  9.404 -100.00 -100.00 -100.00
 179   113.142 56428.91815882 10.34 208.225020  65.102732 15.257 -100.00 -100.00 -100.00
 179   113.518 56428.91815941 16.44 208.230989  65.103486 10.858 -100.00 -100.00 -100.00
 181    65.356 56448.74946325 26.60 208.222087  65.102668  8.867 -100.00 -100.00 -100.00
 181    65.573 56448.74946384 27.81 208.228056  65.103422  9.635 -100.00 -100.00 -100.00
 181    65.588 56448.74946443 28.91 208.234025  65.104176 11.037 -100.00 -100.00 -100.00
 183    64.306 56468.58075729 35.52 208.218257  65.101993   -100 -100.00 -100.00 -100.00
 183    64.364 56468.58075788 35.78 208.224225  65.102747   -100 -100.00 -100.00 -100.00
 183    64.425 56468.58075847 37.66 208.230193  65.103501   -100 -100.00 -100.00 -100.00
 183    64.489 56468.58075906 39.03 208.236162  65.104255   -100 -100.00 -100.00 -100.00
 184    64.638 56478.49639899 54.13 208.220434  65.101062   -100 -100.00 -100.00 -100.00
 184    64.559 56478.49639958 53.29 208.226401  65.101816   -100 -100.00 -100.00 -100.00
 184    65.159 56478.49640017 53.73 208.232370  65.102570   -100 -100.00 -100.00 -100.00
 185    64.299 56488.41203609 51.71 208.215407  65.098920   -100 -100.00 -100.00 -100.00
 185    64.833 56488.41203668 51.80 208.221374  65.099675   -100 -100.00 -100.00 -100.00
 185    64.561 56488.41203727 54.07 208.227341  65.100429   -100 -100.00 -100.00 -100.00
 187    64.545 56508.24330516 48.86 208.214022  65.098486   -100 -100.00 -100.00 -100.00
 187    64.624 56508.24330575 52.00 208.219989  65.099241  2.928 -100.00 -100.00 -100.00
 187    64.541 56508.24330634 50.99 208.225957  65.099996 12.576 -100.00 -100.00 -100.00
 188    64.583 56518.15894432 52.26 208.217326  65.099789   -100 -100.00 -100.00 -100.00
 188    64.479 56518.15894491 50.89 208.223294  65.100544   -100 -100.00 -100.00 -100.00
 188    64.765 56518.15894550 52.54 208.229261  65.101298   -100 -100.00 -100.00 -100.00
 189    64.293 56528.07459872 53.48 208.218943  65.100787  3.327 -100.00 -100.00 -100.00
 189    64.454 56528.07459931 55.01 208.224911  65.101541  8.095 -100.00 -100.00 -100.00
 189    64.533 56528.07459990 55.14 208.230879  65.102296  8.607 -100.00 -100.00 -100.00
 190    63.839 56537.99024866 34.87 208.218931  65.100677   -100 -100.00 -100.00 -100.00
 190    64.137 56537.99024925 33.26 208.224900  65.101432 27.126 -100.00 -100.00 -100.00
 190    64.227 56537.99024984 33.26 208.230868  65.102186 28.835 -100.00 -100.00 -100.00
 191   128.776 56547.90589443 26.58 208.217543  65.099958 31.074 -100.00 -100.00 -100.00
 191   128.399 56547.90589502 24.53 208.223512  65.100712 21.320 -100.00 -100.00 -100.00
 191   124.684 56547.90589561 22.13 208.229480  65.101466   -100 -100.00 -100.00 -100.00
 192    63.987 56557.82153799 44.79 208.219729  65.100635   -100 -100.00 -100.00 -100.00
 192    64.039 56557.82153858 37.25 208.225697  65.101389   -100 -100.00 -100.00 -100.00
 192    63.945 56557.82153917 39.14 208.231666  65.102143   -100 -100.00 -100.00 -100.00
 193    63.399 56567.73718033 47.55 208.218318  65.101647   -100 -100.00 -100.00 -100.00
 193    63.579 56567.73718092 45.86 208.224287  65.102401   -100 -100.00 -100.00 -100.00
 193    63.671 56567.73718151 51.13 208.230256  65.103155  1.975 -100.00 -100.00 -100.00
 194   114.437 56577.65282192 11.67 208.222698  65.103712  7.621 -100.00 -100.00 -100.00
 194   114.358 56577.65282251 11.32 208.228667  65.104466  8.040 -100.00 -100.00 -100.00
 194   115.000 56577.65282310 12.54 208.234637  65.105220 12.380 -100.00 -100.00 -100.00
 195    63.465 56587.56845925 43.14 208.220897  65.103856   -100 -100.00 -100.00 -100.00
 195    63.702 56587.56845984 45.98 208.226866  65.104610   -100 -100.00 -100.00 -100.00
 195    63.319 56587.56846043 46.68 208.232835  65.105364   -100 -100.00 -100.00 -100.00
 195    63.659 56587.56846102 47.61 208.238805  65.106118   -100 -100.00 -100.00 -100.00
 196    63.367 56597.48410073 43.54 208.223561  65.103625   -100 -100.00 -100.00 -100.00
 196    63.588 56597.48410132 44.73 208.229530  65.104379   -100 -100.00 -100.00 -100.00
 196    63.591 56597.48410191 43.79 208.235499  65.105134   -100 -100.00 -100.00 -100.00
 197    62.998 56607.39975191 32.52 208.220019  65.102661 29.500 -100.00 -100.00 -100.00
 197    63.234 56607.39975250 34.86 208.225987  65.103416   -100 -100.00 -100.00 -100.00
 197    63.126 56607.39975309 36.36 208.231956  65.104170 32.362 -100.00 -100.00 -100.00
 198    63.809 56617.31539867 25.87 208.220988  65.102604 13.964 -100.00 -100.00 -100.00
 198    63.984 56617.31539926 28.97 208.226957  65.103358 24.815 -100.00 -100.00 -100.00
 198    64.258 56617.31539985 26.55 208.232926  65.104112 15.808 -100.00 -100.00 -100.00
 199    63.897 56627.23104194 19.10 208.220591  65.102515  7.602 -100.00 -100.00 -100.00
 199    64.144 56627.23104254 18.50 208.226560  65.103269  5.977 -100.00 -100.00 -100.00
 199    64.115 56627.23104313 18.50 208.232529  65.104023  5.552 -100.00 -100.00 -100.00
 200    64.070 56637.14668245 20.76 208.220353  65.102116  5.974 -100.00 -100.00 -100.00
 200    64.143 56637.14668304 20.55 208.226322  65.102871  5.871 -100.00 -100.00 -100.00
 200    64.226 56637.14668363 20.47 208.232291  65.103625  5.704 -100.00 -100.00 -100.00
 201    64.232 56647.06232399 17.98 208.219861  65.100966  4.414 -100.00 -100.00 -100.00
 201    64.231 56647.06232458 18.32 208.225829  65.101721  5.836 -100.00 -100.00 -100.00
 201    64.457 56647.06232517 18.19 208.231798  65.102475  5.040 -100.00 -100.00 -100.00
 202    63.882 56656.97797565 18.15 208.215779  65.099642  6.941 -100.00 -100.00 -100.00
 202    64.032 56656.97797624 18.65 208.221748  65.100396  7.069 -100.00 -100.00 -100.00
 202    64.323 56656.97797683 17.83 208.227716  65.101151  6.208 -100.00 -100.00 -100.00
 203    64.103 56666.89362343 19.08 208.216445  65.099129  7.504 -100.00 -100.00 -100.00
 203    64.022 56666.89362403 19.92 208.222413  65.099884  8.996 -100.00 -100.00 -100.00
 203    64.285 56666.89362462 18.05 208.228382  65.100638  6.831 -100.00 -100.00 -100.00
 205    64.059 56686.72491304 20.40 208.221206  65.101224  8.408 -100.00 -100.00 -100.00
 205    64.120 56686.72491364 19.65 208.227175  65.101978  7.620 -100.00 -100.00 -100.00
 205    64.351 56686.72491423 18.97 208.233144  65.102732  6.735 -100.00 -100.00 -100.00
 206    64.035 56696.64055462 19.69 208.217603  65.101248  7.279 -100.00 -100.00 -100.00
 206    64.151 56696.64055521 19.33 208.223571  65.102002  6.930 -100.00 -100.00 -100.00
 206    64.565 56696.64055580 17.75 208.229540  65.102756  5.540 -100.00 -100.00 -100.00
 207    64.062 56706.55619204 18.64 208.219001  65.100822  5.944 -100.00 -100.00 -100.00
 207    64.330 56706.55619263 18.38 208.224969  65.101576  6.298 -100.00 -100.00 -100.00
 207    64.512 56706.55619322 17.95 208.230937  65.102330  5.612 -100.00 -100.00 -100.00
 208    63.902 56716.47182553 19.22 208.214855  65.099250  8.288 -100.00 -100.00 -100.00
 208    64.013 56716.47182612 18.27 208.220822  65.100005  6.706 -100.00 -100.00 -100.00
 208    64.196 56716.47182671 18.23 208.226790  65.100759  6.823 -100.00 -100.00 -100.00
 212    64.276 56756.13441676 22.73 208.226211  65.105144 11.628 -100.00 -100.00 -100.00
 212    64.382 56756.13441735 22.15 208.232180  65.105898 11.701 -100.00 -100.00 -100.00
 212    64.330 56756.13441794 23.56 208.238150  65.106651 15.093 -100.00 -100.00 -100.00
 213    63.579 56766.05005234 42.51 208.224135  65.104044   -100 -100.00 -100.00 -100.00
 213    63.754 56766.05005293 40.59 208.230105  65.104798   -100 -100.00 -100.00 -100.00
 213    63.585 56766.05005353 39.92 208.236074  65.105552   -100 -100.00 -100.00 -100.00
 214   111.988 56775.96569241  5.39 208.219505  65.102350 13.386 -100.00 -100.00 -100.00
 214   112.220 56775.96569300 18.80 208.225474  65.103105 14.822 -100.00 -100.00 -100.00
 214   113.794 56775.96569360 14.64 208.231443  65.103859  8.411 -100.00 -100.00 -100.00
 215    63.873 56785.88134897 49.01 208.219090  65.102607   -100 -100.00 -100.00 -100.00
 215    63.978 56785.88134956 46.32 208.225058  65.103361 19.430 -100.00 -100.00 -100.00
 215    64.085 56785.88135015 40.81 208.231028  65.104115   -100 -100.00 -100.00 -100.00
 215    64.155 56785.88135074 41.39 208.236997  65.104869   -100 -100.00 -100.00 -100.00
 216    63.645 56795.79700223 40.92 208.222040  65.103800 15.025 -100.00 -100.00 -100.00
 216    63.694 56795.79700282 36.29 208.228009  65.104554   -100 -100.00 -100.00 -100.00
 216    63.693 56795.79700341 36.67 208.233979  65.105308   -100 -100.00 -100.00 -100.00
 217    63.851 56805.71265103 42.47 208.224092  65.104517   -100 -100.00 -100.00 -100.00
 217    63.493 56805.71265162 45.21 208.230061  65.105271   -100 -100.00 -100.00 -100.00
 217    64.053 56805.71265221 46.70 208.236031  65.106025   -100 -100.00 -100.00 -100.00
 219    64.066 56825.54393049 47.86 208.217275  65.100745   -100 -100.00 -100.00 -100.00
 219    63.829 56825.54393108 49.67 208.223243  65.101499   -100 -100.00 -100.00 -100.00
 219    64.183 56825.54393167 46.58 208.229211  65.102253   -100 -100.00 -100.00 -100.00
 221    64.937 56845.37519686 40.44 208.219025  65.098909 23.483 -100.00 -100.00 -100.00
 221    65.106 56845.37519745 43.94 208.224991  65.099663   -100 -100.00 -100.00 -100.00
 222    64.517 56855.29084334 49.52 208.216696  65.099859  5.845 -100.00 -100.00 -100.00
 222    64.663 56855.29084393 51.39 208.222663  65.100614  1.326 -100.00 -100.00 -100.00
 222    64.639 56855.29084452 47.27 208.228631  65.101368   -100 -100.00 -100.00 -100.00
 225    64.441 56885.03779992 35.58 208.222183  65.101891 30.244 -100.00 -100.00 -100.00
 225    64.478 56885.03780051 36.42 208.228152  65.102645 29.487 -100.00 -100.00 -100.00
 225    64.409 56885.03780110 40.24 208.234121  65.103399   -100 -100.00 -100.00 -100.00
 226    64.418 56894.95344600 43.91 208.217250  65.100781   -100 -100.00 -100.00 -100.00
 226    64.429 56894.95344659 43.05 208.223219  65.101535   -100 -100.00 -100.00 -100.00
 226    64.578 56894.95344718 46.33 208.229188  65.102289   -100 -100.00 -100.00 -100.00
 227    64.468 56904.86908992 53.19 208.221683  65.101967   -100 -100.00 -100.00 -100.00
 227    64.500 56904.86909051 53.34 208.227652  65.102721  7.265 -100.00 -100.00 -100.00
 227    64.398 56904.86909110 46.91 208.233621  65.103474   -100 -100.00 -100.00 -100.00
 228   114.347 56914.78473137 20.30 208.222365  65.103713 18.318 -100.00 -100.00 -100.00
 228   113.798 56914.78473196 24.87 208.228335  65.104467 23.983 -100.00 -100.00 -100.00
 228   114.072 56914.78473255 18.56 208.234305  65.105220 20.409 -100.00 -100.00 -100.00
 229   125.438 56924.70037106 12.42 208.223717  65.105318 15.165 -100.00 -100.00 -100.00
 229   124.759 56924.70037165 15.42 208.229687  65.106072 17.673 -100.00 -100.00 -100.00
 229   128.072 56924.70037224 15.57 208.235657  65.106826 12.198 -100.00 -100.00 -100.00
 229   128.669 56924.70037283 21.77 208.241627  65.107579 21.945 -100.00 -100.00 -100.00
 230    63.987 56934.61600787 32.23 208.225358  65.105612 23.169 -100.00 -100.00 -100.00
 230    63.749 56934.61600846 32.38 208.231327  65.106366 29.902 -100.00 -100.00 -100.00
 230    63.566 56934.61600905 34.59 208.237297  65.107120   -100 -100.00 -100.00 -100.00
 231    63.463 56944.53163903 43.56 208.224337  65.103903   -100 -100.00 -100.00 -100.00
 231    63.458 56944.53163962 43.16 208.230305  65.104658   -100 -100.00 -100.00 -100.00
 231    63.519 56944.53164021 42.91 208.236275  65.105412   -100 -100.00 -100.00 -100.00
 232    63.173 56954.44728748 42.78 208.220296  65.102022   -100 -100.00 -100.00 -100.00
 232    63.462 56954.44728807 40.89 208.226264  65.102776   -100 -100.00 -100.00 -100.00
 232    63.747 56954.44728867 44.73 208.232232  65.103530   -100 -100.00 -100.00 -100.00
 233    62.993 56964.36293707 28.59 208.217802  65.101413 15.008 -100.00 -100.00 -100.00
 233    63.529 56964.36293766 28.56 208.223769  65.102167 13.579 -100.00 -100.00 -100.00
 233    63.507 56964.36293825 29.52 208.229738  65.102921 14.172 -100.00 -100.00 -100.00
 234    63.834 56974.27858282 41.18 208.222517  65.102925   -100 -100.00 -100.00 -100.00
 234    63.952 56974.27858341 41.01 208.228486  65.103679   -100 -100.00 -100.00 -100.00
 234    63.981 56974.27858400 38.05 208.234455  65.104433   -100 -100.00 -100.00 -100.00
 235    64.031 56984.19422364 29.66 208.221691  65.103611 11.314 -100.00 -100.00 -100.00
 235    63.916 56984.19422423 30.01 208.227660  65.104365 12.410 -100.00 -100.00 -100.00
 235    64.227 56984.19422482 30.26 208.233629  65.105119 12.901 -100.00 -100.00 -100.00
 236    63.940 56994.10985916 21.69 208.218791  65.102276  5.146 -100.00 -100.00 -100.00
 236    64.077 56994.10985975 22.70 208.224760  65.103031  7.054 -100.00 -100.00 -100.00
 236    64.258 56994.10986034 21.40 208.230729  65.103785  5.176 -100.00 -100.00 -100.00
 236    64.244 56994.10986093 21.63 208.236698  65.104539  5.604 -100.00 -100.00 -100.00
 237    63.880 57004.02549742 24.83 208.216586  65.099545 12.703 -100.00 -100.00 -100.00
 237    64.033 57004.02549801 22.95 208.222554  65.100300  9.447 -100.00 -100.00 -100.00
 237    64.269 57004.02549860 23.17 208.228522  65.101055  9.003 -100.00 -100.00 -100.00
 238    63.759 57013.94115341 24.12 208.216169  65.098070 12.376 -100.00 -100.00 -100.00
 238    63.989 57013.94115400 22.70 208.222137  65.098825  9.200 -100.00 -100.00 -100.00
 239    63.785 57023.85680426 19.13 208.213929  65.098097  6.231 -100.00 -100.00 -100.00
 239    65.880 57023.85680485 18.60 208.219897  65.098851  5.141 -100.00 -100.00 -100.00
 239    64.421 57023.85680544 18.84 208.225866  65.099606  5.610 -100.00 -100.00 -100.00
 240    63.891 57033.77245373 22.02 208.221934  65.101320 10.534 -100.00 -100.00 -100.00
 240    64.051 57033.77245432 20.98 208.227903  65.102074  9.716 -100.00 -100.00 -100.00
 241    63.857 57043.68810023 21.61 208.224542  65.103438 10.908 -100.00 -100.00 -100.00
 241    64.237 57043.68810082 20.23 208.230511  65.104192  7.882 -100.00 -100.00 -100.00
 241    64.230 57043.68810141 20.76 208.236481  65.104946  8.514 -100.00 -100.00 -100.00
